   4000.00000   6.93351329E-002
   3998.66622   6.94678783E-002
   3997.33244   6.96011133E-002
   3995.99867   6.97348407E-002
   3994.66489   6.98690632E-002
   3993.33111   7.00037837E-002
   3991.99733   7.01390049E-002
   3990.66355   7.02747298E-002
   3989.32978   7.04109612E-002
   3987.99600   7.05477021E-002
   3986.66222   7.06849553E-002
   3985.32844   7.08227239E-002
   3983.99466   7.09610107E-002
   3982.66089   7.10998188E-002
   3981.32711   7.12391511E-002
   3979.99333   7.13790108E-002
   3978.65955   7.15194009E-002
   3977.32578   7.16603244E-002
   3975.99200   7.18017845E-002
   3974.65822   7.19437843E-002
   3973.32444   7.20863270E-002
   3971.99066   7.22294157E-002
   3970.65689   7.23730537E-002
   3969.32311   7.25172442E-002
   3967.98933   7.26619904E-002
   3966.65555   7.28072956E-002
   3965.32177   7.29531632E-002
   3963.98800   7.30995965E-002
   3962.65422   7.32465987E-002
   3961.32044   7.33941734E-002
   3959.98666   7.35423239E-002
   3958.65288   7.36910537E-002
   3957.31911   7.38403663E-002
   3955.98533   7.39902651E-002
   3954.65155   7.41407536E-002
   3953.31777   7.42918354E-002
   3951.98399   7.44435141E-002
   3950.65022   7.45957934E-002
   3949.31644   7.47486767E-002
   3947.98266   7.49021679E-002
   3946.64888   7.50562706E-002
   3945.31511   7.52109884E-002
   3943.98133   7.53663253E-002
   3942.64755   7.55222849E-002
   3941.31377   7.56788712E-002
   3939.97999   7.58360878E-002
   3938.64622   7.59939387E-002
   3937.31244   7.61524279E-002
   3935.97866   7.63115593E-002
   3934.64488   7.64713367E-002
   3933.31110   7.66317643E-002
   3931.97733   7.67928462E-002
   3930.64355   7.69545862E-002
   3929.30977   7.71169886E-002
   3927.97599   7.72800576E-002
   3926.64221   7.74437972E-002
   3925.30844   7.76082117E-002
   3923.97466   7.77733054E-002
   3922.64088   7.79390825E-002
   3921.30710   7.81055473E-002
   3919.97332   7.82727041E-002
   3918.63955   7.84405575E-002
   3917.30577   7.86091118E-002
   3915.97199   7.87783714E-002
   3914.63821   7.89483409E-002
   3913.30443   7.91190248E-002
   3911.97066   7.92904276E-002
   3910.63688   7.94625541E-002
   3909.30310   7.96354088E-002
   3907.96932   7.98089964E-002
   3906.63555   7.99833217E-002
   3905.30177   8.01583894E-002
   3903.96799   8.03342044E-002
   3902.63421   8.05107715E-002
   3901.30043   8.06880956E-002
   3899.96666   8.08661817E-002
   3898.63288   8.10450347E-002
   3897.29910   8.12246596E-002
   3895.96532   8.14050616E-002
   3894.63154   8.15862457E-002
   3893.29777   8.17682171E-002
   3891.96399   8.19509810E-002
   3890.63021   8.21345426E-002
   3889.29643   8.23189072E-002
   3887.96265   8.25040803E-002
   3886.62888   8.26900670E-002
   3885.29510   8.28768730E-002
   3883.96132   8.30645036E-002
   3882.62754   8.32529645E-002
   3881.29376   8.34422611E-002
   3879.95999   8.36323991E-002
   3878.62621   8.38233841E-002
   3877.29243   8.40152220E-002
   3875.95865   8.42079185E-002
   3874.62487   8.44014793E-002
   3873.29110   8.45959105E-002
   3871.95732   8.47912179E-002
   3870.62354   8.49874075E-002
   3869.28976   8.51844853E-002
   3867.95599   8.53824575E-002
   3866.62221   8.55813302E-002
   3865.28843   8.57811096E-002
   3863.95465   8.59818020E-002
   3862.62087   8.61834137E-002
   3861.28710   8.63859510E-002
   3859.95332   8.65894204E-002
   3858.61954   8.67938285E-002
   3857.28576   8.69991816E-002
   3855.95198   8.72054866E-002
   3854.61821   8.74127500E-002
   3853.28443   8.76209785E-002
   3851.95065   8.78301790E-002
   3850.61687   8.80403584E-002
   3849.28309   8.82515235E-002
   3847.94932   8.84636813E-002
   3846.61554   8.86768389E-002
   3845.28176   8.88910035E-002
   3843.94798   8.91061822E-002
   3842.61420   8.93223822E-002
   3841.28043   8.95396109E-002
   3839.94665   8.97578756E-002
   3838.61287   8.99771839E-002
   3837.27909   9.01975433E-002
   3835.94532   9.04189613E-002
   3834.61154   9.06414456E-002
   3833.27776   9.08650040E-002
   3831.94398   9.10896443E-002
   3830.61020   9.13153744E-002
   3829.27643   9.15422023E-002
   3827.94265   9.17701360E-002
   3826.60887   9.19991836E-002
   3825.27509   9.22293534E-002
   3823.94131   9.24606536E-002
   3822.60754   9.26930926E-002
   3821.27376   9.29266788E-002
   3819.93998   9.31614207E-002
   3818.60620   9.33973270E-002
   3817.27242   9.36344064E-002
   3815.93865   9.38726676E-002
   3814.60487   9.41121194E-002
   3813.27109   9.43527709E-002
   3811.93731   9.45946311E-002
   3810.60353   9.48377091E-002
   3809.26976   9.50820141E-002
   3807.93598   9.53275555E-002
   3806.60220   9.55743425E-002
   3805.26842   9.58223848E-002
   3803.93464   9.60716919E-002
   3802.60087   9.63222735E-002
   3801.26709   9.65741394E-002
   3799.93331   9.68272994E-002
   3798.59953   9.70817636E-002
   3797.26576   9.73375419E-002
   3795.93198   9.75946447E-002
   3794.59820   9.78530821E-002
   3793.26442   9.81128646E-002
   3791.93064   9.83740027E-002
   3790.59687   9.86365070E-002
   3789.26309   9.89003881E-002
   3787.92931   9.91656569E-002
   3786.59553   9.94323243E-002
   3785.26175   9.97004014E-002
   3783.92798   9.99698993E-002
   3782.59420   1.00240829E-001
   3781.26042   1.00513203E-001
   3779.92664   1.00787031E-001
   3778.59286   1.01062326E-001
   3777.25909   1.01339100E-001
   3775.92531   1.01617363E-001
   3774.59153   1.01897129E-001
   3773.25775   1.02178410E-001
   3771.92397   1.02461216E-001
   3770.59020   1.02745562E-001
   3769.25642   1.03031459E-001
   3767.92264   1.03318921E-001
   3766.58886   1.03607959E-001
   3765.25509   1.03898587E-001
   3763.92131   1.04190818E-001
   3762.58753   1.04484665E-001
   3761.25375   1.04780142E-001
   3759.91997   1.05077261E-001
   3758.58620   1.05376037E-001
   3757.25242   1.05676482E-001
   3755.91864   1.05978613E-001
   3754.58486   1.06282441E-001
   3753.25108   1.06587982E-001
   3751.91731   1.06895249E-001
   3750.58353   1.07204258E-001
   3749.24975   1.07515023E-001
   3747.91597   1.07827558E-001
   3746.58219   1.08141880E-001
   3745.24842   1.08458003E-001
   3743.91464   1.08775942E-001
   3742.58086   1.09095713E-001
   3741.24708   1.09417332E-001
   3739.91330   1.09740814E-001
   3738.57953   1.10066175E-001
   3737.24575   1.10393433E-001
   3735.91197   1.10722602E-001
   3734.57819   1.11053701E-001
   3733.24441   1.11386745E-001
   3731.91064   1.11721751E-001
   3730.57686   1.12058737E-001
   3729.24308   1.12397720E-001
   3727.90930   1.12738718E-001
   3726.57553   1.13081747E-001
   3725.24175   1.13426828E-001
   3723.90797   1.13773976E-001
   3722.57419   1.14123211E-001
   3721.24041   1.14474552E-001
   3719.90664   1.14828017E-001
   3718.57286   1.15183625E-001
   3717.23908   1.15541396E-001
   3715.90530   1.15901348E-001
   3714.57152   1.16263502E-001
   3713.23775   1.16627877E-001
   3711.90397   1.16994495E-001
   3710.57019   1.17363374E-001
   3709.23641   1.17734536E-001
   3707.90263   1.18108001E-001
   3706.56886   1.18483791E-001
   3705.23508   1.18861927E-001
   3703.90130   1.19242431E-001
   3702.56752   1.19625324E-001
   3701.23374   1.20010629E-001
   3699.89997   1.20398368E-001
   3698.56619   1.20788564E-001
   3697.23241   1.21181240E-001
   3695.89863   1.21576418E-001
   3694.56485   1.21974124E-001
   3693.23108   1.22374379E-001
   3691.89730   1.22777209E-001
   3690.56352   1.23182638E-001
   3689.22974   1.23590691E-001
   3687.89597   1.24001392E-001
   3686.56219   1.24414766E-001
   3685.22841   1.24830841E-001
   3683.89463   1.25249641E-001
   3682.56085   1.25671192E-001
   3681.22708   1.26095522E-001
   3679.89330   1.26522656E-001
   3678.55952   1.26952624E-001
   3677.22574   1.27385451E-001
   3675.89196   1.27821166E-001
   3674.55819   1.28259798E-001
   3673.22441   1.28701375E-001
   3671.89063   1.29145926E-001
   3670.55685   1.29593480E-001
   3669.22307   1.30044067E-001
   3667.88930   1.30497718E-001
   3666.55552   1.30954462E-001
   3665.22174   1.31414332E-001
   3663.88796   1.31877358E-001
   3662.55418   1.32343571E-001
   3661.22041   1.32813005E-001
   3659.88663   1.33285692E-001
   3658.55285   1.33761664E-001
   3657.21907   1.34240956E-001
   3655.88530   1.34723600E-001
   3654.55152   1.35209632E-001
   3653.21774   1.35699086E-001
   3651.88396   1.36191998E-001
   3650.55018   1.36688403E-001
   3649.21641   1.37188337E-001
   3647.88263   1.37691837E-001
   3646.54885   1.38198941E-001
   3645.21507   1.38709685E-001
   3643.88129   1.39224109E-001
   3642.54752   1.39742250E-001
   3641.21374   1.40264149E-001
   3639.87996   1.40789844E-001
   3638.54618   1.41319376E-001
   3637.21240   1.41852787E-001
   3635.87863   1.42390117E-001
   3634.54485   1.42931408E-001
   3633.21107   1.43476704E-001
   3631.87729   1.44026046E-001
   3630.54351   1.44579480E-001
   3629.20974   1.45137049E-001
   3627.87596   1.45698799E-001
   3626.54218   1.46264774E-001
   3625.20840   1.46835022E-001
   3623.87462   1.47409590E-001
   3622.54085   1.47988524E-001
   3621.20707   1.48571873E-001
   3619.87329   1.49159687E-001
   3618.53951   1.49752015E-001
   3617.20574   1.50348906E-001
   3615.87196   1.50950414E-001
   3614.53818   1.51556588E-001
   3613.20440   1.52167483E-001
   3611.87062   1.52783151E-001
   3610.53685   1.53403646E-001
   3609.20307   1.54029024E-001
   3607.86929   1.54659340E-001
   3606.53551   1.55294651E-001
   3605.20173   1.55935014E-001
   3603.86796   1.56580488E-001
   3602.53418   1.57231131E-001
   3601.20040   1.57887004E-001
   3599.86662   1.58548168E-001
   3598.53284   1.59214684E-001
   3597.19907   1.59886616E-001
   3595.86529   1.60564027E-001
   3594.53151   1.61246981E-001
   3593.19773   1.61935545E-001
   3591.86395   1.62629785E-001
   3590.53018   1.63329769E-001
   3589.19640   1.64035566E-001
   3587.86262   1.64747246E-001
   3586.52884   1.65464878E-001
   3585.19507   1.66188537E-001
   3583.86129   1.66918294E-001
   3582.52751   1.67654223E-001
   3581.19373   1.68396402E-001
   3579.85995   1.69144905E-001
   3578.52618   1.69899811E-001
   3577.19240   1.70661199E-001
   3575.85862   1.71429150E-001
   3574.52484   1.72203745E-001
   3573.19106   1.72985066E-001
   3571.85729   1.73773199E-001
   3570.52351   1.74568229E-001
   3569.18973   1.75370243E-001
   3567.85595   1.76179330E-001
   3566.52217   1.76995579E-001
   3565.18840   1.77819082E-001
   3563.85462   1.78649932E-001
   3562.52084   1.79488223E-001
   3561.18706   1.80334052E-001
   3559.85328   1.81187515E-001
   3558.51951   1.82048713E-001
   3557.18573   1.82917745E-001
   3555.85195   1.83794715E-001
   3554.51817   1.84679728E-001
   3553.18439   1.85572888E-001
   3551.85062   1.86474304E-001
   3550.51684   1.87384087E-001
   3549.18306   1.88302347E-001
   3547.84928   1.89229198E-001
   3546.51551   1.90164755E-001
   3545.18173   1.91109137E-001
   3543.84795   1.92062463E-001
   3542.51417   1.93024854E-001
   3541.18039   1.93996435E-001
   3539.84662   1.94977331E-001
   3538.51284   1.95967670E-001
   3537.17906   1.96967584E-001
   3535.84528   1.97977205E-001
   3534.51150   1.98996669E-001
   3533.17773   2.00026112E-001
   3531.84395   2.01065675E-001
   3530.51017   2.02115502E-001
   3529.17639   2.03175736E-001
   3527.84261   2.04246527E-001
   3526.50884   2.05328025E-001
   3525.17506   2.06420383E-001
   3523.84128   2.07523758E-001
   3522.50750   2.08638308E-001
   3521.17372   2.09764197E-001
   3519.83995   2.10901589E-001
   3518.50617   2.12050653E-001
   3517.17239   2.13211560E-001
   3515.83861   2.14384485E-001
   3514.50483   2.15569606E-001
   3513.17106   2.16767105E-001
   3511.83728   2.17977166E-001
   3510.50350   2.19199979E-001
   3509.16972   2.20435736E-001
   3507.83595   2.21684631E-001
   3506.50217   2.22946867E-001
   3505.16839   2.24222645E-001
   3503.83461   2.25512175E-001
   3502.50083   2.26815668E-001
   3501.16706   2.28133339E-001
   3499.83328   2.29465410E-001
   3498.49950   2.30812106E-001
   3497.16572   2.32173656E-001
   3495.83194   2.33550293E-001
   3494.49817   2.34942258E-001
   3493.16439   2.36349793E-001
   3491.83061   2.37773148E-001
   3490.49683   2.39212577E-001
   3489.16305   2.40668338E-001
   3487.82928   2.42140696E-001
   3486.49550   2.43629922E-001
   3485.16172   2.45136291E-001
   3483.82794   2.46660086E-001
   3482.49416   2.48201593E-001
   3481.16039   2.49761107E-001
   3479.82661   2.51338927E-001
   3478.49283   2.52935361E-001
   3477.15905   2.54550722E-001
   3475.82528   2.56185330E-001
   3474.49150   2.57839512E-001
   3473.15772   2.59513602E-001
   3471.82394   2.61207942E-001
   3470.49016   2.62922882E-001
   3469.15639   2.64658779E-001
   3467.82261   2.66415997E-001
   3466.48883   2.68194911E-001
   3465.15505   2.69995902E-001
   3463.82127   2.71819361E-001
   3462.48750   2.73665687E-001
   3461.15372   2.75535290E-001
   3459.81994   2.77428587E-001
   3458.48616   2.79346007E-001
   3457.15238   2.81287988E-001
   3455.81861   2.83254978E-001
   3454.48483   2.85247436E-001
   3453.15105   2.87265832E-001
   3451.81727   2.89310648E-001
   3450.48349   2.91382376E-001
   3449.14972   2.93481520E-001
   3447.81594   2.95608599E-001
   3446.48216   2.97764142E-001
   3445.14838   2.99948691E-001
   3443.81460   3.02162804E-001
   3442.48083   3.04407049E-001
   3441.14705   3.06682011E-001
   3439.81327   3.08988290E-001
   3438.47949   3.11326499E-001
   3437.14572   3.13697269E-001
   3435.81194   3.16101246E-001
   3434.47816   3.18539092E-001
   3433.14438   3.21011489E-001
   3431.81060   3.23519133E-001
   3430.47683   3.26062740E-001
   3429.14305   3.28643046E-001
   3427.80927   3.31260806E-001
   3426.47549   3.33916794E-001
   3425.14171   3.36611807E-001
   3423.80794   3.39346661E-001
   3422.47416   3.42122196E-001
   3421.14038   3.44939275E-001
   3419.80660   3.47798784E-001
   3418.47282   3.50701635E-001
   3417.13905   3.53648765E-001
   3415.80527   3.56641136E-001
   3414.47149   3.59679740E-001
   3413.13771   3.62765595E-001
   3411.80393   3.65899750E-001
   3410.47016   3.69083282E-001
   3409.13638   3.72317302E-001
   3407.80260   3.75602953E-001
   3406.46882   3.78941411E-001
   3405.13505   3.82333887E-001
   3403.80127   3.85781629E-001
   3402.46749   3.89285923E-001
   3401.13371   3.92848093E-001
   3399.79993   3.96469505E-001
   3398.46616   4.00151565E-001
   3397.13238   4.03895725E-001
   3395.79860   4.07703481E-001
   3394.46482   4.11576378E-001
   3393.13104   4.15516008E-001
   3391.79727   4.19524015E-001
   3390.46349   4.23602097E-001
   3389.12971   4.27752006E-001
   3387.79593   4.31975551E-001
   3386.46215   4.36274602E-001
   3385.12838   4.40651092E-001
   3383.79460   4.45107017E-001
   3382.46082   4.49644443E-001
   3381.12704   4.54265503E-001
   3379.79326   4.58972408E-001
   3378.45949   4.63767442E-001
   3377.12571   4.68652972E-001
   3375.79193   4.73631445E-001
   3374.45815   4.78705399E-001
   3373.12437   4.83877460E-001
   3371.79060   4.89150353E-001
   3370.45682   4.94526898E-001
   3369.12304   5.00010024E-001
   3367.78926   5.05602765E-001
   3366.45549   5.11308271E-001
   3365.12171   5.17129811E-001
   3363.78793   5.23070780E-001
   3362.45415   5.29134704E-001
   3361.12037   5.35325247E-001
   3359.78660   5.41646215E-001
   3358.45282   5.48101568E-001
   3357.11904   5.54695424E-001
   3355.78526   5.61432070E-001
   3354.45148   5.68315967E-001
   3353.11771   5.75351761E-001
   3351.78393   5.82544294E-001
   3350.45015   5.89898610E-001
   3349.11637   5.97419972E-001
   3347.78259   6.05113869E-001
   3346.44882   6.12986029E-001
   3345.11504   6.21042435E-001
   3343.78126   6.29289337E-001
   3342.44748   6.37733266E-001
   3341.11370   6.46381053E-001
   3339.77993   6.55239846E-001
   3338.44615   6.64317124E-001
   3337.11237   6.73620725E-001
   3335.77859   6.83158859E-001
   3334.44481   6.92940137E-001
   3333.11104   7.02973593E-001
   3331.77726   7.13268710E-001
   3330.44348   7.23835451E-001
   3329.10970   7.34684288E-001
   3327.77593   7.45826234E-001
   3326.44215   7.57272883E-001
   3325.10837   7.69036445E-001
   3323.77459   7.81129789E-001
   3322.44081   7.93566490E-001
   3321.10704   8.06360879E-001
   3319.77326   8.19528093E-001
   3318.43948   8.33084140E-001
   3317.10570   8.47045955E-001
   3315.77192   8.61431478E-001
   3314.43815   8.76259725E-001
   3313.10437   8.91550873E-001
   3311.77059   9.07326352E-001
   3310.43681   9.23608948E-001
   3309.10303   9.40422907E-001
   3307.76926   9.57794066E-001
   3306.43548   9.75749982E-001
   3305.10170   9.94320084E-001
   3303.76792   1.01353584E+000
   3302.43414   1.03343093E+000
   3301.10037   1.05404147E+000
   3299.76659   1.07540623E+000
   3298.43281   1.09756689E+000
   3297.09903   1.12056833E+000
   3295.76526   1.14445895E+000
   3294.43148   1.16929104E+000
   3293.09770   1.19512119E+000
   3291.76392   1.22201074E+000
   3290.43014   1.25002636E+000
   3289.09637   1.27924061E+000
   3287.76259   1.30973266E+000
   3286.42881   1.34158909E+000
   3285.09503   1.37490481E+000
   3283.76125   1.40978413E+000
   3282.42748   1.44634204E+000
   3281.09370   1.48470561E+000
   3279.75992   1.52501578E+000
   3278.42614   1.56742934E+000
   3277.09236   1.61212133E+000
   3275.75859   1.65928796E+000
   3274.42481   1.70915002E+000
   3273.09103   1.76195703E+000
   3271.75725   1.81799237E+000
   3270.42347   1.87757942E+000
   3269.08970   1.94108920E+000
   3267.75592   2.00894991E+000
   3266.42214   2.08165879E+000
   3265.08836   2.15979711E+000
   3263.75458   2.24404933E+000
   3262.42081   2.33522768E+000
   3261.08703   2.43430407E+000
   3259.75325   2.54245196E+000
   3258.41947   2.66110189E+000
   3257.08570   2.79201586E+000
   3255.75192   2.93738801E+000
   3254.41814   3.09998266E+000
   3253.08436   3.28332521E+000
   3251.75058   3.49196884E+000
   3250.41681   3.73186952E+000
   3249.08303   4.01091478E+000
   3247.74925   4.33966465E+000
   3246.41547   4.73236666E+000
   3245.08169   5.20826607E+000
   3243.74792   5.79304810E+000
   3242.41414   6.51965478E+000
   3241.08036   7.42608687E+000
   3239.74658   8.54405060E+000
   3238.41280   9.86646567E+000
   3237.07903   1.12836999E+001
   3235.74525   1.25233901E+001
   3234.41147   1.32278910E+001
   3233.07769   1.32391237E+001
   3231.74391   1.27748030E+001
   3230.41014   1.22234873E+001
   3229.07636   1.18743935E+001
   3227.74258   1.18604683E+001
   3226.40880   1.22176925E+001
   3225.07503   1.29270590E+001
   3223.74125   1.39018718E+001
   3222.40747   1.49431001E+001
   3221.07369   1.57569633E+001
   3219.73991   1.61396700E+001
   3218.40614   1.61760258E+001
   3217.07236   1.61576916E+001
   3215.73858   1.63508620E+001
   3214.40480   1.69041150E+001
   3213.07102   1.78881523E+001
   3211.73725   1.93539431E+001
   3210.40347   2.13693862E+001
   3209.06969   2.40402270E+001
   3207.73591   2.75261548E+001
   3206.40213   3.20581371E+001
   3205.06836   3.79575948E+001
   3203.73458   4.56493771E+001
   3202.40080   5.56398839E+001
   3201.06702   6.83836213E+001
   3199.73324   8.38785571E+001
   3198.39947   1.00812405E+002
   3197.06569   1.15573056E+002
   3195.73191   1.22834402E+002
   3194.39813   1.19308465E+002
   3193.06435   1.07068601E+002
   3191.73058   9.14113060E+001
   3190.39680   7.66132145E+001
   3189.06302   6.45586132E+001
   3187.72924   5.55530453E+001
   3186.39547   4.92909585E+001
   3185.06169   4.53733355E+001
   3183.72791   4.35033401E+001
   3182.39413   4.35389977E+001
   3181.06035   4.54922350E+001
   3179.72658   4.94922900E+001
   3178.39280   5.56738261E+001
   3177.05902   6.38874944E+001
   3175.72524   7.31277447E+001
   3174.39146   8.09266728E+001
   3173.05769   8.38643256E+001
   3171.72391   8.00514139E+001
   3170.39013   7.10181972E+001
   3169.05635   6.01063009E+001
   3167.72257   4.98611196E+001
   3166.38880   4.13247822E+001
   3165.05502   3.45908604E+001
   3163.72124   2.93913972E+001
   3162.38746   2.53965006E+001
   3161.05368   2.23195919E+001
   3159.71991   1.99383704E+001
   3158.38613   1.80879190E+001
   3157.05235   1.66479350E+001
   3155.71857   1.55310815E+001
   3154.38479   1.46739869E+001
   3153.05102   1.40307227E+001
   3151.71724   1.35682118E+001
   3150.38346   1.32630468E+001
   3149.04968   1.30993207E+001
   3147.71591   1.30671868E+001
   3146.38213   1.31619606E+001
   3145.04835   1.33836480E+001
   3143.71457   1.37368322E+001
   3142.38079   1.42309022E+001
   3141.04702   1.48806398E+001
   3139.71324   1.57072280E+001
   3138.37946   1.67397934E+001
   3137.04568   1.80176626E+001
   3135.71190   1.95936084E+001
   3134.37813   2.15384930E+001
   3133.04435   2.39478972E+001
   3131.71057   2.69515574E+001
   3130.37679   3.07266639E+001
   3129.04301   3.55160974E+001
   3127.70924   4.16518280E+001
   3126.37546   4.95800178E+001
   3125.04168   5.98726694E+001
   3123.70790   7.31789075E+001
   3122.37412   8.99971632E+001
   3121.04035   1.10042779E+002
   3119.70657   1.31045529E+002
   3118.37279   1.47715059E+002
   3117.03901   1.53413198E+002
   3115.70524   1.45470985E+002
   3114.37146   1.27973114E+002
   3113.03768   1.07648796E+002
   3111.70390   8.91098823E+001
   3110.37012   7.40652114E+001
   3109.03635   6.25585347E+001
   3107.70257   5.40520437E+001
   3106.36879   4.79440806E+001
   3105.03501   4.37427366E+001
   3103.70123   4.10980187E+001
   3102.36746   3.97908443E+001
   3101.03368   3.97164661E+001
   3099.69990   4.08745557E+001
   3098.36612   4.33690524E+001
   3097.03234   4.74171997E+001
   3095.69857   5.33628292E+001
   3094.36479   6.16771804E+001
   3093.03101   7.28991289E+001
   3091.69723   8.73974660E+001
   3090.36345   1.04744523E+002
   3089.02968   1.22593878E+002
   3087.69590   1.35898582E+002
   3086.36212   1.38851611E+002
   3085.02834   1.29768162E+002
   3083.69456   1.12846537E+002
   3082.36079   9.40205634E+001
   3081.02701   7.70593883E+001
   3079.69323   6.32267546E+001
   3078.35945   5.24361231E+001
   3077.02568   4.41555208E+001
   3075.69190   3.78189103E+001
   3074.35812   3.29558377E+001
   3073.02434   2.92083465E+001
   3071.69056   2.63137025E+001
   3070.35679   2.40818592E+001
   3069.02301   2.23762446E+001
   3067.68923   2.10993382E+001
   3066.35545   2.01824256E+001
   3065.02167   1.95785580E+001
   3063.68790   1.92578774E+001
   3062.35412   1.92046999E+001
   3061.02034   1.94159671E+001
   3059.68656   1.99008511E+001
   3058.35278   2.06814541E+001
   3057.01901   2.17946834E+001
   3055.68523   2.32955436E+001
   3054.35145   2.52622707E+001
   3053.01767   2.78039775E+001
   3051.68389   3.10717675E+001
   3050.35012   3.52745628E+001
   3049.01634   4.07009180E+001
   3047.68256   4.77470426E+001
   3046.34878   5.69467425E+001
   3045.01501   6.89847080E+001
   3043.68123   8.46358788E+001
   3042.34745   1.04486447E+002
   3041.01367   1.28164037E+002
   3039.67989   1.52884778E+002
   3038.34612   1.72233810E+002
   3037.01234   1.78251582E+002
   3035.67856   1.67848681E+002
   3034.34478   1.46023547E+002
   3033.01100   1.20834823E+002
   3031.67723   9.77421909E+001
   3030.34345   7.87297138E+001
   3029.00967   6.38019070E+001
   3027.67589   5.22719293E+001
   3026.34211   4.33714226E+001
   3025.00834   3.64509338E+001
   3023.67456   3.10117357E+001
   3022.34078   2.66847417E+001
   3021.00700   2.31999924E+001
   3019.67322   2.03599651E+001
   3018.33945   1.80192136E+001
   3017.00567   1.60696356E+001
   3015.67189   1.44300233E+001
   3014.33811   1.30386917E+001
   3013.00433   1.18482648E+001
   3011.67056   1.08219634E+001
   3010.33678   9.93094075E+000
   3009.00300   9.15234940E+000
   3007.66922   8.46792650E+000
   3006.33545   7.86294661E+000
   3005.00167   7.32543936E+000
   3003.66789   6.84559919E+000
   3002.33411   6.41533586E+000
   3001.00033   6.02792907E+000
   2999.66656   5.67776092E+000
   2998.33278   5.36010681E+000
   2996.99900   5.07097095E+000
   2995.66522   4.80695592E+000
   2994.33144   4.56515847E+000
   2992.99767   4.34308587E+000
   2991.66389   4.13858818E+000
   2990.33011   3.94980322E+000
   2988.99633   3.77511150E+000
   2987.66255   3.61309920E+000
   2986.32878   3.46252752E+000
   2984.99500   3.32230724E+000
   2983.66122   3.19147749E+000
   2982.32744   3.06918795E+000
   2980.99366   2.95468385E+000
   2979.65989   2.84729333E+000
   2978.32611   2.74641664E+000
   2976.99233   2.65151706E+000
   2975.65855   2.56211297E+000
   2974.32477   2.47777125E+000
   2972.99100   2.39810140E+000
   2971.65722   2.32275064E+000
   2970.32344   2.25139952E+000
   2968.98966   2.18375822E+000
   2967.65589   2.11956326E+000
   2966.32211   2.05857467E+000
   2964.98833   2.00057346E+000
   2963.65455   1.94535947E+000
   2962.32077   1.89274939E+000
   2960.98700   1.84257513E+000
   2959.65322   1.79468226E+000
   2958.31944   1.74892869E+000
   2956.98566   1.70518352E+000
   2955.65188   1.66332596E+000
   2954.31811   1.62324438E+000
   2952.98433   1.58483552E+000
   2951.65055   1.54800371E+000
   2950.31677   1.51266020E+000
   2948.98299   1.47872257E+000
   2947.64922   1.44611418E+000
   2946.31544   1.41476370E+000
   2944.98166   1.38460463E+000
   2943.64788   1.35557494E+000
   2942.31410   1.32761672E+000
   2940.98033   1.30067580E+000
   2939.64655   1.27470150E+000
   2938.31277   1.24964635E+000
   2936.97899   1.22546585E+000
   2935.64522   1.20211823E+000
   2934.31144   1.17956426E+000
   2932.97766   1.15776706E+000
   2931.64388   1.13669194E+000
   2930.31010   1.11630621E+000
   2928.97633   1.09657910E+000
   2927.64255   1.07748156E+000
   2926.30877   1.05898619E+000
   2924.97499   1.04106710E+000
   2923.64121   1.02369982E+000
   2922.30744   1.00686121E+000
   2920.97366   9.90529368E-001
   2919.63988   9.74683543E-001
   2918.30610   9.59304073E-001
   2916.97232   9.44372309E-001
   2915.63855   9.29870553E-001
   2914.30477   9.15782003E-001
   2912.97099   9.02090693E-001
   2911.63721   8.88781444E-001
   2910.30343   8.75839822E-001
   2908.96966   8.63252084E-001
   2907.63588   8.51005148E-001
   2906.30210   8.39086547E-001
   2904.96832   8.27484399E-001
   2903.63454   8.16187369E-001
   2902.30077   8.05184644E-001
   2900.96699   7.94465899E-001
   2899.63321   7.84021272E-001
   2898.29943   7.73841341E-001
   2896.96566   7.63917096E-001
   2895.63188   7.54239920E-001
   2894.29810   7.44801568E-001
   2892.96432   7.35594148E-001
   2891.63054   7.26610099E-001
   2890.29677   7.17842179E-001
   2888.96299   7.09283446E-001
   2887.62921   7.00927244E-001
   2886.29543   6.92767186E-001
   2884.96165   6.84797147E-001
   2883.62788   6.77011242E-001
   2882.29410   6.69403823E-001
   2880.96032   6.61969463E-001
   2879.62654   6.54702947E-001
   2878.29276   6.47599259E-001
   2876.95899   6.40653578E-001
   2875.62521   6.33861265E-001
   2874.29143   6.27217854E-001
   2872.95765   6.20719048E-001
   2871.62387   6.14360707E-001
   2870.29010   6.08138846E-001
   2868.95632   6.02049622E-001
   2867.62254   5.96089332E-001
   2866.28876   5.90254406E-001
   2864.95498   5.84541400E-001
   2863.62121   5.78946992E-001
   2862.28743   5.73467976E-001
   2860.95365   5.68101258E-001
   2859.61987   5.62843849E-001
   2858.28610   5.57692864E-001
   2856.95232   5.52645514E-001
   2855.61854   5.47699107E-001
   2854.28476   5.42851036E-001
   2852.95098   5.38098785E-001
   2851.61721   5.33439919E-001
   2850.28343   5.28872083E-001
   2848.94965   5.24392997E-001
   2847.61587   5.20000456E-001
   2846.28209   5.15692325E-001
   2844.94832   5.11466538E-001
   2843.61454   5.07321092E-001
   2842.28076   5.03254048E-001
   2840.94698   4.99263527E-001
   2839.61320   4.95347708E-001
   2838.27943   4.91504827E-001
   2836.94565   4.87733172E-001
   2835.61187   4.84031083E-001
   2834.27809   4.80396952E-001
   2832.94431   4.76829216E-001
   2831.61054   4.73326361E-001
   2830.27676   4.69886916E-001
   2828.94298   4.66509454E-001
   2827.60920   4.63192588E-001
   2826.27543   4.59934974E-001
   2824.94165   4.56735303E-001
   2823.60787   4.53592307E-001
   2822.27409   4.50504751E-001
   2820.94031   4.47471437E-001
   2819.60654   4.44491199E-001
   2818.27276   4.41562905E-001
   2816.93898   4.38685452E-001
   2815.60520   4.35857770E-001
   2814.27142   4.33078816E-001
   2812.93765   4.30347578E-001
   2811.60387   4.27663069E-001
   2810.27009   4.25024329E-001
   2808.93631   4.22430425E-001
   2807.60253   4.19880447E-001
   2806.26876   4.17373510E-001
   2804.93498   4.14908753E-001
   2803.60120   4.12485335E-001
   2802.26742   4.10102440E-001
   2800.93364   4.07759270E-001
   2799.59987   4.05455051E-001
   2798.26609   4.03189024E-001
   2796.93231   4.00960455E-001
   2795.59853   3.98768624E-001
   2794.26475   3.96612831E-001
   2792.93098   3.94492394E-001
   2791.59720   3.92406646E-001
   2790.26342   3.90354938E-001
   2788.92964   3.88336637E-001
   2787.59587   3.86351125E-001
   2786.26209   3.84397799E-001
   2784.92831   3.82476071E-001
   2783.59453   3.80585368E-001
   2782.26075   3.78725128E-001
   2780.92698   3.76894805E-001
   2779.59320   3.75093866E-001
   2778.25942   3.73321788E-001
   2776.92564   3.71578063E-001
   2775.59186   3.69862194E-001
   2774.25809   3.68173696E-001
   2772.92431   3.66512093E-001
   2771.59053   3.64876923E-001
   2770.25675   3.63267733E-001
   2768.92297   3.61684081E-001
   2767.58920   3.60125534E-001
   2766.25542   3.58591671E-001
   2764.92164   3.57082077E-001
   2763.58786   3.55596349E-001
   2762.25408   3.54134093E-001
   2760.92031   3.52694923E-001
   2759.58653   3.51278461E-001
   2758.25275   3.49884339E-001
   2756.91897   3.48512195E-001
   2755.58520   3.47161675E-001
   2754.25142   3.45832436E-001
   2752.91764   3.44524139E-001
   2751.58386   3.43236453E-001
   2750.25008   3.41969054E-001
   2748.91631   3.40721627E-001
   2747.58253   3.39493861E-001
   2746.24875   3.38285453E-001
   2744.91497   3.37096106E-001
   2743.58119   3.35925529E-001
   2742.24742   3.34773438E-001
   2740.91364   3.33639555E-001
   2739.57986   3.32523605E-001
   2738.24608   3.31425323E-001
   2736.91230   3.30344446E-001
   2735.57853   3.29280718E-001
   2734.24475   3.28233888E-001
   2732.91097   3.27203710E-001
   2731.57719   3.26189944E-001
   2730.24341   3.25192352E-001
   2728.90964   3.24210704E-001
   2727.57586   3.23244773E-001
   2726.24208   3.22294337E-001
   2724.90830   3.21359178E-001
   2723.57452   3.20439082E-001
   2722.24075   3.19533842E-001
   2720.90697   3.18643251E-001
   2719.57319   3.17767108E-001
   2718.23941   3.16905216E-001
   2716.90564   3.16057383E-001
   2715.57186   3.15223419E-001
   2714.23808   3.14403137E-001
   2712.90430   3.13596357E-001
   2711.57052   3.12802898E-001
   2710.23675   3.12022586E-001
   2708.90297   3.11255248E-001
   2707.56919   3.10500717E-001
   2706.23541   3.09758827E-001
   2704.90163   3.09029415E-001
   2703.56786   3.08312323E-001
   2702.23408   3.07607393E-001
   2700.90030   3.06914474E-001
   2699.56652   3.06233414E-001
   2698.23274   3.05564065E-001
   2696.89897   3.04906284E-001
   2695.56519   3.04259927E-001
   2694.23141   3.03624856E-001
   2692.89763   3.03000933E-001
   2691.56385   3.02388024E-001
   2690.23008   3.01785996E-001
   2688.89630   3.01194722E-001
   2687.56252   3.00614072E-001
   2686.22874   3.00043924E-001
   2684.89496   2.99484153E-001
   2683.56119   2.98934639E-001
   2682.22741   2.98395265E-001
   2680.89363   2.97865915E-001
   2679.55985   2.97346474E-001
   2678.22608   2.96836830E-001
   2676.89230   2.96336875E-001
   2675.55852   2.95846499E-001
   2674.22474   2.95365597E-001
   2672.89096   2.94894064E-001
   2671.55719   2.94431800E-001
   2670.22341   2.93978702E-001
   2668.88963   2.93534673E-001
   2667.55585   2.93099615E-001
   2666.22207   2.92673434E-001
   2664.88830   2.92256035E-001
   2663.55452   2.91847328E-001
   2662.22074   2.91447221E-001
   2660.88696   2.91055627E-001
   2659.55318   2.90672458E-001
   2658.21941   2.90297628E-001
   2656.88563   2.89931053E-001
   2655.55185   2.89572651E-001
   2654.21807   2.89222341E-001
   2652.88429   2.88880043E-001
   2651.55052   2.88545678E-001
   2650.21674   2.88219170E-001
   2648.88296   2.87900442E-001
   2647.54918   2.87589421E-001
   2646.21541   2.87286033E-001
   2644.88163   2.86990206E-001
   2643.54785   2.86701871E-001
   2642.21407   2.86420957E-001
   2640.88029   2.86147397E-001
   2639.54652   2.85881122E-001
   2638.21274   2.85622069E-001
   2636.87896   2.85370171E-001
   2635.54518   2.85125366E-001
   2634.21140   2.84887591E-001
   2632.87763   2.84656784E-001
   2631.54385   2.84432885E-001
   2630.21007   2.84215834E-001
   2628.87629   2.84005575E-001
   2627.54251   2.83802048E-001
   2626.20874   2.83605198E-001
   2624.87496   2.83414970E-001
   2623.54118   2.83231309E-001
   2622.20740   2.83054162E-001
   2620.87362   2.82883476E-001
   2619.53985   2.82719199E-001
   2618.20607   2.82561281E-001
   2616.87229   2.82409672E-001
   2615.53851   2.82264324E-001
   2614.20473   2.82125187E-001
   2612.87096   2.81992214E-001
   2611.53718   2.81865360E-001
   2610.20340   2.81744578E-001
   2608.86962   2.81629823E-001
   2607.53585   2.81521052E-001
   2606.20207   2.81418221E-001
   2604.86829   2.81321288E-001
   2603.53451   2.81230210E-001
   2602.20073   2.81144946E-001
   2600.86696   2.81065457E-001
   2599.53318   2.80991702E-001
   2598.19940   2.80923643E-001
   2596.86562   2.80861241E-001
   2595.53184   2.80804459E-001
   2594.19807   2.80753259E-001
   2592.86429   2.80707606E-001
   2591.53051   2.80667464E-001
   2590.19673   2.80632797E-001
   2588.86295   2.80603572E-001
   2587.52918   2.80579755E-001
   2586.19540   2.80561313E-001
   2584.86162   2.80548212E-001
   2583.52784   2.80540422E-001
   2582.19406   2.80537911E-001
   2580.86029   2.80540647E-001
   2579.52651   2.80548602E-001
   2578.19273   2.80561745E-001
   2576.85895   2.80580047E-001
   2575.52518   2.80603480E-001
   2574.19140   2.80632015E-001
   2572.85762   2.80665626E-001
   2571.52384   2.80704284E-001
   2570.19006   2.80747965E-001
   2568.85629   2.80796642E-001
   2567.52251   2.80850289E-001
   2566.18873   2.80908881E-001
   2564.85495   2.80972395E-001
   2563.52117   2.81040806E-001
   2562.18740   2.81114090E-001
   2560.85362   2.81192225E-001
   2559.51984   2.81275188E-001
   2558.18606   2.81362958E-001
   2556.85228   2.81455512E-001
   2555.51851   2.81552829E-001
   2554.18473   2.81654888E-001
   2552.85095   2.81761670E-001
   2551.51717   2.81873154E-001
   2550.18339   2.81989321E-001
   2548.84962   2.82110151E-001
   2547.51584   2.82235627E-001
   2546.18206   2.82365730E-001
   2544.84828   2.82500442E-001
   2543.51450   2.82639746E-001
   2542.18073   2.82783625E-001
   2540.84695   2.82932062E-001
   2539.51317   2.83085041E-001
   2538.17939   2.83242546E-001
   2536.84562   2.83404561E-001
   2535.51184   2.83571073E-001
   2534.17806   2.83742065E-001
   2532.84428   2.83917523E-001
   2531.51050   2.84097434E-001
   2530.17673   2.84281784E-001
   2528.84295   2.84470560E-001
   2527.50917   2.84663748E-001
   2526.17539   2.84861336E-001
   2524.84161   2.85063312E-001
   2523.50784   2.85269664E-001
   2522.17406   2.85480380E-001
   2520.84028   2.85695450E-001
   2519.50650   2.85914862E-001
   2518.17272   2.86138605E-001
   2516.83895   2.86366670E-001
   2515.50517   2.86599047E-001
   2514.17139   2.86835725E-001
   2512.83761   2.87076696E-001
   2511.50383   2.87321951E-001
   2510.17006   2.87571480E-001
   2508.83628   2.87825277E-001
   2507.50250   2.88083332E-001
   2506.16872   2.88345638E-001
   2504.83494   2.88612187E-001
   2503.50117   2.88882972E-001
   2502.16739   2.89157987E-001
   2500.83361   2.89437224E-001
   2499.49983   2.89720678E-001
   2498.16606   2.90008343E-001
   2496.83228   2.90300212E-001
   2495.49850   2.90596281E-001
   2494.16472   2.90896544E-001
   2492.83094   2.91200997E-001
   2491.49717   2.91509634E-001
   2490.16339   2.91822451E-001
   2488.82961   2.92139446E-001
   2487.49583   2.92460612E-001
   2486.16205   2.92785949E-001
   2484.82828   2.93115450E-001
   2483.49450   2.93449115E-001
   2482.16072   2.93786941E-001
   2480.82694   2.94128924E-001
   2479.49316   2.94475063E-001
   2478.15939   2.94825355E-001
   2476.82561   2.95179800E-001
   2475.49183   2.95538396E-001
   2474.15805   2.95901141E-001
   2472.82427   2.96268034E-001
   2471.49050   2.96639076E-001
   2470.15672   2.97014265E-001
   2468.82294   2.97393602E-001
   2467.48916   2.97777087E-001
   2466.15539   2.98164719E-001
   2464.82161   2.98556501E-001
   2463.48783   2.98952431E-001
   2462.15405   2.99352512E-001
   2460.82027   2.99756745E-001
   2459.48650   3.00165132E-001
   2458.15272   3.00577674E-001
   2456.81894   3.00994373E-001
   2455.48516   3.01415232E-001
   2454.15138   3.01840253E-001
   2452.81761   3.02269439E-001
   2451.48383   3.02702793E-001
   2450.15005   3.03140319E-001
   2448.81627   3.03582019E-001
   2447.48249   3.04027898E-001
   2446.14872   3.04477959E-001
   2444.81494   3.04932207E-001
   2443.48116   3.05390647E-001
   2442.14738   3.05853281E-001
   2440.81360   3.06320117E-001
   2439.47983   3.06791158E-001
   2438.14605   3.07266411E-001
   2436.81227   3.07745881E-001
   2435.47849   3.08229573E-001
   2434.14471   3.08717493E-001
   2432.81094   3.09209649E-001
   2431.47716   3.09706046E-001
   2430.14338   3.10206691E-001
   2428.80960   3.10711592E-001
   2427.47583   3.11220755E-001
   2426.14205   3.11734188E-001
   2424.80827   3.12251898E-001
   2423.47449   3.12773894E-001
   2422.14071   3.13300183E-001
   2420.80694   3.13830774E-001
   2419.47316   3.14365676E-001
   2418.13938   3.14904897E-001
   2416.80560   3.15448446E-001
   2415.47182   3.15996333E-001
   2414.13805   3.16548567E-001
   2412.80427   3.17105158E-001
   2411.47049   3.17666116E-001
   2410.13671   3.18231451E-001
   2408.80293   3.18801173E-001
   2407.46916   3.19375293E-001
   2406.13538   3.19953822E-001
   2404.80160   3.20536772E-001
   2403.46782   3.21124152E-001
   2402.13404   3.21715976E-001
   2400.80027   3.22312255E-001
   2399.46649   3.22913000E-001
   2398.13271   3.23518225E-001
   2396.79893   3.24127941E-001
   2395.46516   3.24742161E-001
   2394.13138   3.25360899E-001
   2392.79760   3.25984168E-001
   2391.46382   3.26611980E-001
   2390.13004   3.27244351E-001
   2388.79627   3.27881292E-001
   2387.46249   3.28522820E-001
   2386.12871   3.29168948E-001
   2384.79493   3.29819691E-001
   2383.46115   3.30475063E-001
   2382.12738   3.31135081E-001
   2380.79360   3.31799759E-001
   2379.45982   3.32469112E-001
   2378.12604   3.33143157E-001
   2376.79226   3.33821910E-001
   2375.45849   3.34505387E-001
   2374.12471   3.35193605E-001
   2372.79093   3.35886580E-001
   2371.45715   3.36584330E-001
   2370.12337   3.37286872E-001
   2368.78960   3.37994224E-001
   2367.45582   3.38706402E-001
   2366.12204   3.39423427E-001
   2364.78826   3.40145315E-001
   2363.45448   3.40872085E-001
   2362.12071   3.41603757E-001
   2360.78693   3.42340349E-001
   2359.45315   3.43081881E-001
   2358.11937   3.43828372E-001
   2356.78560   3.44579843E-001
   2355.45182   3.45336313E-001
   2354.11804   3.46097803E-001
   2352.78426   3.46864333E-001
   2351.45048   3.47635925E-001
   2350.11671   3.48412599E-001
   2348.78293   3.49194378E-001
   2347.44915   3.49981283E-001
   2346.11537   3.50773336E-001
   2344.78159   3.51570559E-001
   2343.44782   3.52372975E-001
   2342.11404   3.53180606E-001
   2340.78026   3.53993477E-001
   2339.44648   3.54811610E-001
   2338.11270   3.55635030E-001
   2336.77893   3.56463759E-001
   2335.44515   3.57297823E-001
   2334.11137   3.58137246E-001
   2332.77759   3.58982052E-001
   2331.44381   3.59832268E-001
   2330.11004   3.60687918E-001
   2328.77626   3.61549028E-001
   2327.44248   3.62415625E-001
   2326.10870   3.63287735E-001
   2324.77492   3.64165383E-001
   2323.44115   3.65048599E-001
   2322.10737   3.65937407E-001
   2320.77359   3.66831837E-001
   2319.43981   3.67731917E-001
   2318.10604   3.68637673E-001
   2316.77226   3.69549135E-001
   2315.43848   3.70466333E-001
   2314.10470   3.71389294E-001
   2312.77092   3.72318048E-001
   2311.43715   3.73252626E-001
   2310.10337   3.74193057E-001
   2308.76959   3.75139373E-001
   2307.43581   3.76091603E-001
   2306.10203   3.77049779E-001
   2304.76826   3.78013933E-001
   2303.43448   3.78984096E-001
   2302.10070   3.79960300E-001
   2300.76692   3.80942579E-001
   2299.43314   3.81930965E-001
   2298.09937   3.82925491E-001
   2296.76559   3.83926191E-001
   2295.43181   3.84933099E-001
   2294.09803   3.85946250E-001
   2292.76425   3.86965677E-001
   2291.43048   3.87991417E-001
   2290.09670   3.89023504E-001
   2288.76292   3.90061975E-001
   2287.42914   3.91106866E-001
   2286.09537   3.92158213E-001
   2284.76159   3.93216053E-001
   2283.42781   3.94280424E-001
   2282.09403   3.95351363E-001
   2280.76025   3.96428909E-001
   2279.42648   3.97513101E-001
   2278.09270   3.98603977E-001
   2276.75892   3.99701576E-001
   2275.42514   4.00805939E-001
   2274.09136   4.01917106E-001
   2272.75759   4.03035118E-001
   2271.42381   4.04160015E-001
   2270.09003   4.05291839E-001
   2268.75625   4.06430632E-001
   2267.42247   4.07576437E-001
   2266.08870   4.08729296E-001
   2264.75492   4.09889253E-001
   2263.42114   4.11056351E-001
   2262.08736   4.12230634E-001
   2260.75358   4.13412148E-001
   2259.41981   4.14600937E-001
   2258.08603   4.15797047E-001
   2256.75225   4.17000524E-001
   2255.41847   4.18211415E-001
   2254.08469   4.19429766E-001
   2252.75092   4.20655625E-001
   2251.41714   4.21889041E-001
   2250.08336   4.23130061E-001
   2248.74958   4.24378734E-001
   2247.41581   4.25635111E-001
   2246.08203   4.26899242E-001
   2244.74825   4.28171175E-001
   2243.41447   4.29450964E-001
   2242.08069   4.30738660E-001
   2240.74692   4.32034314E-001
   2239.41314   4.33337979E-001
   2238.07936   4.34649710E-001
   2236.74558   4.35969558E-001
   2235.41180   4.37297580E-001
   2234.07803   4.38633829E-001
   2232.74425   4.39978361E-001
   2231.41047   4.41331233E-001
   2230.07669   4.42692501E-001
   2228.74291   4.44062222E-001
   2227.40914   4.45440455E-001
   2226.07536   4.46827257E-001
   2224.74158   4.48222687E-001
   2223.40780   4.49626806E-001
   2222.07402   4.51039674E-001
   2220.74025   4.52461352E-001
   2219.40647   4.53891901E-001
   2218.07269   4.55331383E-001
   2216.73891   4.56779862E-001
   2215.40514   4.58237400E-001
   2214.07136   4.59704063E-001
   2212.73758   4.61179915E-001
   2211.40380   4.62665022E-001
   2210.07002   4.64159449E-001
   2208.73625   4.65663265E-001
   2207.40247   4.67176536E-001
   2206.06869   4.68699331E-001
   2204.73491   4.70231720E-001
   2203.40113   4.71773771E-001
   2202.06736   4.73325556E-001
   2200.73358   4.74887145E-001
   2199.39980   4.76458612E-001
   2198.06602   4.78040029E-001
   2196.73224   4.79631469E-001
   2195.39847   4.81233008E-001
   2194.06469   4.82844719E-001
   2192.73091   4.84466680E-001
   2191.39713   4.86098967E-001
   2190.06335   4.87741658E-001
   2188.72958   4.89394832E-001
   2187.39580   4.91058567E-001
   2186.06202   4.92732944E-001
   2184.72824   4.94418044E-001
   2183.39446   4.96113949E-001
   2182.06069   4.97820741E-001
   2180.72691   4.99538506E-001
   2179.39313   5.01267326E-001
   2178.05935   5.03007289E-001
   2176.72558   5.04758480E-001
   2175.39180   5.06520986E-001
   2174.05802   5.08294897E-001
   2172.72424   5.10080301E-001
   2171.39046   5.11877289E-001
   2170.05669   5.13685952E-001
   2168.72291   5.15506383E-001
   2167.38913   5.17338675E-001
   2166.05535   5.19182922E-001
   2164.72157   5.21039220E-001
   2163.38780   5.22907665E-001
   2162.05402   5.24788355E-001
   2160.72024   5.26681389E-001
   2159.38646   5.28586866E-001
   2158.05268   5.30504887E-001
   2156.71891   5.32435554E-001
   2155.38513   5.34378970E-001
   2154.05135   5.36335240E-001
   2152.71757   5.38304468E-001
   2151.38379   5.40286762E-001
   2150.05002   5.42282230E-001
   2148.71624   5.44290980E-001
   2147.38246   5.46313123E-001
   2146.04868   5.48348770E-001
   2144.71490   5.50398034E-001
   2143.38113   5.52461030E-001
   2142.04735   5.54537872E-001
   2140.71357   5.56628677E-001
   2139.37979   5.58733564E-001
   2138.04602   5.60852652E-001
   2136.71224   5.62986061E-001
   2135.37846   5.65133914E-001
   2134.04468   5.67296334E-001
   2132.71090   5.69473447E-001
   2131.37713   5.71665378E-001
   2130.04335   5.73872256E-001
   2128.70957   5.76094210E-001
   2127.37579   5.78331371E-001
   2126.04201   5.80583872E-001
   2124.70824   5.82851846E-001
   2123.37446   5.85135430E-001
   2122.04068   5.87434759E-001
   2120.70690   5.89749974E-001
   2119.37312   5.92081214E-001
   2118.03935   5.94428622E-001
   2116.70557   5.96792341E-001
   2115.37179   5.99172517E-001
   2114.03801   6.01569297E-001
   2112.70423   6.03982831E-001
   2111.37046   6.06413268E-001
   2110.03668   6.08860762E-001
   2108.70290   6.11325467E-001
   2107.36912   6.13807539E-001
   2106.03535   6.16307136E-001
   2104.70157   6.18824419E-001
   2103.36779   6.21359550E-001
   2102.03401   6.23912692E-001
   2100.70023   6.26484012E-001
   2099.36646   6.29073678E-001
   2098.03268   6.31681859E-001
   2096.69890   6.34308728E-001
   2095.36512   6.36954460E-001
   2094.03134   6.39619231E-001
   2092.69757   6.42303219E-001
   2091.36379   6.45006605E-001
   2090.03001   6.47729573E-001
   2088.69623   6.50472309E-001
   2087.36245   6.53234999E-001
   2086.02868   6.56017834E-001
   2084.69490   6.58821006E-001
   2083.36112   6.61644711E-001
   2082.02734   6.64489145E-001
   2080.69356   6.67354509E-001
   2079.35979   6.70241005E-001
   2078.02601   6.73148839E-001
   2076.69223   6.76078217E-001
   2075.35845   6.79029350E-001
   2074.02467   6.82002452E-001
   2072.69090   6.84997737E-001
   2071.35712   6.88015425E-001
   2070.02334   6.91055736E-001
   2068.68956   6.94118896E-001
   2067.35579   6.97205130E-001
   2066.02201   7.00314670E-001
   2064.68823   7.03447749E-001
   2063.35445   7.06604602E-001
   2062.02067   7.09785469E-001
   2060.68690   7.12990592E-001
   2059.35312   7.16220218E-001
   2058.01934   7.19474595E-001
   2056.68556   7.22753975E-001
   2055.35178   7.26058614E-001
   2054.01801   7.29388770E-001
   2052.68423   7.32744708E-001
   2051.35045   7.36126692E-001
   2050.01667   7.39534992E-001
   2048.68289   7.42969882E-001
   2047.34912   7.46431638E-001
   2046.01534   7.49920541E-001
   2044.68156   7.53436877E-001
   2043.34778   7.56980933E-001
   2042.01400   7.60553001E-001
   2040.68023   7.64153379E-001
   2039.34645   7.67782367E-001
   2038.01267   7.71440270E-001
   2036.67889   7.75127396E-001
   2035.34512   7.78844060E-001
   2034.01134   7.82590578E-001
   2032.67756   7.86367273E-001
   2031.34378   7.90174472E-001
   2030.01000   7.94012505E-001
   2028.67623   7.97881710E-001
   2027.34245   8.01782425E-001
   2026.00867   8.05714998E-001
   2024.67489   8.09679779E-001
   2023.34111   8.13677123E-001
   2022.00734   8.17707391E-001
   2020.67356   8.21770948E-001
   2019.33978   8.25868167E-001
   2018.00600   8.29999423E-001
   2016.67222   8.34165098E-001
   2015.33845   8.38365580E-001
   2014.00467   8.42601263E-001
   2012.67089   8.46872545E-001
   2011.33711   8.51179832E-001
   2010.00333   8.55523533E-001
   2008.66956   8.59904067E-001
   2007.33578   8.64321857E-001
   2006.00200   8.68777331E-001
   2004.66822   8.73270926E-001
   2003.33444   8.77803085E-001
   2002.00067   8.82374256E-001
   2000.66689   8.86984897E-001
   1999.33311   8.91635468E-001
   1997.99933   8.96326442E-001
   1996.66556   9.01058293E-001
   1995.33178   9.05831509E-001
   1993.99800   9.10646579E-001
   1992.66422   9.15504003E-001
   1991.33044   9.20404290E-001
   1989.99667   9.25347953E-001
   1988.66289   9.30335517E-001
   1987.32911   9.35367512E-001
   1985.99533   9.40444478E-001
   1984.66155   9.45566963E-001
   1983.32778   9.50735525E-001
   1981.99400   9.55950728E-001
   1980.66022   9.61213148E-001
   1979.32644   9.66523368E-001
   1977.99266   9.71881981E-001
   1976.65889   9.77289592E-001
   1975.32511   9.82746811E-001
   1973.99133   9.88254261E-001
   1972.65755   9.93812575E-001
   1971.32377   9.99422396E-001
   1969.99000   1.00508438E+000
   1968.65622   1.01079918E+000
   1967.32244   1.01656749E+000
   1965.98866   1.02238998E+000
   1964.65488   1.02826735E+000
   1963.32111   1.03420032E+000
   1961.98733   1.04018960E+000
   1960.65355   1.04623593E+000
   1959.31977   1.05234005E+000
   1957.98600   1.05850272E+000
   1956.65222   1.06472472E+000
   1955.31844   1.07100682E+000
   1953.98466   1.07734982E+000
   1952.65088   1.08375455E+000
   1951.31711   1.09022181E+000
   1949.98333   1.09675246E+000
   1948.64955   1.10334734E+000
   1947.31577   1.11000733E+000
   1945.98199   1.11673330E+000
   1944.64822   1.12352617E+000
   1943.31444   1.13038685E+000
   1941.98066   1.13731626E+000
   1940.64688   1.14431536E+000
   1939.31310   1.15138511E+000
   1937.97933   1.15852650E+000
   1936.64555   1.16574053E+000
   1935.31177   1.17302821E+000
   1933.97799   1.18039058E+000
   1932.64421   1.18782871E+000
   1931.31044   1.19534366E+000
   1929.97666   1.20293654E+000
   1928.64288   1.21060845E+000
   1927.30910   1.21836053E+000
   1925.97533   1.22619395E+000
   1924.64155   1.23410987E+000
   1923.30777   1.24210951E+000
   1921.97399   1.25019408E+000
   1920.64021   1.25836484E+000
   1919.30644   1.26662305E+000
   1917.97266   1.27497000E+000
   1916.63888   1.28340703E+000
   1915.30510   1.29193547E+000
   1913.97132   1.30055670E+000
   1912.63755   1.30927211E+000
   1911.30377   1.31808313E+000
   1909.96999   1.32699121E+000
   1908.63621   1.33599783E+000
   1907.30243   1.34510451E+000
   1905.96866   1.35431279E+000
   1904.63488   1.36362423E+000
   1903.30110   1.37304044E+000
   1901.96732   1.38256306E+000
   1900.63354   1.39219376E+000
   1899.29977   1.40193423E+000
   1897.96599   1.41178622E+000
   1896.63221   1.42175150E+000
   1895.29843   1.43183187E+000
   1893.96465   1.44202918E+000
   1892.63088   1.45234533E+000
   1891.29710   1.46278222E+000
   1889.96332   1.47334184E+000
   1888.62954   1.48402617E+000
   1887.29577   1.49483728E+000
   1885.96199   1.50577726E+000
   1884.62821   1.51684823E+000
   1883.29443   1.52805239E+000
   1881.96065   1.53939197E+000
   1880.62688   1.55086923E+000
   1879.29310   1.56248652E+000
   1877.95932   1.57424620E+000
   1876.62554   1.58615071E+000
   1875.29176   1.59820254E+000
   1873.95799   1.61040423E+000
   1872.62421   1.62275836E+000
   1871.29043   1.63526760E+000
   1869.95665   1.64793467E+000
   1868.62287   1.66076233E+000
   1867.28910   1.67375343E+000
   1865.95532   1.68691087E+000
   1864.62154   1.70023764E+000
   1863.28776   1.71373675E+000
   1861.95398   1.72741134E+000
   1860.62021   1.74126458E+000
   1859.28643   1.75529972E+000
   1857.95265   1.76952012E+000
   1856.61887   1.78392918E+000
   1855.28510   1.79853041E+000
   1853.95132   1.81332737E+000
   1852.61754   1.82832374E+000
   1851.28376   1.84352329E+000
   1849.94998   1.85892984E+000
   1848.61621   1.87454736E+000
   1847.28243   1.89037988E+000
   1845.94865   1.90643153E+000
   1844.61487   1.92270658E+000
   1843.28109   1.93920936E+000
   1841.94732   1.95594434E+000
   1840.61354   1.97291609E+000
   1839.27976   1.99012931E+000
   1837.94598   2.00758881E+000
   1836.61220   2.02529952E+000
   1835.27843   2.04326650E+000
   1833.94465   2.06149497E+000
   1832.61087   2.07999025E+000
   1831.27709   2.09875781E+000
   1829.94331   2.11780329E+000
   1828.60954   2.13713245E+000
   1827.27576   2.15675122E+000
   1825.94198   2.17666569E+000
   1824.60820   2.19688212E+000
   1823.27442   2.21740694E+000
   1821.94065   2.23824674E+000
   1820.60687   2.25940833E+000
   1819.27309   2.28089868E+000
   1817.93931   2.30272497E+000
   1816.60554   2.32489458E+000
   1815.27176   2.34741510E+000
   1813.93798   2.37029434E+000
   1812.60420   2.39354035E+000
   1811.27042   2.41716138E+000
   1809.93665   2.44116596E+000
   1808.60287   2.46556285E+000
   1807.26909   2.49036108E+000
   1805.93531   2.51556994E+000
   1804.60153   2.54119902E+000
   1803.26776   2.56725817E+000
   1801.93398   2.59375759E+000
   1800.60020   2.62070774E+000
   1799.26642   2.64811945E+000
   1797.93264   2.67600385E+000
   1796.59887   2.70437246E+000
   1795.26509   2.73323714E+000
   1793.93131   2.76261014E+000
   1792.59753   2.79250409E+000
   1791.26375   2.82293207E+000
   1789.92998   2.85390753E+000
   1788.59620   2.88544442E+000
   1787.26242   2.91755712E+000
   1785.92864   2.95026050E+000
   1784.59486   2.98356994E+000
   1783.26109   3.01750135E+000
   1781.92731   3.05207117E+000
   1780.59353   3.08729642E+000
   1779.25975   3.12319472E+000
   1777.92598   3.15978431E+000
   1776.59220   3.19708406E+000
   1775.25842   3.23511355E+000
   1773.92464   3.27389306E+000
   1772.59086   3.31344359E+000
   1771.25709   3.35378694E+000
   1769.92331   3.39494573E+000
   1768.58953   3.43694340E+000
   1767.25575   3.47980430E+000
   1765.92197   3.52355371E+000
   1764.58820   3.56821791E+000
   1763.25442   3.61382417E+000
   1761.92064   3.66040087E+000
   1760.58686   3.70797752E+000
   1759.25308   3.75658482E+000
   1757.91931   3.80625470E+000
   1756.58553   3.85702045E+000
   1755.25175   3.90891672E+000
   1753.91797   3.96197964E+000
   1752.58419   4.01624688E+000
   1751.25042   4.07175774E+000
   1749.91664   4.12855323E+000
   1748.58286   4.18667618E+000
   1747.24908   4.24617137E+000
   1745.91531   4.30708559E+000
   1744.58153   4.36946778E+000
   1743.24775   4.43336919E+000
   1741.91397   4.49884349E+000
   1740.58019   4.56594692E+000
   1739.24642   4.63473848E+000
   1737.91264   4.70528007E+000
   1736.57886   4.77763671E+000
   1735.24508   4.85187677E+000
   1733.91130   4.92807212E+000
   1732.57753   5.00629847E+000
   1731.24375   5.08663559E+000
   1729.90997   5.16916759E+000
   1728.57619   5.25398330E+000
   1727.24241   5.34117658E+000
   1725.90864   5.43084676E+000
   1724.57486   5.52309903E+000
   1723.24108   5.61804492E+000
   1721.90730   5.71580291E+000
   1720.57352   5.81649892E+000
   1719.23975   5.92026708E+000
   1717.90597   6.02725040E+000
   1716.57219   6.13760165E+000
   1715.23841   6.25148432E+000
   1713.90463   6.36907366E+000
   1712.57086   6.49055794E+000
   1711.23708   6.61613984E+000
   1709.90330   6.74603806E+000
   1708.56952   6.88048915E+000
   1707.23575   7.01974970E+000
   1705.90197   7.16409883E+000
   1704.56819   7.31384109E+000
   1703.23441   7.46930993E+000
   1701.90063   7.63087181E+000
   1700.56686   7.79893103E+000
   1699.23308   7.97393558E+000
   1697.89930   8.15638422E+000
   1696.56552   8.34683506E+000
   1695.23174   8.54591605E+000
   1693.89797   8.75433803E+000
   1692.56419   8.97291086E+000
   1691.23041   9.20256385E+000
   1689.89663   9.44437145E+000
   1688.56285   9.69958630E+000
   1687.22908   9.96968186E+000
   1685.89530   1.02564080E+001
   1684.56152   1.05618644E+001
   1683.22774   1.08885985E+001
   1681.89396   1.12397369E+001
   1680.56019   1.16191659E+001
   1679.22641   1.20317781E+001
   1677.89263   1.24838176E+001
   1676.55885   1.29833633E+001
   1675.22508   1.35410116E+001
   1673.89130   1.41708412E+001
   1672.55752   1.48917615E+001
   1671.22374   1.57293452E+001
   1669.88996   1.67181328E+001
   1668.55619   1.79039684E+001
   1667.22241   1.93446024E+001
   1665.88863   2.11032817E+001
   1664.55485   2.32224557E+001
   1663.22107   2.56549629E+001
   1661.88730   2.81434835E+001
   1660.55352   3.01451876E+001
   1659.21974   3.10576268E+001
   1657.88596   3.07395959E+001
   1656.55218   2.96649652E+001
   1655.21841   2.84655675E+001
   1653.88463   2.75346256E+001
   1652.55085   2.70054517E+001
   1651.21707   2.68757821E+001
   1649.88329   2.71015494E+001
   1648.54952   2.76391843E+001
   1647.21574   2.84593760E+001
   1645.88196   2.95497995E+001
   1644.54818   3.09149210E+001
   1643.21440   3.25759954E+001
   1641.88063   3.45723990E+001
   1640.54685   3.69648531E+001
   1639.21307   3.98410478E+001
   1637.87929   4.33242875E+001
   1636.54552   4.75857782E+001
   1635.21174   5.28604932E+001
   1633.87796   5.94636976E+001
   1632.54418   6.77962858E+001
   1631.21040   7.83032230E+001
   1629.87663   9.12969524E+001
   1628.54285   1.06486625E+002
   1627.20907   1.22130302E+002
   1625.87529   1.34437370E+002
   1624.54151   1.39023270E+002
   1623.20774   1.34607947E+002
   1621.87396   1.24379647E+002
   1620.54018   1.12867630E+002
   1619.20640   1.02972245E+002
   1617.87262   9.56945998E+001
   1616.53885   9.10117452E+001
   1615.20507   8.85660886E+001
   1613.87129   8.79804098E+001
   1612.53751   8.89586733E+001
   1611.20373   9.13012844E+001
   1609.86996   9.48947810E+001
   1608.53618   9.96982167E+001
   1607.20240   1.05733042E+002
   1605.86862   1.13077959E+002
   1604.53484   1.21868759E+002
   1603.20107   1.32303081E+002
   1601.86729   1.44650395E+002
   1600.53351   1.59268090E+002
   1599.19973   1.76625316E+002
   1597.86596   1.97337223E+002
   1596.53218   2.22213646E+002
   1595.19840   2.52328217E+002
   1593.86462   2.89116640E+002
   1592.53084   3.34516373E+002
   1591.19707   3.91163782E+002
   1589.86329   4.62666421E+002
   1588.52951   5.53958978E+002
   1587.19573   6.71706518E+002
   1585.86195   8.24570243E+002
   1584.52818   1.02273543E+003
   1583.19440   1.27511682E+003
   1581.86062   1.58098753E+003
   1580.52684   1.91258061E+003
   1579.19306   2.19568803E+003
   1577.85929   2.32353306E+003
   1576.52551   2.23355724E+003
   1575.19173   1.97075559E+003
   1573.85795   1.64099189E+003
   1572.52417   1.32723777E+003
   1571.19040   1.06458179E+003
   1569.85662   8.57102007E+002
   1568.52284   6.96781395E+002
   1567.18906   5.73347103E+002
   1565.85529   4.77784766E+002
   1564.52151   4.03073743E+002
   1563.18773   3.43991697E+002
   1561.85395   2.96715251E+002
   1560.52017   2.58450206E+002
   1559.18640   2.27143852E+002
   1557.85262   2.01275146E+002
   1556.51884   1.79705513E+002
   1555.18506   1.61573581E+002
   1553.85128   1.46220848E+002
   1552.51751   1.33138906E+002
   1551.18373   1.21931673E+002
   1549.84995   1.12288155E+002
   1548.51617   1.03962633E+002
   1547.18239   9.67601607E+001
   1545.84862   9.05259069E+001
   1544.51484   8.51373469E+001
   1543.18106   8.04986000E+001
   1541.84728   7.65364641E+001
   1540.51350   7.31978570E+001
   1539.17973   7.04485249E+001
   1537.84595   6.82730040E+001
   1536.51217   6.66759621E+001
   1535.17839   6.56852007E+001
   1533.84461   6.53567783E+001
   1532.51084   6.57828964E+001
   1531.17706   6.71032538E+001
   1529.84328   6.95201207E+001
   1528.50950   7.33152483E+001
   1527.17573   7.88597816E+001
   1525.84195   8.65891612E+001
   1524.50817   9.68706501E+001
   1523.17439   1.09620827E+002
   1521.84061   1.23546476E+002
   1520.50684   1.35403912E+002
   1519.17306   1.40865963E+002
   1517.83928   1.37915878E+002
   1516.50550   1.29068147E+002
   1515.17172   1.18977059E+002
   1513.83795   1.11088647E+002
   1512.50417   1.06769358E+002
   1511.17039   1.05774842E+002
   1509.83661   1.06558232E+002
   1508.50283   1.06615928E+002
   1507.16906   1.03878387E+002
   1505.83528   9.84675629E+001
   1504.50150   9.24266233E+001
   1503.16772   8.78710328E+001
   1501.83394   8.59854593E+001
   1500.50017   8.70820500E+001
   1499.16639   9.07012482E+001
   1497.83261   9.53215129E+001
   1496.49883   9.81839633E+001
   1495.16506   9.64700616E+001
   1493.83128   8.96244645E+001
   1492.49750   7.97835656E+001
   1491.16372   6.96190812E+001
   1489.82994   6.06900826E+001
   1488.49617   5.34400588E+001
   1487.16239   4.77523336E+001
   1485.82861   4.33434894E+001
   1484.49483   3.99331896E+001
   1483.16105   3.72941063E+001
   1481.82728   3.52557143E+001
   1480.49350   3.36949537E+001
   1479.15972   3.25256150E+001
   1477.82594   3.16898533E+001
   1476.49216   3.11523730E+001
   1475.15839   3.08970571E+001
   1473.82461   3.09257487E+001
   1472.49083   3.12590183E+001
   1471.15705   3.19388360E+001
   1469.82327   3.30328624E+001
   1468.48950   3.46390092E+001
   1467.15572   3.68855145E+001
   1465.82194   3.99127782E+001
   1464.48816   4.38040700E+001
   1463.15438   4.84094415E+001
   1461.82061   5.30490568E+001
   1460.48683   5.63597971E+001
   1459.15305   5.69109252E+001
   1457.81927   5.44634830E+001
   1456.48550   5.02219492E+001
   1455.15172   4.56773757E+001
   1453.81794   4.17114486E+001
   1452.48416   3.85923368E+001
   1451.15038   3.62772965E+001
   1449.81661   3.46283954E+001
   1448.48283   3.35064079E+001
   1447.14905   3.27990852E+001
   1445.81527   3.24240610E+001
   1444.48149   3.23244887E+001
   1443.14772   3.24639671E+001
   1441.81394   3.28226988E+001
   1440.48016   3.33952509E+001
   1439.14638   3.41898378E+001
   1437.81260   3.52288660E+001
   1436.47883   3.65500984E+001
   1435.14505   3.82065347E+001
   1433.81127   4.02596406E+001
   1432.47749   4.27529013E+001
   1431.14371   4.56423579E+001
   1429.80994   4.86723345E+001
   1428.47616   5.12892486E+001
   1427.14238   5.28572123E+001
   1425.80860   5.31985074E+001
   1424.47482   5.27871469E+001
   1423.14105   5.22892723E+001
   1421.80727   5.21324220E+001
   1420.47349   5.24686391E+001
   1419.13971   5.33025803E+001
   1417.80594   5.45917937E+001
   1416.47216   5.62924726E+001
   1415.13838   5.83741492E+001
   1413.80460   6.08220185E+001
   1412.47082   6.36355888E+001
   1411.13705   6.68268745E+001
   1409.80327   7.04191107E+001
   1408.46949   7.44461875E+001
   1407.13571   7.89527877E+001
   1405.80193   8.39951857E+001
   1404.46816   8.96426996E+001
   1403.13438   9.59798438E+001
   1401.80060   1.03109290E+002
   1400.46682   1.11155817E+002
   1399.13304   1.20271513E+002
   1397.79927   1.30642629E+002
   1396.46549   1.42498610E+002
   1395.13171   1.56124091E+002
   1393.79793   1.71874946E+002
   1392.46415   1.90199950E+002
   1391.13038   2.11670293E+002
   1389.79660   2.37020204E+002
   1388.46282   2.67203391E+002
   1387.12904   3.03472160E+002
   1385.79527   3.47489125E+002
   1384.46149   4.01485516E+002
   1383.12771   4.68484925E+002
   1381.79393   5.52614712E+002
   1380.46015   6.59521800E+002
   1379.12638   7.96872175E+002
   1377.79260   9.74780291E+002
   1376.45882   1.20562547E+003
   1375.12504   1.50173674E+003
   1373.79126   1.86753236E+003
   1372.45749   2.28122424E+003
   1371.12371   2.66855240E+003
   1369.78993   2.90139766E+003
   1368.45615   2.87288373E+003
   1367.12237   2.59932985E+003
   1365.78860   2.20318529E+003
   1364.45482   1.80417785E+003
   1363.12104   1.46326897E+003
   1361.78726   1.19471781E+003
   1360.45348   9.91884246E+002
   1359.11971   8.42611264E+002
   1357.78593   7.34781337E+002
   1356.45215   6.56690295E+002
   1355.11837   5.95798349E+002
   1353.78459   5.39670096E+002
   1352.45082   4.81000846E+002
   1351.11704   4.20803013E+002
   1349.78326   3.64212122E+002
   1348.44948   3.14905763E+002
   1347.11571   2.73764952E+002
   1345.78193   2.40030959E+002
   1344.44815   2.12445461E+002
   1343.11437   1.89798598E+002
   1341.78059   1.71097870E+002
   1340.44682   1.55580685E+002
   1339.11304   1.42680939E+002
   1337.77926   1.31991320E+002
   1336.44548   1.23233830E+002
   1335.11170   1.16240450E+002
   1333.77793   1.10941674E+002
   1332.44415   1.07356369E+002
   1331.11037   1.05566315E+002
   1329.77659   1.05635403E+002
   1328.44281   1.07396994E+002
   1327.10904   1.10045596E+002
   1325.77526   1.11754759E+002
   1324.44148   1.10166878E+002
   1323.10770   1.04182649E+002
   1321.77392   9.50482551E+001
   1320.44015   8.50459153E+001
   1319.10637   7.57935982E+001
   1317.77259   6.78983946E+001
   1316.43881   6.13678764E+001
   1315.10504   5.59935064E+001
   1313.77126   5.15376739E+001
   1312.43748   4.77967880E+001
   1311.10370   4.46122509E+001
   1309.76992   4.18647222E+001
   1308.43615   3.94651838E+001
   1307.10237   3.73469926E+001
   1305.76859   3.54597676E+001
   1304.43481   3.37649383E+001
   1303.10103   3.22325673E+001
   1301.76726   3.08390941E+001
   1300.43348   2.95657264E+001
   1299.09970   2.83972855E+001
   1297.76592   2.73213686E+001
   1296.43214   2.63277345E+001
   1295.09837   2.54078486E+001
   1293.76459   2.45545416E+001
   1292.43081   2.37617516E+001
   1291.09703   2.30243264E+001
   1289.76325   2.23378723E+001
   1288.42948   2.16986364E+001
   1287.09570   2.11034159E+001
   1285.76192   2.05494879E+001
   1284.42814   2.00345556E+001
   1283.09436   1.95567088E+001
   1281.76059   1.91143951E+001
   1280.42681   1.87064022E+001
   1279.09303   1.83318497E+001
   1277.75925   1.79901898E+001
   1276.42548   1.76812188E+001
   1275.09170   1.74050990E+001
   1273.75792   1.71623928E+001
   1272.42414   1.69541125E+001
   1271.09036   1.67817878E+001
   1269.75659   1.66475573E+001
   1268.42281   1.65542902E+001
   1267.08903   1.65057469E+001
   1265.75525   1.65067944E+001
   1264.42147   1.65636914E+001
   1263.08770   1.66844727E+001
   1261.75392   1.68794687E+001
   1260.42014   1.71620138E+001
   1259.08636   1.75494222E+001
   1257.75258   1.80643434E+001
   1256.41881   1.87366625E+001
   1255.08503   1.96061819E+001
   1253.75125   2.07264239E+001
   1252.41747   2.21700101E+001
   1251.08369   2.40361748E+001
   1249.74992   2.64608763E+001
   1248.41614   2.96291972E+001
   1247.08236   3.37868447E+001
   1245.74858   3.92389820E+001
   1244.41480   4.63026153E+001
   1243.08103   5.51339252E+001
   1241.74725   6.53069460E+001
   1240.41347   7.51535477E+001
   1239.07969   8.15616639E+001
   1237.74592   8.15919773E+001
   1236.41214   7.51771687E+001
   1235.07836   6.51933551E+001
   1233.74458   5.47896741E+001
   1232.41080   4.56920604E+001
   1231.07703   3.83606782E+001
   1229.74325   3.26518030E+001
   1228.40947   2.82504125E+001
   1227.07569   2.48498559E+001
   1225.74191   2.22023996E+001
   1224.40814   2.01213503E+001
   1223.07436   1.84697649E+001
   1221.74058   1.71480368E+001
   1220.40680   1.60837354E+001
   1219.07302   1.52240704E+001
   1217.73925   1.45305327E+001
   1216.40547   1.39751626E+001
   1215.07169   1.35379966E+001
   1213.73791   1.32053670E+001
   1212.40413   1.29688386E+001
   1211.07036   1.28246529E+001
   1209.73658   1.27736180E+001
   1208.40280   1.28214427E+001
   1207.06902   1.29795672E+001
   1205.73525   1.32665948E+001
   1204.40147   1.37104571E+001
   1203.06769   1.43513826E+001
   1201.73391   1.52453797E+001
   1200.40013   1.64667217E+001
   1199.06636   1.81044548E+001
   1197.73258   2.02396058E+001
   1196.39880   2.28750701E+001
   1195.06502   2.57856451E+001
   1193.73124   2.83383343E+001
   1192.39747   2.95800392E+001
   1191.06369   2.88929728E+001
   1189.72991   2.66119067E+001
   1188.39613   2.36739875E+001
   1187.06235   2.08521501E+001
   1185.72858   1.84887088E+001
   1184.39480   1.66339134E+001
   1183.06102   1.52201418E+001
   1181.72724   1.41556185E+001
   1180.39346   1.33587738E+001
   1179.05969   1.27659192E+001
   1177.72591   1.23298096E+001
   1176.39213   1.20161031E+001
   1175.05835   1.18000127E+001
   1173.72457   1.16636845E+001
   1172.39080   1.15942864E+001
   1171.05702   1.15826528E+001
   1169.72324   1.16223372E+001
   1168.38946   1.17089520E+001
   1167.05569   1.18397109E+001
   1165.72191   1.20131156E+001
   1164.38813   1.22287437E+001
   1163.05435   1.24871138E+001
   1161.72057   1.27896074E+001
   1160.38680   1.31384377E+001
   1159.05302   1.35366574E+001
   1157.71924   1.39882030E+001
   1156.38546   1.44979750E+001
   1155.05168   1.50719558E+001
   1153.71791   1.57173719E+001
   1152.38413   1.64429060E+001
   1151.05035   1.72589719E+001
   1149.71657   1.81780686E+001
   1148.38279   1.92152343E+001
   1147.04902   2.03886305E+001
   1145.71524   2.17202993E+001
   1144.38146   2.32371482E+001
   1143.04768   2.49722435E+001
   1141.71390   2.69665228E+001
   1140.38013   2.92710830E+001
   1139.04635   3.19502678E+001
   1137.71257   3.50858747E+001
   1136.37879   3.87829442E+001
   1135.04502   4.31777954E+001
   1133.71124   4.84492566E+001
   1132.37746   5.48344090E+001
   1131.04368   6.26505522E+001
   1129.70990   7.23252517E+001
   1128.37613   8.44353389E+001
   1127.04235   9.97510386E+001
   1125.70857   1.19266377E+002
   1124.37479   1.44157614E+002
   1123.04101   1.75531486E+002
   1121.70724   2.13749720E+002
   1120.37346   2.57364020E+002
   1119.03968   3.02818037E+002
   1117.70590   3.46685157E+002
   1116.37212   3.87929813E+002
   1115.03835   4.24020738E+002
   1113.70457   4.44682012E+002
   1112.37079   4.36257902E+002
   1111.03701   3.96345630E+002
   1109.70323   3.38019021E+002
   1108.36946   2.77593677E+002
   1107.03568   2.24631044E+002
   1105.70190   1.81832350E+002
   1104.36812   1.48435201E+002
   1103.03434   1.22646913E+002
   1101.70057   1.02697528E+002
   1100.36679   8.71471892E+001
   1099.03301   7.49058527E+001
   1097.69923   6.51709384E+001
   1096.36546   5.73565311E+001
   1095.03168   5.10348653E+001
   1093.69790   4.58927340E+001
   1092.36412   4.17004345E+001
   1091.03034   3.82901692E+001
   1089.69657   3.55413554E+001
   1088.36279   3.33710187E+001
   1087.02901   3.17280845E+001
   1085.69523   3.05908729E+001
   1084.36145   2.99674351E+001
   1083.02768   2.98984397E+001
   1081.69390   3.04617467E+001
   1080.36012   3.17755331E+001
   1079.02634   3.39901892E+001
   1077.69256   3.72431721E+001
   1076.35879   4.15228893E+001
   1075.02501   4.63799759E+001
   1073.69123   5.05857896E+001
   1072.35745   5.23115962E+001
   1071.02367   5.03904243E+001
   1069.68990   4.54783531E+001
   1068.35612   3.93623695E+001
   1067.02234   3.35023693E+001
   1065.68856   2.85374483E+001
   1064.35478   2.45547729E+001
   1063.02101   2.14203032E+001
   1061.68723   1.89556095E+001
   1060.35345   1.70023646E+001
   1059.01967   1.54365568E+001
   1057.68590   1.41655938E+001
   1056.35212   1.31215015E+001
   1055.01834   1.22545193E+001
   1053.68456   1.15280921E+001
   1052.35078   1.09152185E+001
   1051.01701   1.03958648E+001
   1049.68323   9.95516003E+000
   1048.34945   9.58214989E+000
   1047.01567   9.26895129E+000
   1045.68189   9.01020307E+000
   1044.34812   8.80274722E+000
   1043.01434   8.64550586E+000
   1041.68056   8.53954502E+000
   1040.34678   8.48833973E+000
   1039.01300   8.49827742E+000
   1037.67923   8.57945495E+000
   1036.34545   8.74682219E+000
   1035.01167   9.02164722E+000
   1033.67789   9.43297092E+000
   1032.34411   1.00177829E+001
   1031.01034   1.08162117E+001
   1029.67656   1.18529226E+001
   1028.34278   1.30902005E+001
   1027.00900   1.43508885E+001
   1025.67523   1.52851056E+001
   1024.34145   1.55434536E+001
   1023.00767   1.51035439E+001
   1021.67389   1.43143254E+001
   1020.34011   1.35868500E+001
   1019.00634   1.31650616E+001
   1017.67256   1.31078715E+001
   1016.33878   1.33173908E+001
   1015.00500   1.35398899E+001
   1013.67122   1.34367460E+001
   1012.33745   1.28150045E+001
   1011.00367   1.17949602E+001
   1009.66989   1.06625654E+001
   1008.33611   9.63556133E+000
   1007.00233   8.80044989E+000
   1005.66856   8.16065393E+000
   1004.33478   7.68554595E+000
   1003.00100   7.33210109E+000
   1001.66722   7.05163871E+000
   1000.33344   6.80093614E+000
    998.99967   6.56056933E+000
    997.66589   6.33724511E+000
    996.33211   6.14502317E+000
    994.99833   5.99097756E+000
    993.66455   5.87460143E+000
    992.33078   5.79196619E+000
    990.99700   5.73867130E+000
    989.66322   5.71104478E+000
    988.32944   5.70642246E+000
    986.99567   5.72309523E+000
    985.66189   5.76018457E+000
    984.32811   5.81753711E+000
    982.99433   5.89566279E+000
    981.66055   5.99572076E+000
    980.32678   6.11955292E+000
    978.99300   6.26976785E+000
    977.65922   6.44988248E+000
    976.32544   6.66453550E+000
    974.99166   6.91979526E+000
    973.65789   7.22359727E+000
    972.32411   7.58636338E+000
    970.99033   8.02187938E+000
    969.65655   8.54854058E+000
    968.32277   9.19111651E+000
    966.98900   9.98322276E+000
    965.65522   1.09706760E+001
    964.32144   1.22157025E+001
    962.98766   1.38011598E+001
    961.65388   1.58314450E+001
    960.32011   1.84202153E+001
    958.98633   2.16409844E+001
    957.65255   2.53991277E+001
    956.31877   2.92110645E+001
    954.98499   3.20759046E+001
    953.65122   3.29078522E+001
    952.31744   3.14846243E+001
    950.98366   2.86906641E+001
    949.64988   2.56692007E+001
    948.31611   2.31204954E+001
    946.98233   2.12786124E+001
    945.64855   2.01391427E+001
    944.31477   1.96274725E+001
    942.98099   1.96746670E+001
    941.64722   2.02431668E+001
    940.31344   2.13337966E+001
    938.97966   2.29887845E+001
    937.64588   2.52966761E+001
    936.31210   2.84014938E+001
    934.97833   3.25168812E+001
    933.64455   3.79437307E+001
    932.31077   4.50833404E+001
    930.97699   5.44200180E+001
    929.64321   6.64031219E+001
    928.30944   8.10798413E+001
    926.97566   9.72996040E+001
    925.64188   1.11731514E+002
    924.30810   1.19252912E+002
    922.97432   1.16407709E+002
    921.64055   1.04857141E+002
    920.30677   8.96635357E+001
    918.97299   7.51189100E+001
    917.63921   6.32019923E+001
    916.30544   5.42978118E+001
    914.97166   4.81555256E+001
    913.63788   4.44096598E+001
    912.30410   4.27555083E+001
    910.97032   4.29251913E+001
    909.63655   4.45080137E+001
    908.30277   4.66441113E+001
    906.96899   4.78686311E+001
    905.63521   4.67140247E+001
    904.30143   4.29122511E+001
    902.96766   3.75904332E+001
    901.63388   3.21353997E+001
    900.30010   2.73471113E+001
    898.96632   2.34467732E+001
    897.63254   2.03672182E+001
    896.29877   1.79562639E+001
    894.96499   1.60639332E+001
    893.63121   1.45678081E+001
    892.29743   1.33746387E+001
    890.96365   1.24151837E+001
    889.62988   1.16383426E+001
    888.29610   1.10062871E+001
    886.96232   1.04908072E+001
    885.62854   1.00706774E+001
    884.29476   9.72978246E+000
    882.96099   9.45578799E+000
    881.62721   9.23919332E+000
    880.29343   9.07265208E+000
    878.95965   8.95048138E+000
    877.62588   8.86830457E+000
    876.29210   8.82278979E+000
    874.95832   8.81145823E+000
    873.62454   8.83254372E+000
    872.29076   8.88489112E+000
    870.95699   8.96788443E+000
    869.62321   9.08139866E+000
    868.28943   9.22577109E+000
    866.95565   9.40178933E+000
    865.62187   9.61069445E+000
    864.28810   9.85419874E+000
    862.95432   1.01345181E+001
    861.62054   1.04544202E+001
    860.28676   1.08172902E+001
    858.95298   1.12272170E+001
    857.61921   1.16891036E+001
    856.28543   1.22088074E+001
    854.95165   1.27933172E+001
    853.61787   1.34509772E+001
    852.28409   1.41917700E+001
    850.95032   1.50276762E+001
    849.61654   1.59731340E+001
    848.28276   1.70456294E+001
    846.94898   1.82664610E+001
    845.61521   1.96617371E+001
    844.28143   2.12636889E+001
    842.94765   2.31124131E+001
    841.61387   2.52582093E+001
    840.28009   2.77647436E+001
    838.94632   3.07133753E+001
    837.61254   3.42091329E+001
    836.27876   3.83890472E+001
    834.94498   4.34338668E+001
    833.61120   4.95846296E+001
    832.27743   5.71661332E+001
    830.94365   6.66199378E+001
    829.60987   7.85496529E+001
    828.27609   9.37793218E+001
    826.94231   1.13417116E+002
    825.60854   1.38889034E+002
    824.27476   1.71832450E+002
    822.94098   2.13570391E+002
    821.60720   2.63636536E+002
    820.27342   3.16948397E+002
    818.93965   3.61225254E+002
    817.60587   3.80204027E+002
    816.27209   3.65266735E+002
    814.93831   3.23476092E+002
    813.60453   2.70735358E+002
    812.27076   2.20028933E+002
    810.93698   1.77249735E+002
    809.60320   1.43312433E+002
    808.26942   1.17043495E+002
    806.93565   9.68155999E+001
    805.60187   8.11685409E+001
    804.26809   6.89544829E+001
    802.93431   5.93161070E+001
    801.60053   5.16247122E+001
    800.26676   4.54206430E+001
    798.93298   4.03663188E+001
    797.59920   3.62117775E+001
    796.26542   3.27701128E+001
    794.93164   2.99001256E+001
    793.59787   2.74940699E+001
    792.26409   2.54689508E+001
    790.93031   2.37603002E+001
    789.59653   2.23176858E+001
    788.26275   2.11014417E+001
    786.92898   2.00802717E+001
    785.59520   1.92294777E+001
    784.26142   1.85296481E+001
    782.92764   1.79656840E+001
    781.59386   1.75260820E+001
    780.26009   1.72024149E+001
    778.92631   1.69889698E+001
    777.59253   1.68825175E+001
    776.25875   1.68821960E+001
    774.92497   1.69895026E+001
    773.59120   1.72083922E+001
    772.25742   1.75454941E+001
    770.92364   1.80104622E+001
    769.58986   1.86164909E+001
    768.25609   1.93810393E+001
    766.92231   2.03268297E+001
    765.58853   2.14832148E+001
    764.25475   2.28880479E+001
    762.92097   2.45902536E+001
    761.58720   2.66533828E+001
    760.25342   2.91605649E+001
    758.91964   3.22214626E+001
    757.58586   3.59820988E+001
    756.25208   4.06387951E+001
    754.91831   4.64578948E+001
    753.58453   5.38032823E+001
    752.25075   6.31733339E+001
    750.91697   7.52459394E+001
    749.58319   9.09193000E+001
    748.24942   1.11303804E+002
    746.91564   1.37537780E+002
    745.58186   1.70134361E+002
    744.24808   2.07412083E+002
    742.91430   2.43102562E+002
    741.58053   2.65807261E+002
    740.24675   2.65170923E+002
    738.91297   2.41512597E+002
    737.57919   2.05487466E+002
    736.24542   1.68319357E+002
    734.91164   1.36003893E+002
    733.57786   1.10061711E+002
    732.24408   8.99220317E+001
    730.91030   7.44387838E+001
    729.57653   6.25106874E+001
    728.24275   5.32517305E+001
    726.90897   4.59949158E+001
    725.57519   4.02506484E+001
    724.24141   3.56620095E+001
    722.90764   3.19683344E+001
    721.57386   2.89781896E+001
    720.24008   2.65500645E+001
    718.90630   2.45787793E+001
    717.57252   2.29859632E+001
    716.23875   2.17133974E+001
    714.90497   2.07183777E+001
    713.57119   1.99705265E+001
    712.23741   1.94496733E+001
    710.90363   1.91445617E+001
    709.56986   1.90522466E+001
    708.23608   1.91781226E+001
    706.90230   1.95366045E+001
    705.56852   2.01525567E+001
    704.23474   2.10636620E+001
    702.90097   2.23240421E+001
    701.56719   2.40095982E+001
    700.23341   2.62257311E+001
    698.89963   2.91182832E+001
    697.56586   3.28885211E+001
    696.23208   3.78121637E+001
    694.89830   4.42591632E+001
    693.56452   5.27009625E+001
    692.23074   6.36666817E+001
    690.89697   7.75605213E+001
    689.56319   9.42083373E+001
    688.22941   1.12121523E+002
    686.89563   1.27951323E+002
    685.56185   1.37036170E+002
    684.22808   1.35600431E+002
    682.89430   1.23776983E+002
    681.56052   1.05964895E+002
    680.22674   8.73216154E+001
    678.89296   7.08946948E+001
    677.55919   5.75819086E+001
    676.22541   4.71745402E+001
    674.89163   3.91247425E+001
    673.55785   3.28837958E+001
    672.22407   2.80030833E+001
    670.89030   2.41421927E+001
    669.55652   2.10500353E+001
    668.22274   1.85428231E+001
    666.88896   1.64857078E+001
    665.55519   1.47790126E+001
    664.22141   1.33483311E+001
    662.88763   1.21375131E+001
    661.55385   1.11037109E+001
    660.22007   1.02138660E+001
    658.88630   9.44220036E+000
    657.55252   8.76840818E+000
    656.21874   8.17633982E+000
    654.88496   7.65303423E+000
    653.55118   7.18800037E+000
    652.21741   6.77267824E+000
    650.88363   6.40003069E+000
    649.54985   6.06423154E+000
    648.21607   5.76042502E+000
    646.88229   5.48453887E+000
    645.54852   5.23313781E+000
    644.21474   5.00330784E+000
    642.88096   4.79256430E+000
    641.54718   4.59877817E+000
    640.21340   4.42011674E+000
    638.87963   4.25499547E+000
    637.54585   4.10203879E+000
    636.21207   3.96004788E+000
    634.87829   3.82797415E+000
    633.54451   3.70489732E+000
    632.21074   3.59000704E+000
    630.87696   3.48258771E+000
    629.54318   3.38200553E+000
    628.20940   3.28769781E+000
    626.87563   3.19916373E+000
    625.54185   3.11595659E+000
    624.20807   3.03767724E+000
    622.87429   2.96396842E+000
    621.54051   2.89450990E+000
    620.20674   2.82901440E+000
    618.87296   2.76722399E+000
    617.53918   2.70890709E+000
    616.20540   2.65385580E+000
    614.87162   2.60188371E+000
    613.53785   2.55282399E+000
    612.20407   2.50652772E+000
    610.87029   2.46286261E+000
    609.53651   2.42171183E+000
    608.20273   2.38297314E+000
    606.86896   2.34655820E+000
    605.53518   2.31239212E+000
    604.20140   2.28041313E+000
    602.86762   2.25057261E+000
    601.53384   2.22283519E+000
    600.20007   2.19717925E+000
    598.86629   2.17359759E+000
    597.53251   2.15209851E+000
    596.19873   2.13270727E+000
    594.86495   2.11546804E+000
    593.53118   2.10044647E+000
    592.19740   2.08773296E+000
    590.86362   2.07744705E+000
    589.52984   2.06974287E+000
    588.19607   2.06481638E+000
    586.86229   2.06291475E+000
    585.52851   2.06434852E+000
    584.19473   2.06950779E+000
    582.86095   2.07888358E+000
    581.52718   2.09309654E+000
    580.19340   2.11293571E+000
    578.85962   2.13941149E+000
    577.52584   2.17382868E+000
    576.19206   2.21788814E+000
    574.85829   2.27382954E+000
    573.52451   2.34463326E+000
    572.19073   2.43430627E+000
    570.85695   2.54828541E+000
    569.52317   2.69399458E+000
    568.18940   2.88157586E+000
    566.85562   3.12472715E+000
    565.52184   3.44128796E+000
    564.18806   3.85239368E+000
    562.85428   4.37705335E+000
    561.52051   5.01558215E+000
    560.18673   5.71446135E+000
    558.85295   6.32511964E+000
    557.51917   6.62680487E+000
    556.18540   6.48074928E+000
    554.85162   5.96967485E+000
    553.51784   5.31175884E+000
    552.18406   4.68417500E+000
    550.85028   4.16448775E+000
    549.51651   3.76369259E+000
    548.18273   3.46622932E+000
    546.84895   3.25128881E+000
    545.51517   3.10057097E+000
    544.18139   2.99999713E+000
    542.84762   2.93937246E+000
    541.51384   2.91158644E+000
    540.18006   2.91186865E+000
    538.84628   2.93722095E+000
    537.51250   2.98602261E+000
    536.17873   3.05777615E+000
    534.84495   3.15296310E+000
    533.51117   3.27298810E+000
    532.17739   3.42019937E+000
    530.84361   3.59798293E+000
    529.50984   3.81093644E+000
    528.17606   4.06513835E+000
    526.84228   4.36853933E+000
    525.50850   4.73151846E+000
    524.17472   5.16766794E+000
    522.84095   5.69489987E+000
    521.50717   6.33701036E+000
    520.17339   7.12588919E+000
    518.83961   8.10461950E+000
    517.50584   9.33172916E+000
    516.17206   1.08866995E+001
    514.83828   1.28761205E+001
    513.50450   1.54376166E+001
    512.17072   1.87327864E+001
    510.83695   2.29086289E+001
    509.50317   2.79958364E+001
    508.16939   3.37434257E+001
    506.83561   3.95158050E+001
    505.50183   4.44062817E+001
    504.16806   4.73570687E+001
    502.83428   4.72631115E+001
    501.50050   4.37515252E+001
    500.16672   3.78910972E+001
    498.83294   3.14126281E+001
    497.49917   2.55334032E+001
    496.16539   2.07006796E+001
    494.83161   1.69025224E+001
    493.49783   1.39635886E+001
    492.16405   1.16902973E+001
    490.83028   9.91925816E+000
    489.49650   8.52489034E+000
    488.16272   7.41410265E+000
    486.82894   6.51866927E+000
    485.49517   5.78856292E+000
    484.16139   5.18686529E+000
    482.82761   4.68607893E+000
    481.49383   4.26550772E+000
    480.16005   3.90940544E+000
    478.82628   3.60566417E+000
    477.49250   3.34487890E+000
    476.15872   3.11967493E+000
    474.82494   2.92421963E+000
    473.49116   2.75386475E+000
    472.15739   2.60488196E+000
    470.82361   2.47426576E+000
    469.48983   2.35958568E+000
    468.15605   2.25887488E+000
    466.82227   2.17054626E+000
    465.48850   2.09332965E+000
    464.15472   2.02622555E+000
    462.82094   1.96847256E+000
    461.48716   1.91952638E+000
    460.15338   1.87904961E+000
    458.81961   1.84691228E+000
    457.48583   1.82320386E+000
    456.15205   1.80825910E+000
    454.81827   1.80270096E+000
    453.48449   1.80750641E+000
    452.15072   1.82410338E+000
    450.81694   1.85451165E+000
    449.48316   1.90154565E+000
    448.14938   1.96910526E+000
    446.81561   2.06258841E+000
    445.48183   2.18946352E+000
    444.14805   2.36002203E+000
    442.81427   2.58824164E+000
    441.48049   2.89238950E+000
    440.14672   3.29414621E+000
    438.81294   3.81299992E+000
    437.47916   4.44912074E+000
    436.14538   5.14703618E+000
    434.81160   5.75301596E+000
    433.47783   6.03869206E+000
    432.14405   5.86040752E+000
    430.81027   5.30346160E+000
    429.47649   4.59321287E+000
    428.14271   3.91265330E+000
    426.80894   3.34179806E+000
    425.47516   2.89183577E+000
    424.14138   2.54649988E+000
    422.80760   2.28410548E+000
    421.47382   2.08558246E+000
    420.14005   1.93626428E+000
    418.80627   1.82556666E+000
    417.47249   1.74620313E+000
    416.13871   1.69347905E+000
    414.80493   1.66479963E+000
    413.47116   1.65940167E+000
    412.13738   1.67829067E+000
    410.80360   1.72435949E+000
    409.46982   1.80263719E+000
    408.13605   1.92050227E+000
    406.80227   2.08734905E+000
    405.46849   2.31233405E+000
    404.13471   2.59721819E+000
    402.80093   2.92038445E+000
    401.46716   3.21559153E+000
    400.13338   3.37558267E+000
    398.79960   3.31991085E+000
    397.46582   3.07329180E+000
    396.13204   2.73945931E+000
    394.79827   2.41201211E+000
    393.46449   2.13566070E+000
    392.13071   1.91910230E+000
    390.79693   1.75567946E+000
    389.46315   1.63518978E+000
    388.12938   1.54841318E+000
    386.79560   1.48823433E+000
    385.46182   1.44956787E+000
    384.12804   1.42899317E+000
    382.79426   1.42440439E+000
    381.46049   1.43475557E+000
    380.12671   1.45990819E+000
    378.79293   1.50057291E+000
    377.45915   1.55833947E+000
    376.12538   1.63579828E+000
    374.79160   1.73676842E+000
    373.45782   1.86666086E+000
    372.12404   2.03302218E+000
    370.79026   2.24631942E+000
    369.45649   2.52103065E+000
    368.12271   2.87705726E+000
    366.78893   3.34125894E+000
    365.45515   3.94822362E+000
    364.12137   4.73750361E+000
    362.78760   5.74025617E+000
    361.45382   6.94167221E+000
    360.12004   8.20832281E+000
    358.78626   9.22212731E+000
    357.45248   9.57361409E+000
    356.11871   9.08384663E+000
    354.78493   7.98976594E+000
    353.45115   6.70376970E+000
    352.11737   5.51487041E+000
    350.78359   4.53220151E+000
    349.44982   3.75939753E+000
    348.11604   3.16222428E+000
    346.78226   2.70129313E+000
    345.44848   2.34303698E+000
    344.11470   2.06159879E+000
    342.78093   1.83782181E+000
    341.44715   1.65769207E+000
    340.11337   1.51095915E+000
    338.77959   1.39007954E+000
    337.44582   1.28945062E+000
    336.11204   1.20486708E+000
    334.77826   1.13313744E+000
    333.44448   1.07181285E+000
    332.11070   1.01899416E+000
    330.77693   9.73193454E-001
    329.44315   9.33233670E-001
    328.10937   8.98175201E-001
    326.77559   8.67261570E-001
    325.44181   8.39878893E-001
    324.10804   8.15525301E-001
    322.77426   7.93787682E-001
    321.44048   7.74323815E-001
    320.10670   7.56848546E-001
    318.77292   7.41122995E-001
    317.43915   7.26946073E-001
    316.10537   7.14147759E-001
    314.77159   7.02583751E-001
    313.43781   6.92131161E-001
    312.10403   6.82685056E-001
    310.77026   6.74155643E-001
    309.43648   6.66465981E-001
    308.10270   6.59550102E-001
    306.76892   6.53351474E-001
    305.43515   6.47821730E-001
    304.10137   6.42919622E-001
    302.76759   6.38610153E-001
    301.43381   6.34863861E-001
    300.10003   6.31656229E-001
    298.76626   6.28967201E-001
    297.43248   6.26780786E-001
    296.09870   6.25084736E-001
    294.76492   6.23870300E-001
    293.43114   6.23132025E-001
    292.09737   6.22867621E-001
    290.76359   6.23077867E-001
    289.42981   6.23766566E-001
    288.09603   6.24940542E-001
    286.76225   6.26609679E-001
    285.42848   6.28787002E-001
    284.09470   6.31488807E-001
    282.76092   6.34734827E-001
    281.42714   6.38548457E-001
    280.09336   6.42957025E-001
    278.75959   6.47992128E-001
    277.42581   6.53690032E-001
    276.09203   6.60092148E-001
    274.75825   6.67245597E-001
    273.42447   6.75203874E-001
    272.09070   6.84027633E-001
    270.75692   6.93785610E-001
    269.42314   7.04555708E-001
    268.08936   7.16426283E-001
    266.75559   7.29497660E-001
    265.42181   7.43883934E-001
    264.08803   7.59715107E-001
    262.75425   7.77139647E-001
    261.42047   7.96327541E-001
    260.08670   8.17473984E-001
    258.75292   8.40803822E-001
    257.41914   8.66576951E-001
    256.08536   8.95094913E-001
    254.75158   9.26708977E-001
    253.41781   9.61830116E-001
    252.08403   1.00094140E+000
    250.75025   1.04461346E+000
    249.41647   1.09352398E+000
    248.08269   1.14848234E+000
    246.74892   1.21046112E+000
    245.41514   1.28063663E+000
    244.08136   1.36044149E+000
    242.74758   1.45163350E+000
    241.41380   1.55638660E+000
    240.08003   1.67741227E+000
    238.74625   1.81812315E+000
    237.41247   1.98285565E+000
    236.07869   2.17717618E+000
    234.74491   2.40830626E+000
    233.41114   2.68571783E+000
    232.07736   3.02197209E+000
    230.74358   3.43390395E+000
    229.40980   3.94428360E+000
    228.07603   4.58409477E+000
    226.74225   5.39547870E+000
    225.40847   6.43498403E+000
    224.07469   7.77544923E+000
    222.74091   9.50128592E+000
    221.40714   1.16840108E+001
    220.07336   1.43137913E+001
    218.73958   1.71724675E+001
    217.40580   1.97356068E+001
    216.07202   2.13623890E+001
    214.73825   2.17923072E+001
    213.40447   2.12677532E+001
    212.07069   2.00408202E+001
    210.73691   1.81431185E+001
    209.40313   1.57111606E+001
    208.06936   1.31294228E+001
    206.73558   1.07694371E+001
    205.40180   8.80388173E+000
    204.06802   7.24245248E+000
    202.73424   6.02451651E+000
    201.40047   5.07656680E+000
    200.06669   4.33435344E+000
    198.73291   3.74763528E+000
    197.39913   3.27880633E+000
    196.06536   2.90013970E+000
    194.73158   2.59122651E+000
    193.39780   2.33697430E+000
    192.06402   2.12614090E+000
    190.73024   1.95028827E+000
    189.39647   1.80304315E+000
    188.06269   1.67957629E+000
    186.72891   1.57623668E+000
    185.39513   1.49029697E+000
    184.06135   1.41978098E+000
    182.72758   1.36335477E+000
    181.39380   1.32027076E+000
    180.06002   1.29036115E+000
    178.72624   1.27408280E+000
    177.39246   1.27262150E+000
    176.05869   1.28806898E+000
    174.72491   1.32368699E+000
    173.39113   1.38426026E+000
    172.05735   1.47648099E+000
    170.72357   1.60911988E+000
    169.38980   1.79222837E+000
    168.05602   2.03346282E+000
    166.72224   2.32790896E+000
    165.38846   2.63876314E+000
    164.05468   2.88076967E+000
    162.72091   2.94719771E+000
    161.38713   2.79520453E+000
    160.05335   2.49025913E+000
    158.71957   2.14001925E+000
    157.38580   1.81803157E+000
    156.05202   1.55124346E+000
    154.71824   1.33986683E+000
    153.38446   1.17471448E+000
    152.05068   1.04545179E+000
    150.71691   9.43322616E-001
    149.38313   8.61591009E-001
    148.04935   7.95263182E-001
    146.71557   7.40679288E-001
    145.38179   6.95155217E-001
    144.04802   6.56709036E-001
    142.71424   6.23862860E-001
    141.38046   5.95502272E-001
    140.04668   5.70777087E-001
    138.71290   5.49031122E-001
    137.37913   5.29752169E-001
    136.04535   5.12536045E-001
    134.71157   4.97060499E-001
    133.37779   4.83066083E-001
    132.04401   4.70341979E-001
    130.71024   4.58715396E-001
    129.37646   4.48043549E-001
    128.04268   4.38207547E-001
    126.70890   4.29107685E-001
    125.37513   4.20659778E-001
    124.04135   4.12792304E-001
    122.70757   4.05444141E-001
    121.37379   3.98562765E-001
    120.04001   3.92102812E-001
    118.70624   3.86024915E-001
    117.37246   3.80294766E-001
    116.03868   3.74882339E-001
    114.70490   3.69761265E-001
    113.37112   3.64908308E-001
    112.03735   3.60302934E-001
    110.70357   3.55926953E-001
    109.36979   3.51764217E-001
    108.03601   3.47800369E-001
    106.70223   3.44022632E-001
    105.36846   3.40419633E-001
    104.03468   3.36981252E-001
    102.70090   3.33698498E-001
    101.36712   3.30563406E-001
    100.03334   3.27568947E-001
     98.69957   3.24708963E-001
     97.36579   3.21978107E-001
     96.03201   3.19371800E-001
     94.69823   3.16886205E-001
     93.36445   3.14518203E-001
     92.03068   3.12265389E-001
     90.69690   3.10126079E-001
     89.36312   3.08099328E-001
     88.02934   3.06184961E-001
     86.69557   3.04383626E-001
     85.36179   3.02696864E-001
     84.02801   3.01127194E-001
     82.69423   2.99678236E-001
     81.36045   2.98354859E-001
     80.02668   2.97163372E-001
     78.69290   2.96111766E-001
     77.35912   2.95210020E-001
     76.02534   2.94470491E-001
     74.69156   2.93908409E-001
     73.35779   2.93542514E-001
     72.02401   2.93395877E-001
     70.69023   2.93496972E-001
     69.35645   2.93881078E-001
     68.02267   2.94592137E-001
     66.68890   2.95685241E-001
     65.35512   2.97229987E-001
     64.02134   2.99315056E-001
     62.68756   3.02054521E-001
     61.35378   3.05596605E-001
     60.02001   3.10135922E-001
     58.68623   3.15930579E-001
     57.35245   3.23325855E-001
     56.01867   3.32785989E-001
     54.68489   3.44933588E-001
     53.35112   3.60588520E-001
     52.01734   3.80775260E-001
     50.68356   4.06609893E-001
     49.34978   4.38866140E-001
     48.01601   4.76937225E-001
     46.68223   5.17364464E-001
     45.34845   5.53915819E-001
     44.01467   5.82197083E-001
     42.68089   6.05587799E-001
     41.34712   6.33709620E-001
     40.01334   6.74757622E-001
     38.67956   7.29243036E-001
     37.34578   7.85877942E-001
     36.01200   8.21373350E-001
     34.67823   8.12893539E-001
     33.34445   7.58527030E-001
     32.01067   6.78662311E-001
     30.67689   5.96387950E-001
     29.34311   5.24485261E-001
     28.00934   4.66320725E-001
     26.67556   4.20730505E-001
     25.34178   3.85267075E-001
     24.00800   3.57555519E-001
     22.67422   3.35675118E-001
     21.34045   3.18173997E-001
     20.00667   3.03982016E-001
     18.67289   2.92315210E-001
     17.33911   2.82597415E-001
     16.00534   2.74401852E-001
     14.67156   2.67409196E-001
     13.33778   2.61377890E-001
     12.00400   2.56123146E-001
     10.67022   2.51502049E-001
      9.33645   2.47402891E-001
      8.00267   2.43737468E-001
      6.66889   2.40435476E-001
      5.33511   2.37440363E-001
      4.00133   2.34706261E-001
      2.66756   2.32195667E-001
      1.33378   2.29877690E-001
      0.00000   2.27726703E-001
