   4000.00000   7.01353140E-002
   3998.66622   7.02769908E-002
   3997.33244   7.04192170E-002
   3995.99867   7.05619956E-002
   3994.66489   7.07053299E-002
   3993.33111   7.08492233E-002
   3991.99733   7.09936790E-002
   3990.66355   7.11387004E-002
   3989.32978   7.12842909E-002
   3987.99600   7.14304538E-002
   3986.66222   7.15771925E-002
   3985.32844   7.17245105E-002
   3983.99466   7.18724113E-002
   3982.66089   7.20208984E-002
   3981.32711   7.21699752E-002
   3979.99333   7.23196454E-002
   3978.65955   7.24699125E-002
   3977.32578   7.26207801E-002
   3975.99200   7.27722519E-002
   3974.65822   7.29243315E-002
   3973.32444   7.30770227E-002
   3971.99066   7.32303291E-002
   3970.65689   7.33842546E-002
   3969.32311   7.35388029E-002
   3967.98933   7.36939777E-002
   3966.65555   7.38497831E-002
   3965.32177   7.40062228E-002
   3963.98800   7.41633008E-002
   3962.65422   7.43210209E-002
   3961.32044   7.44793873E-002
   3959.98666   7.46384038E-002
   3958.65288   7.47980746E-002
   3957.31911   7.49584037E-002
   3955.98533   7.51193952E-002
   3954.65155   7.52810532E-002
   3953.31777   7.54433819E-002
   3951.98399   7.56063856E-002
   3950.65022   7.57700685E-002
   3949.31644   7.59344348E-002
   3947.98266   7.60994888E-002
   3946.64888   7.62652350E-002
   3945.31511   7.64316777E-002
   3943.98133   7.65988213E-002
   3942.64755   7.67666702E-002
   3941.31377   7.69352291E-002
   3939.97999   7.71045024E-002
   3938.64622   7.72744946E-002
   3937.31244   7.74452104E-002
   3935.97866   7.76166545E-002
   3934.64488   7.77888315E-002
   3933.31110   7.79617462E-002
   3931.97733   7.81354033E-002
   3930.64355   7.83098076E-002
   3929.30977   7.84849640E-002
   3927.97599   7.86608774E-002
   3926.64221   7.88375527E-002
   3925.30844   7.90149949E-002
   3923.97466   7.91932090E-002
   3922.64088   7.93722000E-002
   3921.30710   7.95519731E-002
   3919.97332   7.97325335E-002
   3918.63955   7.99138862E-002
   3917.30577   8.00960366E-002
   3915.97199   8.02789898E-002
   3914.63821   8.04627514E-002
   3913.30443   8.06473266E-002
   3911.97066   8.08327208E-002
   3910.63688   8.10189395E-002
   3909.30310   8.12059883E-002
   3907.96932   8.13938727E-002
   3906.63555   8.15825982E-002
   3905.30177   8.17721707E-002
   3903.96799   8.19625958E-002
   3902.63421   8.21538792E-002
   3901.30043   8.23460267E-002
   3899.96666   8.25390444E-002
   3898.63288   8.27329379E-002
   3897.29910   8.29277134E-002
   3895.96532   8.31233768E-002
   3894.63154   8.33199343E-002
   3893.29777   8.35173919E-002
   3891.96399   8.37157559E-002
   3890.63021   8.39150325E-002
   3889.29643   8.41152280E-002
   3887.96265   8.43163487E-002
   3886.62888   8.45184010E-002
   3885.29510   8.47213916E-002
   3883.96132   8.49253267E-002
   3882.62754   8.51302131E-002
   3881.29376   8.53360575E-002
   3879.95999   8.55428664E-002
   3878.62621   8.57506468E-002
   3877.29243   8.59594053E-002
   3875.95865   8.61691490E-002
   3874.62487   8.63798848E-002
   3873.29110   8.65916197E-002
   3871.95732   8.68043607E-002
   3870.62354   8.70181152E-002
   3869.28976   8.72328902E-002
   3867.95599   8.74486930E-002
   3866.62221   8.76655311E-002
   3865.28843   8.78834119E-002
   3863.95465   8.81023427E-002
   3862.62087   8.83223313E-002
   3861.28710   8.85433853E-002
   3859.95332   8.87655123E-002
   3858.61954   8.89887201E-002
   3857.28576   8.92130167E-002
   3855.95198   8.94384098E-002
   3854.61821   8.96649076E-002
   3853.28443   8.98925181E-002
   3851.95065   9.01212495E-002
   3850.61687   9.03511099E-002
   3849.28309   9.05821078E-002
   3847.94932   9.08142515E-002
   3846.61554   9.10475495E-002
   3845.28176   9.12820103E-002
   3843.94798   9.15176427E-002
   3842.61420   9.17544552E-002
   3841.28043   9.19924568E-002
   3839.94665   9.22316562E-002
   3838.61287   9.24720626E-002
   3837.27909   9.27136849E-002
   3835.94532   9.29565324E-002
   3834.61154   9.32006142E-002
   3833.27776   9.34459397E-002
   3831.94398   9.36925183E-002
   3830.61020   9.39403596E-002
   3829.27643   9.41894731E-002
   3827.94265   9.44398687E-002
   3826.60887   9.46915560E-002
   3825.27509   9.49445450E-002
   3823.94131   9.51988457E-002
   3822.60754   9.54544682E-002
   3821.27376   9.57114227E-002
   3819.93998   9.59697195E-002
   3818.60620   9.62293691E-002
   3817.27242   9.64903819E-002
   3815.93865   9.67527685E-002
   3814.60487   9.70165398E-002
   3813.27109   9.72817064E-002
   3811.93731   9.75482795E-002
   3810.60353   9.78162700E-002
   3809.26976   9.80856891E-002
   3807.93598   9.83565481E-002
   3806.60220   9.86288584E-002
   3805.26842   9.89026316E-002
   3803.93464   9.91778792E-002
   3802.60087   9.94546130E-002
   3801.26709   9.97328450E-002
   3799.93331   1.00012587E-001
   3798.59953   1.00293851E-001
   3797.26576   1.00576650E-001
   3795.93198   1.00860996E-001
   3794.59820   1.01146901E-001
   3793.26442   1.01434378E-001
   3791.93064   1.01723440E-001
   3790.59687   1.02014100E-001
   3789.26309   1.02306370E-001
   3787.92931   1.02600264E-001
   3786.59553   1.02895796E-001
   3785.26175   1.03192979E-001
   3783.92798   1.03491825E-001
   3782.59420   1.03792350E-001
   3781.26042   1.04094567E-001
   3779.92664   1.04398490E-001
   3778.59286   1.04704134E-001
   3777.25909   1.05011512E-001
   3775.92531   1.05320639E-001
   3774.59153   1.05631530E-001
   3773.25775   1.05944200E-001
   3771.92397   1.06258663E-001
   3770.59020   1.06574935E-001
   3769.25642   1.06893032E-001
   3767.92264   1.07212968E-001
   3766.58886   1.07534759E-001
   3765.25509   1.07858421E-001
   3763.92131   1.08183971E-001
   3762.58753   1.08511424E-001
   3761.25375   1.08840796E-001
   3759.91997   1.09172105E-001
   3758.58620   1.09505366E-001
   3757.25242   1.09840598E-001
   3755.91864   1.10177816E-001
   3754.58486   1.10517039E-001
   3753.25108   1.10858283E-001
   3751.91731   1.11201567E-001
   3750.58353   1.11546909E-001
   3749.24975   1.11894325E-001
   3747.91597   1.12243836E-001
   3746.58219   1.12595458E-001
   3745.24842   1.12949212E-001
   3743.91464   1.13305115E-001
   3742.58086   1.13663188E-001
   3741.24708   1.14023449E-001
   3739.91330   1.14385918E-001
   3738.57953   1.14750615E-001
   3737.24575   1.15117559E-001
   3735.91197   1.15486772E-001
   3734.57819   1.15858273E-001
   3733.24441   1.16232084E-001
   3731.91064   1.16608225E-001
   3730.57686   1.16986718E-001
   3729.24308   1.17367585E-001
   3727.90930   1.17750846E-001
   3726.57553   1.18136524E-001
   3725.24175   1.18524641E-001
   3723.90797   1.18915220E-001
   3722.57419   1.19308283E-001
   3721.24041   1.19703854E-001
   3719.90664   1.20101956E-001
   3718.57286   1.20502613E-001
   3717.23908   1.20905848E-001
   3715.90530   1.21311686E-001
   3714.57152   1.21720151E-001
   3713.23775   1.22131268E-001
   3711.90397   1.22545063E-001
   3710.57019   1.22961559E-001
   3709.23641   1.23380784E-001
   3707.90263   1.23802764E-001
   3706.56886   1.24227523E-001
   3705.23508   1.24655091E-001
   3703.90130   1.25085492E-001
   3702.56752   1.25518755E-001
   3701.23374   1.25954907E-001
   3699.89997   1.26393977E-001
   3698.56619   1.26835992E-001
   3697.23241   1.27280982E-001
   3695.89863   1.27728975E-001
   3694.56485   1.28180002E-001
   3693.23108   1.28634091E-001
   3691.89730   1.29091273E-001
   3690.56352   1.29551578E-001
   3689.22974   1.30015038E-001
   3687.89597   1.30481684E-001
   3686.56219   1.30951548E-001
   3685.22841   1.31424662E-001
   3683.89463   1.31901058E-001
   3682.56085   1.32380770E-001
   3681.22708   1.32863830E-001
   3679.89330   1.33350274E-001
   3678.55952   1.33840134E-001
   3677.22574   1.34333447E-001
   3675.89196   1.34830246E-001
   3674.55819   1.35330568E-001
   3673.22441   1.35834450E-001
   3671.89063   1.36341927E-001
   3670.55685   1.36853036E-001
   3669.22307   1.37367816E-001
   3667.88930   1.37886304E-001
   3666.55552   1.38408540E-001
   3665.22174   1.38934561E-001
   3663.88796   1.39464408E-001
   3662.55418   1.39998122E-001
   3661.22041   1.40535742E-001
   3659.88663   1.41077310E-001
   3658.55285   1.41622867E-001
   3657.21907   1.42172458E-001
   3655.88530   1.42726123E-001
   3654.55152   1.43283907E-001
   3653.21774   1.43845855E-001
   3651.88396   1.44412010E-001
   3650.55018   1.44982418E-001
   3649.21641   1.45557126E-001
   3647.88263   1.46136180E-001
   3646.54885   1.46719627E-001
   3645.21507   1.47307515E-001
   3643.88129   1.47899893E-001
   3642.54752   1.48496811E-001
   3641.21374   1.49098317E-001
   3639.87996   1.49704464E-001
   3638.54618   1.50315303E-001
   3637.21240   1.50930885E-001
   3635.87863   1.51551264E-001
   3634.54485   1.52176494E-001
   3633.21107   1.52806628E-001
   3631.87729   1.53441722E-001
   3630.54351   1.54081833E-001
   3629.20974   1.54727017E-001
   3627.87596   1.55377332E-001
   3626.54218   1.56032836E-001
   3625.20840   1.56693589E-001
   3623.87462   1.57359652E-001
   3622.54085   1.58031084E-001
   3621.20707   1.58707949E-001
   3619.87329   1.59390309E-001
   3618.53951   1.60078228E-001
   3617.20574   1.60771771E-001
   3615.87196   1.61471005E-001
   3614.53818   1.62175995E-001
   3613.20440   1.62886810E-001
   3611.87062   1.63603519E-001
   3610.53685   1.64326191E-001
   3609.20307   1.65054897E-001
   3607.86929   1.65789710E-001
   3606.53551   1.66530703E-001
   3605.20173   1.67277949E-001
   3603.86796   1.68031525E-001
   3602.53418   1.68791508E-001
   3601.20040   1.69557974E-001
   3599.86662   1.70331002E-001
   3598.53284   1.71110674E-001
   3597.19907   1.71897071E-001
   3595.86529   1.72690274E-001
   3594.53151   1.73490370E-001
   3593.19773   1.74297442E-001
   3591.86395   1.75111577E-001
   3590.53018   1.75932865E-001
   3589.19640   1.76761393E-001
   3587.86262   1.77597254E-001
   3586.52884   1.78440540E-001
   3585.19507   1.79291345E-001
   3583.86129   1.80149763E-001
   3582.52751   1.81015893E-001
   3581.19373   1.81889833E-001
   3579.85995   1.82771683E-001
   3578.52618   1.83661545E-001
   3577.19240   1.84559523E-001
   3575.85862   1.85465721E-001
   3574.52484   1.86380248E-001
   3573.19106   1.87303211E-001
   3571.85729   1.88234721E-001
   3570.52351   1.89174891E-001
   3569.18973   1.90123835E-001
   3567.85595   1.91081670E-001
   3566.52217   1.92048514E-001
   3565.18840   1.93024487E-001
   3563.85462   1.94009711E-001
   3562.52084   1.95004311E-001
   3561.18706   1.96008414E-001
   3559.85328   1.97022149E-001
   3558.51951   1.98045645E-001
   3557.18573   1.99079038E-001
   3555.85195   2.00122462E-001
   3554.51817   2.01176056E-001
   3553.18439   2.02239959E-001
   3551.85062   2.03314316E-001
   3550.51684   2.04399270E-001
   3549.18306   2.05494972E-001
   3547.84928   2.06601570E-001
   3546.51551   2.07719220E-001
   3545.18173   2.08848076E-001
   3543.84795   2.09988298E-001
   3542.51417   2.11140048E-001
   3541.18039   2.12303491E-001
   3539.84662   2.13478795E-001
   3538.51284   2.14666130E-001
   3537.17906   2.15865671E-001
   3535.84528   2.17077596E-001
   3534.51150   2.18302084E-001
   3533.17773   2.19539320E-001
   3531.84395   2.20789492E-001
   3530.51017   2.22052790E-001
   3529.17639   2.23329410E-001
   3527.84261   2.24619549E-001
   3526.50884   2.25923409E-001
   3525.17506   2.27241198E-001
   3523.84128   2.28573124E-001
   3522.50750   2.29919401E-001
   3521.17372   2.31280249E-001
   3519.83995   2.32655888E-001
   3518.50617   2.34046547E-001
   3517.17239   2.35452456E-001
   3515.83861   2.36873850E-001
   3514.50483   2.38310972E-001
   3513.17106   2.39764064E-001
   3511.83728   2.41233379E-001
   3510.50350   2.42719170E-001
   3509.16972   2.44221699E-001
   3507.83595   2.45741231E-001
   3506.50217   2.47278036E-001
   3505.16839   2.48832391E-001
   3503.83461   2.50404578E-001
   3502.50083   2.51994886E-001
   3501.16706   2.53603608E-001
   3499.83328   2.55231044E-001
   3498.49950   2.56877500E-001
   3497.16572   2.58543290E-001
   3495.83194   2.60228731E-001
   3494.49817   2.61934152E-001
   3493.16439   2.63659884E-001
   3491.83061   2.65406267E-001
   3490.49683   2.67173649E-001
   3489.16305   2.68962385E-001
   3487.82928   2.70772837E-001
   3486.49550   2.72605376E-001
   3485.16172   2.74460380E-001
   3483.82794   2.76338236E-001
   3482.49416   2.78239340E-001
   3481.16039   2.80164095E-001
   3479.82661   2.82112916E-001
   3478.49283   2.84086223E-001
   3477.15905   2.86084450E-001
   3475.82528   2.88108038E-001
   3474.49150   2.90157438E-001
   3473.15772   2.92233113E-001
   3471.82394   2.94335536E-001
   3470.49016   2.96465189E-001
   3469.15639   2.98622568E-001
   3467.82261   3.00808179E-001
   3466.48883   3.03022541E-001
   3465.15505   3.05266183E-001
   3463.82127   3.07539648E-001
   3462.48750   3.09843493E-001
   3461.15372   3.12178286E-001
   3459.81994   3.14544610E-001
   3458.48616   3.16943062E-001
   3457.15238   3.19374254E-001
   3455.81861   3.21838812E-001
   3454.48483   3.24337378E-001
   3453.15105   3.26870608E-001
   3451.81727   3.29439177E-001
   3450.48349   3.32043776E-001
   3449.14972   3.34685113E-001
   3447.81594   3.37363913E-001
   3446.48216   3.40080921E-001
   3445.14838   3.42836900E-001
   3443.81460   3.45632632E-001
   3442.48083   3.48468922E-001
   3441.14705   3.51346593E-001
   3439.81327   3.54266490E-001
   3438.47949   3.57229481E-001
   3437.14572   3.60236456E-001
   3435.81194   3.63288330E-001
   3434.47816   3.66386040E-001
   3433.14438   3.69530552E-001
   3431.81060   3.72722855E-001
   3430.47683   3.75963965E-001
   3429.14305   3.79254927E-001
   3427.80927   3.82596815E-001
   3426.47549   3.85990731E-001
   3425.14171   3.89437809E-001
   3423.80794   3.92939215E-001
   3422.47416   3.96496148E-001
   3421.14038   4.00109839E-001
   3419.80660   4.03781556E-001
   3418.47282   4.07512603E-001
   3417.13905   4.11304323E-001
   3415.80527   4.15158096E-001
   3414.47149   4.19075344E-001
   3413.13771   4.23057529E-001
   3411.80393   4.27106159E-001
   3410.47016   4.31222785E-001
   3409.13638   4.35409005E-001
   3407.80260   4.39666467E-001
   3406.46882   4.43996867E-001
   3405.13505   4.48401955E-001
   3403.80127   4.52883534E-001
   3402.46749   4.57443464E-001
   3401.13371   4.62083661E-001
   3399.79993   4.66806104E-001
   3398.46616   4.71612835E-001
   3397.13238   4.76505959E-001
   3395.79860   4.81487651E-001
   3394.46482   4.86560156E-001
   3393.13104   4.91725792E-001
   3391.79727   4.96986954E-001
   3390.46349   5.02346116E-001
   3389.12971   5.07805835E-001
   3387.79593   5.13368755E-001
   3386.46215   5.19037609E-001
   3385.12838   5.24815222E-001
   3383.79460   5.30704519E-001
   3382.46082   5.36708526E-001
   3381.12704   5.42830374E-001
   3379.79326   5.49073306E-001
   3378.45949   5.55440677E-001
   3377.12571   5.61935968E-001
   3375.79193   5.68562780E-001
   3374.45815   5.75324850E-001
   3373.12437   5.82226050E-001
   3371.79060   5.89270395E-001
   3370.45682   5.96462052E-001
   3369.12304   6.03805344E-001
   3367.78926   6.11304758E-001
   3366.45549   6.18964954E-001
   3365.12171   6.26790772E-001
   3363.78793   6.34787240E-001
   3362.45415   6.42959586E-001
   3361.12037   6.51313245E-001
   3359.78660   6.59853868E-001
   3358.45282   6.68587337E-001
   3357.11904   6.77519773E-001
   3355.78526   6.86657551E-001
   3354.45148   6.96007309E-001
   3353.11771   7.05575966E-001
   3351.78393   7.15370733E-001
   3350.45015   7.25399131E-001
   3349.11637   7.35669005E-001
   3347.78259   7.46188545E-001
   3346.44882   7.56966301E-001
   3345.11504   7.68011204E-001
   3343.78126   7.79332589E-001
   3342.44748   7.90940214E-001
   3341.11370   8.02844287E-001
   3339.77993   8.15055492E-001
   3338.44615   8.27585012E-001
   3337.11237   8.40444566E-001
   3335.77859   8.53646431E-001
   3334.44481   8.67203486E-001
   3333.11104   8.81129238E-001
   3331.77726   8.95437870E-001
   3330.44348   9.10144275E-001
   3329.10970   9.25264107E-001
   3327.77593   9.40813826E-001
   3326.44215   9.56810748E-001
   3325.10837   9.73273106E-001
   3323.77459   9.90220107E-001
   3322.44081   1.00767200E+000
   3321.10704   1.02565014E+000
   3319.77326   1.04417707E+000
   3318.43948   1.06327660E+000
   3317.10570   1.08297392E+000
   3315.77192   1.10329564E+000
   3314.43815   1.12426997E+000
   3313.10437   1.14592678E+000
   3311.77059   1.16829774E+000
   3310.43681   1.19141646E+000
   3309.10303   1.21531867E+000
   3307.76926   1.24004231E+000
   3306.43548   1.26562781E+000
   3305.10170   1.29211818E+000
   3303.76792   1.31955931E+000
   3302.43414   1.34800018E+000
   3301.10037   1.37749313E+000
   3299.76659   1.40809412E+000
   3298.43281   1.43986312E+000
   3297.09903   1.47286440E+000
   3295.76526   1.50716696E+000
   3294.43148   1.54284500E+000
   3293.09770   1.57997836E+000
   3291.76392   1.61865312E+000
   3290.43014   1.65896223E+000
   3289.09637   1.70100615E+000
   3287.76259   1.74489372E+000
   3286.42881   1.79074300E+000
   3285.09503   1.83868233E+000
   3283.76125   1.88885145E+000
   3282.42748   1.94140283E+000
   3281.09370   1.99650320E+000
   3279.75992   2.05433527E+000
   3278.42614   2.11509977E+000
   3277.09236   2.17901775E+000
   3275.75859   2.24633330E+000
   3274.42481   2.31731676E+000
   3273.09103   2.39226843E+000
   3271.75725   2.47152296E+000
   3270.42347   2.55545466E+000
   3269.08970   2.64448372E+000
   3267.75592   2.73908377E+000
   3266.42214   2.83979103E+000
   3265.08836   2.94721543E+000
   3263.75458   3.06205434E+000
   3262.42081   3.18510945E+000
   3261.08703   3.31730801E+000
   3259.75325   3.45972945E+000
   3258.41947   3.61363931E+000
   3257.08570   3.78053277E+000
   3255.75192   3.96219118E+000
   3254.41814   4.16075615E+000
   3253.08436   4.37882784E+000
   3251.75058   4.61959688E+000
   3250.41681   4.88702324E+000
   3249.08303   5.18608185E+000
   3247.74925   5.52310309E+000
   3246.41547   5.90624903E+000
   3245.08169   6.34618308E+000
   3243.74792   6.85701030E+000
   3242.41414   7.45758043E+000
   3241.08036   8.17322410E+000
   3239.74658   9.03784452E+000
   3238.41280   1.00957550E+001
   3237.07903   1.14010937E+001
   3235.74525   1.30087248E+001
   3234.41147   1.49428789E+001
   3233.07769   1.71236079E+001
   3231.74391   1.92600642E+001
   3230.41014   2.08418987E+001
   3229.07636   2.14403804E+001
   3227.74258   2.11267743E+001
   3226.40880   2.04125778E+001
   3225.07503   1.98081397E+001
   3223.74125   1.95906194E+001
   3222.40747   1.98523834E+001
   3221.07369   2.06089232E+001
   3219.73991   2.18664798E+001
   3218.40614   2.36524354E+001
   3217.07236   2.60288447E+001
   3215.73858   2.91018994E+001
   3214.40480   3.30333817E+001
   3213.07102   3.80567670E+001
   3211.73725   4.44982310E+001
   3210.40347   5.27979968E+001
   3209.06969   6.35139254E+001
   3207.73591   7.72541638E+001
   3206.40213   9.44116188E+001
   3205.06836   1.14486700E+002
   3203.73458   1.34954919E+002
   3202.40080   1.50720232E+002
   3201.06702   1.56557568E+002
   3199.73324   1.51957113E+002
   3198.39947   1.41995837E+002
   3197.06569   1.32862564E+002
   3195.73191   1.28420286E+002
   3194.39813   1.29986505E+002
   3193.06435   1.36867254E+002
   3191.73058   1.46119865E+002
   3190.39680   1.52373195E+002
   3189.06302   1.50149835E+002
   3187.72924   1.38359905E+002
   3186.39547   1.21142877E+002
   3185.06169   1.03714864E+002
   3183.72791   8.91718194E+001
   3182.39413   7.84300016E+001
   3181.06035   7.11720955E+001
   3179.72658   6.63877187E+001
   3178.39280   6.25519444E+001
   3177.05902   5.81017050E+001
   3175.72524   5.23842986E+001
   3174.39146   4.59660672E+001
   3173.05769   3.98049660E+001
   3171.72391   3.44867888E+001
   3170.39013   3.01512203E+001
   3169.05635   2.67052532E+001
   3167.72257   2.39896907E+001
   3166.38880   2.18528157E+001
   3165.05502   2.01715906E+001
   3163.72124   1.88523414E+001
   3162.38746   1.78256418E+001
   3161.05368   1.70407102E+001
   3159.71991   1.64608145E+001
   3158.38613   1.60598669E+001
   3157.05235   1.58200243E+001
   3155.71857   1.57300669E+001
   3154.38479   1.57843660E+001
   3153.05102   1.59823120E+001
   3151.71724   1.63281249E+001
   3150.38346   1.68310134E+001
   3149.04968   1.75056901E+001
   3147.71591   1.83732898E+001
   3146.38213   1.94627867E+001
   3145.04835   2.08130642E+001
   3143.71457   2.24758784E+001
   3142.38079   2.45200707E+001
   3141.04702   2.70375532E+001
   3139.71324   3.01518177E+001
   3138.37946   3.40300073E+001
   3137.04568   3.88998558E+001
   3135.71190   4.50727595E+001
   3134.37813   5.29729606E+001
   3133.04435   6.31676018E+001
   3131.71057   7.63762318E+001
   3130.37679   9.33953147E+001
   3129.04301   1.14779469E+002
   3127.70924   1.39997478E+002
   3126.37546   1.65933051E+002
   3125.04168   1.85893253E+002
   3123.70790   1.92320514E+002
   3122.37412   1.83330563E+002
   3121.04035   1.64881313E+002
   3119.70657   1.45155495E+002
   3118.37279   1.29460470E+002
   3117.03901   1.19804503E+002
   3115.70524   1.16240377E+002
   3114.37146   1.17554354E+002
   3113.03768   1.21013805E+002
   3111.70390   1.22282201E+002
   3110.37012   1.17352410E+002
   3109.03635   1.05757528E+002
   3107.70257   9.06630396E+001
   3106.36879   7.56560983E+001
   3105.03501   6.26772208E+001
   3103.70123   5.21827282E+001
   3102.36746   4.39266793E+001
   3101.03368   3.74741100E+001
   3099.69990   3.24127757E+001
   3098.36612   2.84108363E+001
   3097.03234   2.52171005E+001
   3095.69857   2.26457228E+001
   3094.36479   2.05599820E+001
   3093.03101   1.88590849E+001
   3091.69723   1.74683535E+001
   3090.36345   1.63321883E+001
   3089.02968   1.54090993E+001
   3087.69590   1.46682168E+001
   3086.36212   1.40868561E+001
   3085.02834   1.36488356E+001
   3083.69456   1.33433482E+001
   3082.36079   1.31642533E+001
   3081.02701   1.31097115E+001
   3079.69323   1.31821204E+001
   3078.35945   1.33883489E+001
   3077.02568   1.37402942E+001
   3075.69190   1.42558310E+001
   3074.35812   1.49602620E+001
   3073.02434   1.58884502E+001
   3071.69056   1.70878977E+001
   3070.35679   1.86231663E+001
   3069.02301   2.05822010E+001
   3067.68923   2.30853185E+001
   3066.35545   2.62977748E+001
   3065.02167   3.04466368E+001
   3063.68790   3.58412732E+001
   3062.35412   4.28916537E+001
   3061.02034   5.21035317E+001
   3059.68656   6.39912582E+001
   3058.35278   7.87727642E+001
   3057.01901   9.56433865E+001
   3055.68523   1.11687381E+002
   3054.35145   1.21683639E+002
   3053.01767   1.21000707E+002
   3051.68389   1.09934992E+002
   3050.35012   9.33959429E+001
   3049.01634   7.64406523E+001
   3047.68256   6.17293762E+001
   3046.34878   4.99154075E+001
   3045.01501   4.07254341E+001
   3043.68123   3.36360728E+001
   3042.34745   2.81480542E+001
   3041.01367   2.38605347E+001
   3039.67989   2.04717820E+001
   3038.34612   1.77600532E+001
   3037.01234   1.55633038E+001
   3035.67856   1.37627141E+001
   3034.34478   1.22704702E+001
   3033.01100   1.10210186E+001
   3031.67723   9.96488569E+000
   3030.34345   9.06431545E+000
   3029.00967   8.29017709E+000
   3027.67589   7.61975599E+000
   3026.34211   7.03516129E+000
   3025.00834   6.52216638E+000
   3023.67456   6.06935622E+000
   3022.34078   5.66749378E+000
   3021.00700   5.30904476E+000
   3019.67322   4.98781754E+000
   3018.33945   4.69868799E+000
   3017.00567   4.43738731E+000
   3015.67189   4.20033703E+000
   3014.33811   3.98451972E+000
   3013.00433   3.78737693E+000
   3011.67056   3.60672802E+000
   3010.33678   3.44070513E+000
   3009.00300   3.28770088E+000
   3007.66922   3.14632588E+000
   3006.33545   3.01537409E+000
   3005.00167   2.89379450E+000
   3003.66789   2.78066768E+000
   3002.33411   2.67518642E+000
   3001.00033   2.57663959E+000
   2999.66656   2.48439865E+000
   2998.33278   2.39790634E+000
   2996.99900   2.31666706E+000
   2995.66522   2.24023887E+000
   2994.33144   2.16822655E+000
   2992.99767   2.10027573E+000
   2991.66389   2.03606791E+000
   2990.33011   1.97531610E+000
   2988.99633   1.91776115E+000
   2987.66255   1.86316848E+000
   2986.32878   1.81132534E+000
   2984.99500   1.76203834E+000
   2983.66122   1.71513140E+000
   2982.32744   1.67044385E+000
   2980.99366   1.62782880E+000
   2979.65989   1.58715179E+000
   2978.32611   1.54828946E+000
   2976.99233   1.51112848E+000
   2975.65855   1.47556456E+000
   2974.32477   1.44150159E+000
   2972.99100   1.40885086E+000
   2971.65722   1.37753038E+000
   2970.32344   1.34746424E+000
   2968.98966   1.31858211E+000
   2967.65589   1.29081871E+000
   2966.32211   1.26411339E+000
   2964.98833   1.23840972E+000
   2963.65455   1.21365513E+000
   2962.32077   1.18980062E+000
   2960.98700   1.16680043E+000
   2959.65322   1.14461181E+000
   2958.31944   1.12319474E+000
   2956.98566   1.10251177E+000
   2955.65188   1.08252778E+000
   2954.31811   1.06320983E+000
   2952.98433   1.04452698E+000
   2951.65055   1.02645012E+000
   2950.31677   1.00895190E+000
   2948.98299   9.92006541E-001
   2947.64922   9.75589756E-001
   2946.31544   9.59678636E-001
   2944.98166   9.44251554E-001
   2943.64788   9.29288080E-001
   2942.31410   9.14768900E-001
   2940.98033   9.00675740E-001
   2939.64655   8.86991298E-001
   2938.31277   8.73699181E-001
   2936.97899   8.60783850E-001
   2935.64522   8.48230559E-001
   2934.31144   8.36025311E-001
   2932.97766   8.24154809E-001
   2931.64388   8.12606414E-001
   2930.31010   8.01368107E-001
   2928.97633   7.90428446E-001
   2927.64255   7.79776540E-001
   2926.30877   7.69402009E-001
   2924.97499   7.59294961E-001
   2923.64121   7.49445959E-001
   2922.30744   7.39845999E-001
   2920.97366   7.30486483E-001
   2919.63988   7.21359198E-001
   2918.30610   7.12456296E-001
   2916.97232   7.03770270E-001
   2915.63855   6.95293941E-001
   2914.30477   6.87020437E-001
   2912.97099   6.78943178E-001
   2911.63721   6.71055861E-001
   2910.30343   6.63352445E-001
   2908.96966   6.55827138E-001
   2907.63588   6.48474386E-001
   2906.30210   6.41288857E-001
   2904.96832   6.34265435E-001
   2903.63454   6.27399206E-001
   2902.30077   6.20685449E-001
   2900.96699   6.14119627E-001
   2899.63321   6.07697378E-001
   2898.29943   6.01414508E-001
   2896.96566   5.95266979E-001
   2895.63188   5.89250908E-001
   2894.29810   5.83362554E-001
   2892.96432   5.77598317E-001
   2891.63054   5.71954724E-001
   2890.29677   5.66428434E-001
   2888.96299   5.61016221E-001
   2887.62921   5.55714976E-001
   2886.29543   5.50521701E-001
   2884.96165   5.45433501E-001
   2883.62788   5.40447584E-001
   2882.29410   5.35561252E-001
   2880.96032   5.30771901E-001
   2879.62654   5.26077015E-001
   2878.29276   5.21474163E-001
   2876.95899   5.16960994E-001
   2875.62521   5.12535236E-001
   2874.29143   5.08194692E-001
   2872.95765   5.03937236E-001
   2871.62387   4.99760812E-001
   2870.29010   4.95663428E-001
   2868.95632   4.91643158E-001
   2867.62254   4.87698135E-001
   2866.28876   4.83826553E-001
   2864.95498   4.80026660E-001
   2863.62121   4.76296760E-001
   2862.28743   4.72635209E-001
   2860.95365   4.69040411E-001
   2859.61987   4.65510823E-001
   2858.28610   4.62044943E-001
   2856.95232   4.58641319E-001
   2855.61854   4.55298539E-001
   2854.28476   4.52015233E-001
   2852.95098   4.48790073E-001
   2851.61721   4.45621768E-001
   2850.28343   4.42509064E-001
   2848.94965   4.39450744E-001
   2847.61587   4.36445626E-001
   2846.28209   4.33492562E-001
   2844.94832   4.30590434E-001
   2843.61454   4.27738157E-001
   2842.28076   4.24934676E-001
   2840.94698   4.22178966E-001
   2839.61320   4.19470028E-001
   2838.27943   4.16806892E-001
   2836.94565   4.14188615E-001
   2835.61187   4.11614276E-001
   2834.27809   4.09082984E-001
   2832.94431   4.06593866E-001
   2831.61054   4.04146076E-001
   2830.27676   4.01738790E-001
   2828.94298   3.99371204E-001
   2827.60920   3.97042535E-001
   2826.27543   3.94752022E-001
   2824.94165   3.92498922E-001
   2823.60787   3.90282512E-001
   2822.27409   3.88102086E-001
   2820.94031   3.85956958E-001
   2819.60654   3.83846457E-001
   2818.27276   3.81769930E-001
   2816.93898   3.79726740E-001
   2815.60520   3.77716266E-001
   2814.27142   3.75737902E-001
   2812.93765   3.73791057E-001
   2811.60387   3.71875155E-001
   2810.27009   3.69989632E-001
   2808.93631   3.68133939E-001
   2807.60253   3.66307540E-001
   2806.26876   3.64509912E-001
   2804.93498   3.62740545E-001
   2803.60120   3.60998939E-001
   2802.26742   3.59284607E-001
   2800.93364   3.57597074E-001
   2799.59987   3.55935875E-001
   2798.26609   3.54300555E-001
   2796.93231   3.52690673E-001
   2795.59853   3.51105793E-001
   2794.26475   3.49545493E-001
   2792.93098   3.48009359E-001
   2791.59720   3.46496987E-001
   2790.26342   3.45007980E-001
   2788.92964   3.43541953E-001
   2787.59587   3.42098527E-001
   2786.26209   3.40677334E-001
   2784.92831   3.39278010E-001
   2783.59453   3.37900203E-001
   2782.26075   3.36543568E-001
   2780.92698   3.35207765E-001
   2779.59320   3.33892463E-001
   2778.25942   3.32597340E-001
   2776.92564   3.31322077E-001
   2775.59186   3.30066366E-001
   2774.25809   3.28829902E-001
   2772.92431   3.27612388E-001
   2771.59053   3.26413534E-001
   2770.25675   3.25233054E-001
   2768.92297   3.24070671E-001
   2767.58920   3.22926110E-001
   2766.25542   3.21799105E-001
   2764.92164   3.20689394E-001
   2763.58786   3.19596721E-001
   2762.25408   3.18520834E-001
   2760.92031   3.17461488E-001
   2759.58653   3.16418441E-001
   2758.25275   3.15391457E-001
   2756.91897   3.14380305E-001
   2755.58520   3.13384759E-001
   2754.25142   3.12404595E-001
   2752.91764   3.11439597E-001
   2751.58386   3.10489550E-001
   2750.25008   3.09554246E-001
   2748.91631   3.08633480E-001
   2747.58253   3.07727050E-001
   2746.24875   3.06834760E-001
   2744.91497   3.05956416E-001
   2743.58119   3.05091828E-001
   2742.24742   3.04240811E-001
   2740.91364   3.03403183E-001
   2739.57986   3.02578764E-001
   2738.24608   3.01767380E-001
   2736.91230   3.00968859E-001
   2735.57853   3.00183031E-001
   2734.24475   2.99409731E-001
   2732.91097   2.98648798E-001
   2731.57719   2.97900071E-001
   2730.24341   2.97163395E-001
   2728.90964   2.96438615E-001
   2727.57586   2.95725582E-001
   2726.24208   2.95024148E-001
   2724.90830   2.94334167E-001
   2723.57452   2.93655498E-001
   2722.24075   2.92988001E-001
   2720.90697   2.92331539E-001
   2719.57319   2.91685976E-001
   2718.23941   2.91051182E-001
   2716.90564   2.90427026E-001
   2715.57186   2.89813382E-001
   2714.23808   2.89210123E-001
   2712.90430   2.88617128E-001
   2711.57052   2.88034275E-001
   2710.23675   2.87461447E-001
   2708.90297   2.86898526E-001
   2707.56919   2.86345400E-001
   2706.23541   2.85801956E-001
   2704.90163   2.85268083E-001
   2703.56786   2.84743674E-001
   2702.23408   2.84228622E-001
   2700.90030   2.83722822E-001
   2699.56652   2.83226174E-001
   2698.23274   2.82738575E-001
   2696.89897   2.82259926E-001
   2695.56519   2.81790131E-001
   2694.23141   2.81329094E-001
   2692.89763   2.80876722E-001
   2691.56385   2.80432921E-001
   2690.23008   2.79997602E-001
   2688.89630   2.79570674E-001
   2687.56252   2.79152052E-001
   2686.22874   2.78741649E-001
   2684.89496   2.78339380E-001
   2683.56119   2.77945163E-001
   2682.22741   2.77558915E-001
   2680.89363   2.77180557E-001
   2679.55985   2.76810010E-001
   2678.22608   2.76447196E-001
   2676.89230   2.76092040E-001
   2675.55852   2.75744466E-001
   2674.22474   2.75404401E-001
   2672.89096   2.75071772E-001
   2671.55719   2.74746509E-001
   2670.22341   2.74428542E-001
   2668.88963   2.74117802E-001
   2667.55585   2.73814221E-001
   2666.22207   2.73517734E-001
   2664.88830   2.73228274E-001
   2663.55452   2.72945779E-001
   2662.22074   2.72670184E-001
   2660.88696   2.72401428E-001
   2659.55318   2.72139450E-001
   2658.21941   2.71884191E-001
   2656.88563   2.71635590E-001
   2655.55185   2.71393591E-001
   2654.21807   2.71158136E-001
   2652.88429   2.70929169E-001
   2651.55052   2.70706637E-001
   2650.21674   2.70490483E-001
   2648.88296   2.70280656E-001
   2647.54918   2.70077103E-001
   2646.21541   2.69879772E-001
   2644.88163   2.69688614E-001
   2643.54785   2.69503578E-001
   2642.21407   2.69324616E-001
   2640.88029   2.69151680E-001
   2639.54652   2.68984722E-001
   2638.21274   2.68823696E-001
   2636.87896   2.68668557E-001
   2635.54518   2.68519259E-001
   2634.21140   2.68375760E-001
   2632.87763   2.68238014E-001
   2631.54385   2.68105981E-001
   2630.21007   2.67979617E-001
   2628.87629   2.67858882E-001
   2627.54251   2.67743736E-001
   2626.20874   2.67634138E-001
   2624.87496   2.67530050E-001
   2623.54118   2.67431434E-001
   2622.20740   2.67338250E-001
   2620.87362   2.67250464E-001
   2619.53985   2.67168037E-001
   2618.20607   2.67090934E-001
   2616.87229   2.67019121E-001
   2615.53851   2.66952562E-001
   2614.20473   2.66891223E-001
   2612.87096   2.66835072E-001
   2611.53718   2.66784075E-001
   2610.20340   2.66738200E-001
   2608.86962   2.66697416E-001
   2607.53585   2.66661691E-001
   2606.20207   2.66630995E-001
   2604.86829   2.66605298E-001
   2603.53451   2.66584571E-001
   2602.20073   2.66568784E-001
   2600.86696   2.66557909E-001
   2599.53318   2.66551919E-001
   2598.19940   2.66550785E-001
   2596.86562   2.66554482E-001
   2595.53184   2.66562982E-001
   2594.19807   2.66576260E-001
   2592.86429   2.66594291E-001
   2591.53051   2.66617049E-001
   2590.19673   2.66644510E-001
   2588.86295   2.66676650E-001
   2587.52918   2.66713445E-001
   2586.19540   2.66754873E-001
   2584.86162   2.66800910E-001
   2583.52784   2.66851535E-001
   2582.19406   2.66906725E-001
   2580.86029   2.66966460E-001
   2579.52651   2.67030719E-001
   2578.19273   2.67099480E-001
   2576.85895   2.67172724E-001
   2575.52518   2.67250431E-001
   2574.19140   2.67332581E-001
   2572.85762   2.67419157E-001
   2571.52384   2.67510139E-001
   2570.19006   2.67605509E-001
   2568.85629   2.67705249E-001
   2567.52251   2.67809343E-001
   2566.18873   2.67917773E-001
   2564.85495   2.68030522E-001
   2563.52117   2.68147574E-001
   2562.18740   2.68268914E-001
   2560.85362   2.68394526E-001
   2559.51984   2.68524394E-001
   2558.18606   2.68658504E-001
   2556.85228   2.68796841E-001
   2555.51851   2.68939391E-001
   2554.18473   2.69086141E-001
   2552.85095   2.69237076E-001
   2551.51717   2.69392184E-001
   2550.18339   2.69551452E-001
   2548.84962   2.69714867E-001
   2547.51584   2.69882418E-001
   2546.18206   2.70054092E-001
   2544.84828   2.70229877E-001
   2543.51450   2.70409763E-001
   2542.18073   2.70593739E-001
   2540.84695   2.70781793E-001
   2539.51317   2.70973916E-001
   2538.17939   2.71170098E-001
   2536.84562   2.71370329E-001
   2535.51184   2.71574599E-001
   2534.17806   2.71782900E-001
   2532.84428   2.71995222E-001
   2531.51050   2.72211557E-001
   2530.17673   2.72431897E-001
   2528.84295   2.72656233E-001
   2527.50917   2.72884558E-001
   2526.17539   2.73116865E-001
   2524.84161   2.73353146E-001
   2523.50784   2.73593395E-001
   2522.17406   2.73837604E-001
   2520.84028   2.74085768E-001
   2519.50650   2.74337880E-001
   2518.17272   2.74593934E-001
   2516.83895   2.74853926E-001
   2515.50517   2.75117849E-001
   2514.17139   2.75385699E-001
   2512.83761   2.75657470E-001
   2511.50383   2.75933159E-001
   2510.17006   2.76212760E-001
   2508.83628   2.76496271E-001
   2507.50250   2.76783686E-001
   2506.16872   2.77075003E-001
   2504.83494   2.77370219E-001
   2503.50117   2.77669329E-001
   2502.16739   2.77972332E-001
   2500.83361   2.78279225E-001
   2499.49983   2.78590005E-001
   2498.16606   2.78904671E-001
   2496.83228   2.79223220E-001
   2495.49850   2.79545651E-001
   2494.16472   2.79871963E-001
   2492.83094   2.80202154E-001
   2491.49717   2.80536223E-001
   2490.16339   2.80874170E-001
   2488.82961   2.81215995E-001
   2487.49583   2.81561696E-001
   2486.16205   2.81911275E-001
   2484.82828   2.82264731E-001
   2483.49450   2.82622064E-001
   2482.16072   2.82983276E-001
   2480.82694   2.83348368E-001
   2479.49316   2.83717339E-001
   2478.15939   2.84090193E-001
   2476.82561   2.84466929E-001
   2475.49183   2.84847551E-001
   2474.15805   2.85232060E-001
   2472.82427   2.85620458E-001
   2471.49050   2.86012748E-001
   2470.15672   2.86408932E-001
   2468.82294   2.86809014E-001
   2467.48916   2.87212995E-001
   2466.15539   2.87620881E-001
   2464.82161   2.88032674E-001
   2463.48783   2.88448377E-001
   2462.15405   2.88867995E-001
   2460.82027   2.89291533E-001
   2459.48650   2.89718993E-001
   2458.15272   2.90150382E-001
   2456.81894   2.90585703E-001
   2455.48516   2.91024963E-001
   2454.15138   2.91468165E-001
   2452.81761   2.91915315E-001
   2451.48383   2.92366420E-001
   2450.15005   2.92821484E-001
   2448.81627   2.93280515E-001
   2447.48249   2.93743517E-001
   2446.14872   2.94210498E-001
   2444.81494   2.94681465E-001
   2443.48116   2.95156424E-001
   2442.14738   2.95635383E-001
   2440.81360   2.96118348E-001
   2439.47983   2.96605328E-001
   2438.14605   2.97096329E-001
   2436.81227   2.97591361E-001
   2435.47849   2.98090430E-001
   2434.14471   2.98593547E-001
   2432.81094   2.99100718E-001
   2431.47716   2.99611953E-001
   2430.14338   3.00127262E-001
   2428.80960   3.00646652E-001
   2427.47583   3.01170134E-001
   2426.14205   3.01697717E-001
   2424.80827   3.02229411E-001
   2423.47449   3.02765226E-001
   2422.14071   3.03305173E-001
   2420.80694   3.03849262E-001
   2419.47316   3.04397503E-001
   2418.13938   3.04949908E-001
   2416.80560   3.05506487E-001
   2415.47182   3.06067252E-001
   2414.13805   3.06632215E-001
   2412.80427   3.07201387E-001
   2411.47049   3.07774780E-001
   2410.13671   3.08352407E-001
   2408.80293   3.08934280E-001
   2407.46916   3.09520411E-001
   2406.13538   3.10110814E-001
   2404.80160   3.10705501E-001
   2403.46782   3.11304486E-001
   2402.13404   3.11907782E-001
   2400.80027   3.12515403E-001
   2399.46649   3.13127363E-001
   2398.13271   3.13743676E-001
   2396.79893   3.14364357E-001
   2395.46516   3.14989420E-001
   2394.13138   3.15618880E-001
   2392.79760   3.16252752E-001
   2391.46382   3.16891051E-001
   2390.13004   3.17533794E-001
   2388.79627   3.18180995E-001
   2387.46249   3.18832670E-001
   2386.12871   3.19488837E-001
   2384.79493   3.20149510E-001
   2383.46115   3.20814708E-001
   2382.12738   3.21484447E-001
   2380.79360   3.22158744E-001
   2379.45982   3.22837616E-001
   2378.12604   3.23521081E-001
   2376.79226   3.24209157E-001
   2375.45849   3.24901863E-001
   2374.12471   3.25599215E-001
   2372.79093   3.26301234E-001
   2371.45715   3.27007937E-001
   2370.12337   3.27719344E-001
   2368.78960   3.28435474E-001
   2367.45582   3.29156347E-001
   2366.12204   3.29881983E-001
   2364.78826   3.30612401E-001
   2363.45448   3.31347622E-001
   2362.12071   3.32087666E-001
   2360.78693   3.32832555E-001
   2359.45315   3.33582309E-001
   2358.11937   3.34336950E-001
   2356.78560   3.35096499E-001
   2355.45182   3.35860978E-001
   2354.11804   3.36630410E-001
   2352.78426   3.37404816E-001
   2351.45048   3.38184220E-001
   2350.11671   3.38968643E-001
   2348.78293   3.39758110E-001
   2347.44915   3.40552644E-001
   2346.11537   3.41352269E-001
   2344.78159   3.42157008E-001
   2343.44782   3.42966886E-001
   2342.11404   3.43781928E-001
   2340.78026   3.44602158E-001
   2339.44648   3.45427601E-001
   2338.11270   3.46258284E-001
   2336.77893   3.47094231E-001
   2335.44515   3.47935468E-001
   2334.11137   3.48782023E-001
   2332.77759   3.49633920E-001
   2331.44381   3.50491189E-001
   2330.11004   3.51353854E-001
   2328.77626   3.52221945E-001
   2327.44248   3.53095489E-001
   2326.10870   3.53974513E-001
   2324.77492   3.54859047E-001
   2323.44115   3.55749118E-001
   2322.10737   3.56644757E-001
   2320.77359   3.57545992E-001
   2319.43981   3.58452853E-001
   2318.10604   3.59365370E-001
   2316.77226   3.60283574E-001
   2315.43848   3.61207494E-001
   2314.10470   3.62137163E-001
   2312.77092   3.63072610E-001
   2311.43715   3.64013868E-001
   2310.10337   3.64960970E-001
   2308.76959   3.65913946E-001
   2307.43581   3.66872830E-001
   2306.10203   3.67837655E-001
   2304.76826   3.68808454E-001
   2303.43448   3.69785261E-001
   2302.10070   3.70768109E-001
   2300.76692   3.71757034E-001
   2299.43314   3.72752070E-001
   2298.09937   3.73753253E-001
   2296.76559   3.74760617E-001
   2295.43181   3.75774199E-001
   2294.09803   3.76794035E-001
   2292.76425   3.77820161E-001
   2291.43048   3.78852615E-001
   2290.09670   3.79891435E-001
   2288.76292   3.80936657E-001
   2287.42914   3.81988320E-001
   2286.09537   3.83046463E-001
   2284.76159   3.84111124E-001
   2283.42781   3.85182344E-001
   2282.09403   3.86260162E-001
   2280.76025   3.87344618E-001
   2279.42648   3.88435752E-001
   2278.09270   3.89533607E-001
   2276.75892   3.90638223E-001
   2275.42514   3.91749643E-001
   2274.09136   3.92867908E-001
   2272.75759   3.93993062E-001
   2271.42381   3.95125148E-001
   2270.09003   3.96264209E-001
   2268.75625   3.97410290E-001
   2267.42247   3.98563436E-001
   2266.08870   3.99723690E-001
   2264.75492   4.00891100E-001
   2263.42114   4.02065711E-001
   2262.08736   4.03247569E-001
   2260.75358   4.04436722E-001
   2259.41981   4.05633217E-001
   2258.08603   4.06837102E-001
   2256.75225   4.08048425E-001
   2255.41847   4.09267235E-001
   2254.08469   4.10493582E-001
   2252.75092   4.11727516E-001
   2251.41714   4.12969087E-001
   2250.08336   4.14218347E-001
   2248.74958   4.15475346E-001
   2247.41581   4.16740137E-001
   2246.08203   4.18012773E-001
   2244.74825   4.19293307E-001
   2243.41447   4.20581792E-001
   2242.08069   4.21878282E-001
   2240.74692   4.23182834E-001
   2239.41314   4.24495501E-001
   2238.07936   4.25816341E-001
   2236.74558   4.27145409E-001
   2235.41180   4.28482763E-001
   2234.07803   4.29828461E-001
   2232.74425   4.31182561E-001
   2231.41047   4.32545122E-001
   2230.07669   4.33916203E-001
   2228.74291   4.35295866E-001
   2227.40914   4.36684170E-001
   2226.07536   4.38081177E-001
   2224.74158   4.39486950E-001
   2223.40780   4.40901552E-001
   2222.07402   4.42325045E-001
   2220.74025   4.43757493E-001
   2219.40647   4.45198963E-001
   2218.07269   4.46649519E-001
   2216.73891   4.48109227E-001
   2215.40514   4.49578155E-001
   2214.07136   4.51056370E-001
   2212.73758   4.52543940E-001
   2211.40380   4.54040935E-001
   2210.07002   4.55547424E-001
   2208.73625   4.57063477E-001
   2207.40247   4.58589167E-001
   2206.06869   4.60124565E-001
   2204.73491   4.61669744E-001
   2203.40113   4.63224778E-001
   2202.06736   4.64789740E-001
   2200.73358   4.66364707E-001
   2199.39980   4.67949754E-001
   2198.06602   4.69544959E-001
   2196.73224   4.71150398E-001
   2195.39847   4.72766150E-001
   2194.06469   4.74392296E-001
   2192.73091   4.76028914E-001
   2191.39713   4.77676086E-001
   2190.06335   4.79333894E-001
   2188.72958   4.81002421E-001
   2187.39580   4.82681751E-001
   2186.06202   4.84371968E-001
   2184.72824   4.86073158E-001
   2183.39446   4.87785407E-001
   2182.06069   4.89508804E-001
   2180.72691   4.91243436E-001
   2179.39313   4.92989394E-001
   2178.05935   4.94746767E-001
   2176.72558   4.96515646E-001
   2175.39180   4.98296126E-001
   2174.05802   5.00088298E-001
   2172.72424   5.01892257E-001
   2171.39046   5.03708100E-001
   2170.05669   5.05535922E-001
   2168.72291   5.07375821E-001
   2167.38913   5.09227897E-001
   2166.05535   5.11092249E-001
   2164.72157   5.12968979E-001
   2163.38780   5.14858187E-001
   2162.05402   5.16759979E-001
   2160.72024   5.18674458E-001
   2159.38646   5.20601730E-001
   2158.05268   5.22541903E-001
   2156.71891   5.24495083E-001
   2155.38513   5.26461381E-001
   2154.05135   5.28440907E-001
   2152.71757   5.30433774E-001
   2151.38379   5.32440093E-001
   2150.05002   5.34459980E-001
   2148.71624   5.36493551E-001
   2147.38246   5.38540923E-001
   2146.04868   5.40602214E-001
   2144.71490   5.42677544E-001
   2143.38113   5.44767034E-001
   2142.04735   5.46870808E-001
   2140.71357   5.48988989E-001
   2139.37979   5.51121702E-001
   2138.04602   5.53269075E-001
   2136.71224   5.55431237E-001
   2135.37846   5.57608317E-001
   2134.04468   5.59800447E-001
   2132.71090   5.62007761E-001
   2131.37713   5.64230392E-001
   2130.04335   5.66468477E-001
   2128.70957   5.68722155E-001
   2127.37579   5.70991564E-001
   2126.04201   5.73276847E-001
   2124.70824   5.75578146E-001
   2123.37446   5.77895605E-001
   2122.04068   5.80229372E-001
   2120.70690   5.82579594E-001
   2119.37312   5.84946422E-001
   2118.03935   5.87330007E-001
   2116.70557   5.89730503E-001
   2115.37179   5.92148066E-001
   2114.03801   5.94582853E-001
   2112.70423   5.97035023E-001
   2111.37046   5.99504738E-001
   2110.03668   6.01992161E-001
   2108.70290   6.04497458E-001
   2107.36912   6.07020796E-001
   2106.03535   6.09562344E-001
   2104.70157   6.12122274E-001
   2103.36779   6.14700761E-001
   2102.03401   6.17297979E-001
   2100.70023   6.19914107E-001
   2099.36646   6.22549325E-001
   2098.03268   6.25203816E-001
   2096.69890   6.27877766E-001
   2095.36512   6.30571360E-001
   2094.03134   6.33284790E-001
   2092.69757   6.36018247E-001
   2091.36379   6.38771925E-001
   2090.03001   6.41546023E-001
   2088.69623   6.44340738E-001
   2087.36245   6.47156275E-001
   2086.02868   6.49992836E-001
   2084.69490   6.52850631E-001
   2083.36112   6.55729868E-001
   2082.02734   6.58630762E-001
   2080.69356   6.61553526E-001
   2079.35979   6.64498381E-001
   2078.02601   6.67465548E-001
   2076.69223   6.70455249E-001
   2075.35845   6.73467714E-001
   2074.02467   6.76503172E-001
   2072.69090   6.79561857E-001
   2071.35712   6.82644004E-001
   2070.02334   6.85749855E-001
   2068.68956   6.88879650E-001
   2067.35579   6.92033637E-001
   2066.02201   6.95212064E-001
   2064.68823   6.98415185E-001
   2063.35445   7.01643256E-001
   2062.02067   7.04896536E-001
   2060.68690   7.08175289E-001
   2059.35312   7.11479781E-001
   2058.01934   7.14810283E-001
   2056.68556   7.18167069E-001
   2055.35178   7.21550417E-001
   2054.01801   7.24960609E-001
   2052.68423   7.28397931E-001
   2051.35045   7.31862672E-001
   2050.01667   7.35355126E-001
   2048.68289   7.38875591E-001
   2047.34912   7.42424370E-001
   2046.01534   7.46001768E-001
   2044.68156   7.49608095E-001
   2043.34778   7.53243669E-001
   2042.01400   7.56908807E-001
   2040.68023   7.60603834E-001
   2039.34645   7.64329078E-001
   2038.01267   7.68084874E-001
   2036.67889   7.71871559E-001
   2035.34512   7.75689477E-001
   2034.01134   7.79538977E-001
   2032.67756   7.83420410E-001
   2031.34378   7.87334136E-001
   2030.01000   7.91280518E-001
   2028.67623   7.95259925E-001
   2027.34245   7.99272732E-001
   2026.00867   8.03319319E-001
   2024.67489   8.07400071E-001
   2023.34111   8.11515380E-001
   2022.00734   8.15665642E-001
   2020.67356   8.19851262E-001
   2019.33978   8.24072649E-001
   2018.00600   8.28330217E-001
   2016.67222   8.32624388E-001
   2015.33845   8.36955592E-001
   2014.00467   8.41324261E-001
   2012.67089   8.45730838E-001
   2011.33711   8.50175771E-001
   2010.00333   8.54659515E-001
   2008.66956   8.59182531E-001
   2007.33578   8.63745289E-001
   2006.00200   8.68348266E-001
   2004.66822   8.72991945E-001
   2003.33444   8.77676818E-001
   2002.00067   8.82403384E-001
   2000.66689   8.87172150E-001
   1999.33311   8.91983632E-001
   1997.99933   8.96838353E-001
   1996.66556   9.01736844E-001
   1995.33178   9.06679646E-001
   1993.99800   9.11667308E-001
   1992.66422   9.16700388E-001
   1991.33044   9.21779452E-001
   1989.99667   9.26905077E-001
   1988.66289   9.32077848E-001
   1987.32911   9.37298359E-001
   1985.99533   9.42567217E-001
   1984.66155   9.47885035E-001
   1983.32778   9.53252440E-001
   1981.99400   9.58670065E-001
   1980.66022   9.64138557E-001
   1979.32644   9.69658573E-001
   1977.99266   9.75230781E-001
   1976.65889   9.80855860E-001
   1975.32511   9.86534501E-001
   1973.99133   9.92267405E-001
   1972.65755   9.98055288E-001
   1971.32377   1.00389888E+000
   1969.99000   1.00979891E+000
   1968.65622   1.01575614E+000
   1967.32244   1.02177133E+000
   1965.98866   1.02784526E+000
   1964.65488   1.03397872E+000
   1963.32111   1.04017251E+000
   1961.98733   1.04642747E+000
   1960.65355   1.05274442E+000
   1959.31977   1.05912421E+000
   1957.98600   1.06556770E+000
   1956.65222   1.07207578E+000
   1955.31844   1.07864935E+000
   1953.98466   1.08528930E+000
   1952.65088   1.09199659E+000
   1951.31711   1.09877213E+000
   1949.98333   1.10561692E+000
   1948.64955   1.11253191E+000
   1947.31577   1.11951811E+000
   1945.98199   1.12657655E+000
   1944.64822   1.13370824E+000
   1943.31444   1.14091426E+000
   1941.98066   1.14819568E+000
   1940.64688   1.15555358E+000
   1939.31310   1.16298909E+000
   1937.97933   1.17050335E+000
   1936.64555   1.17809752E+000
   1935.31177   1.18577277E+000
   1933.97799   1.19353031E+000
   1932.64421   1.20137138E+000
   1931.31044   1.20929721E+000
   1929.97666   1.21730909E+000
   1928.64288   1.22540833E+000
   1927.30910   1.23359624E+000
   1925.97533   1.24187418E+000
   1924.64155   1.25024353E+000
   1923.30777   1.25870570E+000
   1921.97399   1.26726212E+000
   1920.64021   1.27591427E+000
   1919.30644   1.28466363E+000
   1917.97266   1.29351173E+000
   1916.63888   1.30246013E+000
   1915.30510   1.31151042E+000
   1913.97132   1.32066422E+000
   1912.63755   1.32992318E+000
   1911.30377   1.33928900E+000
   1909.96999   1.34876340E+000
   1908.63621   1.35834815E+000
   1907.30243   1.36804503E+000
   1905.96866   1.37785590E+000
   1904.63488   1.38778263E+000
   1903.30110   1.39782714E+000
   1901.96732   1.40799138E+000
   1900.63354   1.41827736E+000
   1899.29977   1.42868713E+000
   1897.96599   1.43922277E+000
   1896.63221   1.44988643E+000
   1895.29843   1.46068028E+000
   1893.96465   1.47160656E+000
   1892.63088   1.48266756E+000
   1891.29710   1.49386561E+000
   1889.96332   1.50520310E+000
   1888.62954   1.51668247E+000
   1887.29577   1.52830622E+000
   1885.96199   1.54007691E+000
   1884.62821   1.55199716E+000
   1883.29443   1.56406963E+000
   1881.96065   1.57629708E+000
   1880.62688   1.58868230E+000
   1879.29310   1.60122817E+000
   1877.95932   1.61393763E+000
   1876.62554   1.62681369E+000
   1875.29176   1.63985942E+000
   1873.95799   1.65307800E+000
   1872.62421   1.66647266E+000
   1871.29043   1.68004671E+000
   1869.95665   1.69380354E+000
   1868.62287   1.70774665E+000
   1867.28910   1.72187960E+000
   1865.95532   1.73620604E+000
   1864.62154   1.75072974E+000
   1863.28776   1.76545453E+000
   1861.95398   1.78038438E+000
   1860.62021   1.79552331E+000
   1859.28643   1.81087549E+000
   1857.95265   1.82644518E+000
   1856.61887   1.84223675E+000
   1855.28510   1.85825470E+000
   1853.95132   1.87450364E+000
   1852.61754   1.89098829E+000
   1851.28376   1.90771352E+000
   1849.94998   1.92468433E+000
   1848.61621   1.94190585E+000
   1847.28243   1.95938335E+000
   1845.94865   1.97712224E+000
   1844.61487   1.99512811E+000
   1843.28109   2.01340668E+000
   1841.94732   2.03196384E+000
   1840.61354   2.05080564E+000
   1839.27976   2.06993833E+000
   1837.94598   2.08936831E+000
   1836.61220   2.10910218E+000
   1835.27843   2.12914675E+000
   1833.94465   2.14950900E+000
   1832.61087   2.17019615E+000
   1831.27709   2.19121560E+000
   1829.94331   2.21257502E+000
   1828.60954   2.23428228E+000
   1827.27576   2.25634550E+000
   1825.94198   2.27877306E+000
   1824.60820   2.30157358E+000
   1823.27442   2.32475599E+000
   1821.94065   2.34832947E+000
   1820.60687   2.37230350E+000
   1819.27309   2.39668788E+000
   1817.93931   2.42149272E+000
   1816.60554   2.44672845E+000
   1815.27176   2.47240586E+000
   1813.93798   2.49853610E+000
   1812.60420   2.52513070E+000
   1811.27042   2.55220155E+000
   1809.93665   2.57976099E+000
   1808.60287   2.60782177E+000
   1807.26909   2.63639706E+000
   1805.93531   2.66550052E+000
   1804.60153   2.69514630E+000
   1803.26776   2.72534904E+000
   1801.93398   2.75612391E+000
   1800.60020   2.78748665E+000
   1799.26642   2.81945355E+000
   1797.93264   2.85204154E+000
   1796.59887   2.88526816E+000
   1795.26509   2.91915164E+000
   1793.93131   2.95371087E+000
   1792.59753   2.98896552E+000
   1791.26375   3.02493600E+000
   1789.92998   3.06164351E+000
   1788.59620   3.09911014E+000
   1787.26242   3.13735883E+000
   1785.92864   3.17641348E+000
   1784.59486   3.21629897E+000
   1783.26109   3.25704121E+000
   1781.92731   3.29866721E+000
   1780.59353   3.34120512E+000
   1779.25975   3.38468431E+000
   1777.92598   3.42913543E+000
   1776.59220   3.47459047E+000
   1775.25842   3.52108287E+000
   1773.92464   3.56864756E+000
   1772.59086   3.61732108E+000
   1771.25709   3.66714164E+000
   1769.92331   3.71814926E+000
   1768.58953   3.77038585E+000
   1767.25575   3.82389534E+000
   1765.92197   3.87872377E+000
   1764.58820   3.93491950E+000
   1763.25442   3.99253325E+000
   1761.92064   4.05161836E+000
   1760.58686   4.11223087E+000
   1759.25308   4.17442975E+000
   1757.91931   4.23827709E+000
   1756.58553   4.30383829E+000
   1755.25175   4.37118232E+000
   1753.91797   4.44038195E+000
   1752.58419   4.51151400E+000
   1751.25042   4.58465969E+000
   1749.91664   4.65990489E+000
   1748.58286   4.73734053E+000
   1747.24908   4.81706294E+000
   1745.91531   4.89917428E+000
   1744.58153   4.98378299E+000
   1743.24775   5.07100430E+000
   1741.91397   5.16096076E+000
   1740.58019   5.25378286E+000
   1739.24642   5.34960965E+000
   1737.91264   5.44858952E+000
   1736.57886   5.55088099E+000
   1735.24508   5.65665357E+000
   1733.91130   5.76608878E+000
   1732.57753   5.87938124E+000
   1731.24375   5.99673986E+000
   1729.90997   6.11838924E+000
   1728.57619   6.24457111E+000
   1727.24241   6.37554613E+000
   1725.90864   6.51159567E+000
   1724.57486   6.65302402E+000
   1723.24108   6.80016073E+000
   1721.90730   6.95336337E+000
   1720.57352   7.11302051E+000
   1719.23975   7.27955526E+000
   1717.90597   7.45342912E+000
   1716.57219   7.63514653E+000
   1715.23841   7.82525995E+000
   1713.90463   8.02437570E+000
   1712.57086   8.23316075E+000
   1711.23708   8.45235040E+000
   1709.90330   8.68275730E+000
   1708.56952   8.92528180E+000
   1707.23575   9.18092404E+000
   1705.90197   9.45079809E+000
   1704.56819   9.73614846E+000
   1703.23441   1.00383695E+001
   1701.90063   1.03590285E+001
   1700.56686   1.06998928E+001
   1699.23308   1.10629623E+001
   1697.89930   1.14505080E+001
   1696.56552   1.18651193E+001
   1695.23174   1.23097594E+001
   1693.89797   1.27878348E+001
   1692.56419   1.33032780E+001
   1691.23041   1.38606506E+001
   1689.89663   1.44652699E+001
   1688.56285   1.51233669E+001
   1687.22908   1.58422832E+001
   1685.89530   1.66307202E+001
   1684.56152   1.74990552E+001
   1683.22774   1.84597453E+001
   1681.89396   1.95278497E+001
   1680.56019   2.07217087E+001
   1679.22641   2.20638358E+001
   1677.89263   2.35820994E+001
   1676.55885   2.53113063E+001
   1675.22508   2.72953409E+001
   1673.89130   2.95900885E+001
   1672.55752   3.22674686E+001
   1671.22374   3.54210539E+001
   1669.88996   3.91739669E+001
   1668.55619   4.36900460E+001
   1667.22241   4.91896674E+001
   1665.88863   5.59720294E+001
   1664.55485   6.44458532E+001
   1663.22107   7.51693417E+001
   1661.88730   8.88949521E+001
   1660.55352   1.06597207E+002
   1659.21974   1.29413601E+002
   1657.88596   1.58315639E+002
   1656.55218   1.93140266E+002
   1655.21841   2.30614239E+002
   1653.88463   2.62257292E+002
   1652.55085   2.76218521E+002
   1651.21707   2.66026965E+002
   1649.88329   2.37197750E+002
   1648.54952   2.01550235E+002
   1647.21574   1.68070441E+002
   1645.88196   1.40459079E+002
   1644.54818   1.19089712E+002
   1643.21440   1.03069824E+002
   1641.88063   9.12922584E+001
   1640.54685   8.28060779E+001
   1639.21307   7.68930034E+001
   1637.87929   7.30473296E+001
   1636.54552   7.09367088E+001
   1635.21174   7.03689369E+001
   1633.87796   7.12710157E+001
   1632.54418   7.36811446E+001
   1631.21040   7.77531964E+001
   1629.87663   8.37729525E+001
   1628.54285   9.21833024E+001
   1627.20907   1.03607147E+002
   1625.87529   1.18831151E+002
   1624.54151   1.38648731E+002
   1623.20774   1.63334507E+002
   1621.87396   1.91423784E+002
   1620.54018   2.17959221E+002
   1619.20640   2.34390713E+002
   1617.87262   2.33573803E+002
   1616.53885   2.16574446E+002
   1615.20507   1.91547193E+002
   1613.87129   1.66474936E+002
   1612.53751   1.45419241E+002
   1611.20373   1.29319746E+002
   1609.86996   1.17719225E+002
   1608.53618   1.09806442E+002
   1607.20240   1.04830619E+002
   1605.86862   1.02211091E+002
   1604.53484   1.01536778E+002
   1603.20107   1.02537286E+002
   1601.86729   1.05053797E+002
   1600.53351   1.09017260E+002
   1599.19973   1.14434716E+002
   1597.86596   1.21382937E+002
   1596.53218   1.30008559E+002
   1595.19840   1.40534484E+002
   1593.86462   1.53273006E+002
   1592.53084   1.68647000E+002
   1591.19707   1.87221532E+002
   1589.86329   2.09749693E+002
   1588.52951   2.37238349E+002
   1587.19573   2.71042140E+002
   1585.86195   3.12997326E+002
   1584.52818   3.65610332E+002
   1583.19440   4.32316014E+002
   1581.86062   5.17807979E+002
   1580.52684   6.28389528E+002
   1579.19306   7.72123949E+002
   1577.85929   9.58103858E+002
   1576.52551   1.19312909E+003
   1575.19173   1.47258650E+003
   1573.85795   1.76335288E+003
   1572.52417   1.98977754E+003
   1571.19040   2.05894480E+003
   1569.85662   1.93605805E+003
   1568.52284   1.68074256E+003
   1567.18906   1.38723405E+003
   1565.85529   1.11879672E+003
   1564.52151   8.98179117E+002
   1563.18773   7.25235138E+002
   1561.85395   5.91883208E+002
   1560.52017   4.89147193E+002
   1559.18640   4.09457133E+002
   1557.85262   3.47005884E+002
   1556.51884   2.97498458E+002
   1555.18506   2.57795015E+002
   1553.85128   2.25599597E+002
   1552.51751   1.99223018E+002
   1551.18373   1.77411393E+002
   1549.84995   1.59224602E+002
   1548.51617   1.43950626E+002
   1547.18239   1.31045037E+002
   1545.84862   1.20088028E+002
   1544.51484   1.10753705E+002
   1543.18106   1.02787996E+002
   1541.84728   9.59927251E+001
   1540.51350   9.02141384E+001
   1539.17973   8.53347721E+001
   1537.84595   8.12678980E+001
   1536.51217   7.79540991E+001
   1535.17839   7.53597525E+001
   1533.84461   7.34774100E+001
   1532.51084   7.23282792E+001
   1531.17706   7.19672334E+001
   1529.84328   7.24909963E+001
   1528.50950   7.40502373E+001
   1527.17573   7.68658433E+001
   1525.84195   8.12473714E+001
   1524.50817   8.76042927E+001
   1523.17439   9.64202898E+001
   1521.84061   1.08114252E+002
   1520.50684   1.22640073E+002
   1519.17306   1.38706048E+002
   1517.83928   1.53064890E+002
   1516.50550   1.61537302E+002
   1515.17172   1.62535660E+002
   1513.83795   1.59082850E+002
   1512.50417   1.56050604E+002
   1511.17039   1.56456644E+002
   1509.83661   1.60012338E+002
   1508.50283   1.63183623E+002
   1507.16906   1.60981369E+002
   1505.83528   1.50969852E+002
   1504.50150   1.35512132E+002
   1503.16772   1.19085099E+002
   1501.83394   1.04877271E+002
   1500.50017   9.41230416E+001
   1499.16639   8.69155737E+001
   1497.83261   8.29032830E+001
   1496.49883   8.14893835E+001
   1495.16506   8.16472803E+001
   1493.83128   8.17021954E+001
   1492.49750   7.97940574E+001
   1491.16372   7.51939134E+001
   1489.82994   6.88726096E+001
   1488.49617   6.24014441E+001
   1487.16239   5.68169802E+001
   1485.82861   5.24754245E+001
   1484.49483   4.93642040E+001
   1483.16105   4.73608427E+001
   1481.82728   4.63561086E+001
   1480.49350   4.62986690E+001
   1479.15972   4.72098677E+001
   1477.82594   4.91911829E+001
   1476.49216   5.24299879E+001
   1475.15839   5.71952902E+001
   1473.82461   6.37920409E+001
   1472.49083   7.23974866E+001
   1471.15705   8.26500960E+001
   1469.82327   9.29595683E+001
   1468.48950   1.00152386E+002
   1467.15572   1.00905318E+002
   1465.82194   9.46672167E+001
   1464.48816   8.42333656E+001
   1463.15438   7.30569995E+001
   1461.82061   6.31748891E+001
   1460.48683   5.52009892E+001
   1459.15305   4.90285370E+001
   1457.81927   4.43295819E+001
   1456.48550   4.07719513E+001
   1455.15172   3.80840852E+001
   1453.81794   3.60609635E+001
   1452.48416   3.45529351E+001
   1451.15038   3.34524991E+001
   1449.81661   3.26833552E+001
   1448.48283   3.21923643E+001
   1447.14905   3.19440323E+001
   1445.81527   3.19169844E+001
   1444.48149   3.21020202E+001
   1443.14772   3.25015002E+001
   1441.81394   3.31299605E+001
   1440.48016   3.40159278E+001
   1439.14638   3.52047969E+001
   1437.81260   3.67619956E+001
   1436.47883   3.87736046E+001
   1435.14505   4.13360770E+001
   1433.81127   4.45146616E+001
   1432.47749   4.82343654E+001
   1431.14371   5.20872837E+001
   1429.80994   5.52067712E+001
   1428.47616   5.66175723E+001
   1427.14238   5.60704197E+001
   1425.80860   5.43094619E+001
   1424.47482   5.23486093E+001
   1423.14105   5.08240398E+001
   1421.80727   4.99507975E+001
   1420.47349   4.97211361E+001
   1419.13971   5.00561196E+001
   1417.80594   5.08739092E+001
   1416.47216   5.21112206E+001
   1415.13838   5.37262306E+001
   1413.80460   5.56959645E+001
   1412.47082   5.80129476E+001
   1411.13705   6.06825442E+001
   1409.80327   6.37212387E+001
   1408.46949   6.71557846E+001
   1407.13571   7.10230949E+001
   1405.80193   7.53707885E+001
   1404.46816   8.02583588E+001
   1403.13438   8.57589930E+001
   1401.80060   9.19621282E+001
   1400.46682   9.89768986E+001
   1399.13304   1.06936710E+002
   1397.79927   1.16005277E+002
   1396.46549   1.26384618E+002
   1395.13171   1.38325674E+002
   1393.79793   1.52142548E+002
   1392.46415   1.68231737E+002
   1391.13038   1.87098365E+002
   1389.79660   2.09392321E+002
   1388.46282   2.35958493E+002
   1387.12904   2.67907250E+002
   1385.79527   3.06713982E+002
   1384.46149   3.54360209E+002
   1383.12771   4.13532926E+002
   1381.79393   4.87901688E+002
   1380.46015   5.82487255E+002
   1379.12638   7.04100194E+002
   1377.79260   8.61703730E+002
   1376.45882   1.06619525E+003
   1375.12504   1.32820744E+003
   1373.79126   1.65083205E+003
   1372.45749   2.01302391E+003
   1371.12371   2.34671334E+003
   1369.78993   2.53828625E+003
   1368.45615   2.49812949E+003
   1367.12237   2.24717270E+003
   1365.78860   1.89479889E+003
   1364.45482   1.54326620E+003
   1363.12104   1.24275265E+003
   1361.78726   1.00373410E+003
   1360.45348   8.19359722E+002
   1359.11971   6.78558862E+002
   1357.78593   5.71145342E+002
   1356.45215   4.89119126E+002
   1355.11837   4.26614264E+002
   1353.78459   3.79508982E+002
   1352.45082   3.45040928E+002
   1351.11704   3.21508436E+002
   1349.78326   3.08034463E+002
   1348.44948   3.04293374E+002
   1347.11571   3.09978391E+002
   1345.78193   3.23627246E+002
   1344.44815   3.40602899E+002
   1343.11437   3.51666293E+002
   1341.78059   3.46293787E+002
   1340.44682   3.21188031E+002
   1339.11304   2.83419825E+002
   1337.77926   2.43202826E+002
   1336.44548   2.07021345E+002
   1335.11170   1.76991895E+002
   1333.77793   1.52875113E+002
   1332.44415   1.33661401E+002
   1331.11037   1.18292567E+002
   1329.77659   1.05888668E+002
   1328.44281   9.57768363E+001
   1327.10904   8.74603171E+001
   1325.77526   8.05787352E+001
   1324.44148   7.48748162E+001
   1323.10770   7.01702943E+001
   1321.77392   6.63500810E+001
   1320.44015   6.33529576E+001
   1319.10637   6.11665898E+001
   1317.77259   5.98228666E+001
   1316.43881   5.93839643E+001
   1315.10504   5.98963105E+001
   1313.77126   6.12694905E+001
   1312.43748   6.30472812E+001
   1311.10370   6.42056348E+001
   1309.76992   6.34557101E+001
   1308.43615   6.02477247E+001
   1307.10237   5.53210185E+001
   1305.76859   4.99391649E+001
   1304.43481   4.49742738E+001
   1303.10103   4.07451655E+001
   1301.76726   3.72501027E+001
   1300.43348   3.43740960E+001
   1299.09970   3.19883082E+001
   1297.76592   2.99830699E+001
   1296.43214   2.82733068E+001
   1295.09837   2.67952339E+001
   1293.76459   2.55014450E+001
   1292.43081   2.43565881E+001
   1291.09703   2.33340527E+001
   1289.76325   2.24135625E+001
   1288.42948   2.15794610E+001
   1287.09570   2.08194968E+001
   1285.76192   2.01239584E+001
   1284.42814   1.94850553E+001
   1283.09436   1.88964706E+001
   1281.76059   1.83530333E+001
   1280.42681   1.78504775E+001
   1279.09303   1.73852626E+001
   1277.75925   1.69544380E+001
   1276.42548   1.65555414E+001
   1275.09170   1.61865207E+001
   1273.75792   1.58456762E+001
   1272.42414   1.55316149E+001
   1271.09036   1.52432189E+001
   1269.75659   1.49796210E+001
   1268.42281   1.47401891E+001
   1267.08903   1.45245178E+001
   1265.75525   1.43324258E+001
   1264.42147   1.41639596E+001
   1263.08770   1.40194040E+001
   1261.75392   1.38992992E+001
   1260.42014   1.38044656E+001
   1259.08636   1.37360377E+001
   1257.75258   1.36955095E+001
   1256.41881   1.36847926E+001
   1255.08503   1.37062918E+001
   1253.75125   1.37630019E+001
   1252.41747   1.38586336E+001
   1251.08369   1.39977742E+001
   1249.74992   1.41860988E+001
   1248.41614   1.44306443E+001
   1247.08236   1.47401727E+001
   1245.74858   1.51256521E+001
   1244.41480   1.56009031E+001
   1243.08103   1.61834733E+001
   1241.74725   1.68958341E+001
   1240.41347   1.77670328E+001
   1239.07969   1.88349965E+001
   1237.74592   2.01497714E+001
   1236.41214   2.17781051E+001
   1235.07836   2.38099397E+001
   1233.74458   2.63675528E+001
   1232.41080   2.96181315E+001
   1231.07703   3.37900764E+001
   1229.74325   3.91910686E+001
   1228.40947   4.62185859E+001
   1227.07569   5.53332608E+001
   1225.74191   6.69183091E+001
   1224.40814   8.08723414E+001
   1223.07436   9.57939497E+001
   1221.74058   1.08159212E+002
   1220.40680   1.13182116E+002
   1219.07302   1.08432165E+002
   1217.73925   9.63310011E+001
   1216.40547   8.16709143E+001
   1215.07169   6.79913413E+001
   1213.73791   5.67089386E+001
   1212.40413   4.79383147E+001
   1211.07036   4.13094078E+001
   1209.73658   3.63767884E+001
   1208.40280   3.27619733E+001
   1207.06902   3.01818259E+001
   1205.73525   2.84402359E+001
   1204.40147   2.74130550E+001
   1203.06769   2.70359734E+001
   1201.73391   2.72976520E+001
   1200.40013   2.82378934E+001
   1199.06636   2.99490099E+001
   1197.73258   3.25750141E+001
   1196.39880   3.62937175E+001
   1195.06502   4.12451039E+001
   1193.73124   4.73373817E+001
   1192.39747   5.38825610E+001
   1191.06369   5.92923013E+001
   1189.72991   6.16056147E+001
   1188.39613   6.01028479E+001
   1187.06235   5.61156471E+001
   1185.72858   5.17713758E+001
   1184.39480   4.85854615E+001
   1183.06102   4.72557441E+001
   1181.72724   4.80478101E+001
   1180.39346   5.11082285E+001
   1179.05969   5.65435997E+001
   1177.72591   6.42370311E+001
   1176.39213   7.33423415E+001
   1175.05835   8.16235984E+001
   1173.72457   8.56425673E+001
   1172.39080   8.29664859E+001
   1171.05702   7.45131143E+001
   1169.72324   6.35435606E+001
   1168.38946   5.28901953E+001
   1167.05569   4.38561469E+001
   1165.72191   3.66577233E+001
   1164.38813   3.10589676E+001
   1163.05435   2.67247036E+001
   1161.72057   2.33529550E+001
   1160.38680   2.07059516E+001
   1159.05302   1.86058820E+001
   1157.71924   1.69222000E+001
   1156.38546   1.55593606E+001
   1155.05168   1.44471382E+001
   1153.71791   1.35335210E+001
   1152.38413   1.27796444E+001
   1151.05035   1.21562126E+001
   1149.71657   1.16409724E+001
   1148.38279   1.12169224E+001
   1147.04902   1.08710354E+001
   1145.71524   1.05933426E+001
   1144.38146   1.03762731E+001
   1143.04768   1.02141785E+001
   1141.71390   1.01029929E+001
   1140.38013   1.00399947E+001
   1139.04635   1.00236464E+001
   1137.71257   1.00535006E+001
   1136.37879   1.01301586E+001
   1135.04502   1.02552827E+001
   1133.71124   1.04316571E+001
   1132.37746   1.06633049E+001
   1131.04368   1.09556689E+001
   1129.70990   1.13158683E+001
   1128.37613   1.17530549E+001
   1127.04235   1.22788975E+001
   1125.70857   1.29082381E+001
   1124.37479   1.36599835E+001
   1123.04101   1.45583217E+001
   1121.70724   1.56343938E+001
   1120.37346   1.69286109E+001
   1119.03968   1.84938908E+001
   1117.70590   2.04002165E+001
   1116.37212   2.27410898E+001
   1115.03835   2.56426789E+001
   1113.70457   2.92766879E+001
   1112.37079   3.38780222E+001
   1111.03701   3.97675620E+001
   1109.70323   4.73769768E+001
   1108.36946   5.72616682E+001
   1107.03568   7.00582460E+001
   1105.70190   8.62749380E+001
   1104.36812   1.05698225E+002
   1103.03434   1.26236402E+002
   1101.70057   1.42842875E+002
   1100.36679   1.48943267E+002
   1099.03301   1.41563715E+002
   1097.69923   1.24409508E+002
   1096.36546   1.04100462E+002
   1095.03168   8.53310620E+001
   1093.69790   6.99020593E+001
   1092.36412   5.79017777E+001
   1091.03034   4.88009055E+001
   1089.69657   4.19866861E+001
   1088.36279   3.69446524E+001
   1087.02901   3.32927586E+001
   1085.69523   3.07688274E+001
   1084.36145   2.92097271E+001
   1083.02768   2.85335287E+001
   1081.69390   2.87243194E+001
   1080.36012   2.98110480E+001
   1079.02634   3.18200247E+001
   1077.69256   3.46691852E+001
   1076.35879   3.80041622E+001
   1075.02501   4.11453932E+001
   1073.69123   4.34835236E+001
   1072.35745   4.51356756E+001
   1071.02367   4.68861281E+001
   1069.68990   4.92899555E+001
   1068.35612   5.18834159E+001
   1067.02234   5.31158147E+001
   1065.68856   5.13876638E+001
   1064.35478   4.65954960E+001
   1063.02101   4.01976573E+001
   1061.68723   3.38005707E+001
   1060.35345   2.82656594E+001
   1059.01967   2.37960367E+001
   1057.68590   2.02857054E+001
   1056.35212   1.75459309E+001
   1055.01834   1.53980787E+001
   1053.68456   1.36987401E+001
   1052.35078   1.23397304E+001
   1051.01701   1.12413328E+001
   1049.68323   1.03451826E+001
   1048.34945   9.60850370E+000
   1047.01567   8.99984622E+000
   1045.68189   8.49605619E+000
   1044.34812   8.08016676E+000
   1043.01434   7.73996001E+000
   1041.68056   7.46702088E+000
   1040.34678   7.25616775E+000
   1039.01300   7.10519373E+000
   1037.67923   7.01489436E+000
   1036.34545   6.98939096E+000
   1035.01167   7.03678496E+000
   1033.67789   7.17017854E+000
   1032.34411   7.40901683E+000
   1031.01034   7.78038438E+000
   1029.67656   8.31891230E+000
   1028.34278   9.06142451E+000
   1027.00900   1.00272320E+001
   1025.67523   1.11694294E+001
   1024.34145   1.22967823E+001
   1023.00767   1.30445459E+001
   1021.67389   1.30567893E+001
   1020.34011   1.23103002E+001
   1019.00634   1.11410880E+001
   1017.67256   9.93153675E+000
   1016.33878   8.89926554E+000
   1015.00500   8.11040512E+000
   1013.67122   7.55852556E+000
   1012.33745   7.21648349E+000
   1011.00367   7.05447463E+000
   1009.66989   7.03526714E+000
   1008.33611   7.09464482E+000
   1007.00233   7.12648112E+000
   1005.66856   7.01633304E+000
   1004.33478   6.72692899E+000
   1003.00100   6.32742861E+000
   1001.66722   5.91865072E+000
   1000.33344   5.56402211E+000
    998.99967   5.28373305E+000
    997.66589   5.07509267E+000
    996.33211   4.92838857E+000
    994.99833   4.83408753E+000
    993.66455   4.78514265E+000
    992.33078   4.77739122E+000
    990.99700   4.80943787E+000
    989.66322   4.88255549E+000
    988.32944   5.00079336E+000
    986.99567   5.17137514E+000
    985.66189   5.40545317E+000
    984.32811   5.71929103E+000
    982.99433   6.13591533E+000
    981.66055   6.68709446E+000
    980.32678   7.41486441E+000
    978.99300   8.36999009E+000
    977.65922   9.60027531E+000
    976.32544   1.11134570E+001
    974.99166   1.27954585E+001
    973.65789   1.43055854E+001
    972.32411   1.51060370E+001
    970.99033   1.48136998E+001
    969.65655   1.35774532E+001
    968.32277   1.19215429E+001
    966.98900   1.03029313E+001
    965.65522   8.93367051E+000
    964.32144   7.85097902E+000
    962.98766   7.01892055E+000
    961.65388   6.38517781E+000
    960.32011   5.90243204E+000
    958.98633   5.53343161E+000
    957.65255   5.25037331E+000
    956.31877   5.03290894E+000
    954.98499   4.86620832E+000
    953.65122   4.73942843E+000
    952.31744   4.64459007E+000
    950.98366   4.57577759E+000
    949.64988   4.52857440E+000
    948.31611   4.49966489E+000
    946.98233   4.48655270E+000
    945.64855   4.48735974E+000
    944.31477   4.50068202E+000
    942.98099   4.52548548E+000
    941.64722   4.56103036E+000
    940.31344   4.60681619E+000
    938.97966   4.66254197E+000
    937.64588   4.72807759E+000
    936.31210   4.80344393E+000
    934.97833   4.88879960E+000
    933.64455   4.98443324E+000
    932.31077   5.09076033E+000
    930.97699   5.20832403E+000
    929.64321   5.33779981E+000
    928.30944   5.48000365E+000
    926.97566   5.63590411E+000
    925.64188   5.80663833E+000
    924.30810   5.99353263E+000
    922.97432   6.19812833E+000
    921.64055   6.42221361E+000
    920.30677   6.66786286E+000
    918.97299   6.93748495E+000
    917.63921   7.23388257E+000
    916.30544   7.56032538E+000
    914.97166   7.92064047E+000
    913.63788   8.31932482E+000
    912.30410   8.76168575E+000
    910.97032   9.25401769E+000
    909.63655   9.80382588E+000
    908.30277   1.04201118E+001
    906.96899   1.11137402E+001
    905.63521   1.18979152E+001
    904.30143   1.27888030E+001
    902.96766   1.38063543E+001
    901.63388   1.49754009E+001
    900.30010   1.63271303E+001
    898.96632   1.79010855E+001
    897.63254   1.97478913E+001
    896.29877   2.19329743E+001
    894.96499   2.45415880E+001
    893.63121   2.76853935E+001
    892.29743   3.15104303E+001
    890.96365   3.62050035E+001
    889.62988   4.20032177E+001
    888.29610   4.91775542E+001
    886.96232   5.80253584E+001
    885.62854   6.89029205E+001
    884.29476   8.23902084E+001
    882.96099   9.94828910E+001
    881.62721   1.21472829E+002
    880.29343   1.49331744E+002
    878.95965   1.82455541E+002
    877.62588   2.16589954E+002
    876.29210   2.42359222E+002
    874.95832   2.48799971E+002
    873.62454   2.32517210E+002
    872.29076   2.01228808E+002
    870.95699   1.66107656E+002
    869.62321   1.34337187E+002
    868.28943   1.08363489E+002
    866.95565   8.80528359E+001
    865.62187   7.24106611E+001
    864.28810   6.03688667E+001
    862.95432   5.10358296E+001
    861.62054   4.37302397E+001
    860.28676   3.79489248E+001
    858.95298   3.33241628E+001
    857.61921   2.95870162E+001
    856.28543   2.65395511E+001
    854.95165   2.40347890E+001
    853.61787   2.19625056E+001
    852.28409   2.02392164E+001
    850.95032   1.88010984E+001
    849.61654   1.75989557E+001
    848.28276   1.65946113E+001
    846.94898   1.57583017E+001
    845.61521   1.50667812E+001
    844.28143   1.45019370E+001
    842.94765   1.40497751E+001
    841.61387   1.36996822E+001
    840.28009   1.34438963E+001
    838.94632   1.32771429E+001
    837.61254   1.31964055E+001
    836.27876   1.32008144E+001
    834.94498   1.32916452E+001
    833.61120   1.34724314E+001
    832.27743   1.37492006E+001
    830.94365   1.41308593E+001
    829.60987   1.46297640E+001
    828.27609   1.52625369E+001
    826.94231   1.60512114E+001
    825.60854   1.70248354E+001
    824.27476   1.82217159E+001
    822.94098   1.96925772E+001
    821.60720   2.15050248E+001
    820.27342   2.37498792E+001
    818.93965   2.65501551E+001
    817.60587   3.00736680E+001
    816.27209   3.45502252E+001
    814.93831   4.02934345E+001
    813.60453   4.77233527E+001
    812.27076   5.73744108E+001
    810.93698   6.98418572E+001
    809.60320   8.55528019E+001
    808.26942   1.04161970E+002
    806.93565   1.23479935E+002
    805.60187   1.38696512E+002
    804.26809   1.43980443E+002
    802.93431   1.36878499E+002
    801.60053   1.20702559E+002
    800.26676   1.01413170E+002
    798.93298   8.34150944E+001
    797.59920   6.84932546E+001
    796.26542   5.67858905E+001
    794.93164   4.78030199E+001
    793.59787   4.09501685E+001
    792.26409   3.57128958E+001
    790.93031   3.16929642E+001
    789.59653   2.85953656E+001
    788.26275   2.62051002E+001
    786.92898   2.43660838E+001
    785.59520   2.29648629E+001
    784.26142   2.19187952E+001
    782.92764   2.11676933E+001
    781.59386   2.06679810E+001
    780.26009   2.03886302E+001
    778.92631   2.03083562E+001
    777.59253   2.04137107E+001
    776.25875   2.06978326E+001
    774.92497   2.11596992E+001
    773.59120   2.18037811E+001
    772.25742   2.26400498E+001
    770.92364   2.36843243E+001
    769.58986   2.49589762E+001
    768.25609   2.64940504E+001
    766.92231   2.83288965E+001
    765.58853   3.05144670E+001
    764.25475   3.31165068E+001
    762.92097   3.62199711E+001
    761.58720   3.99351607E+001
    760.25342   4.44062911E+001
    758.91964   4.98235403E+001
    757.58586   5.64400870E+001
    756.25208   6.45962853E+001
    754.91831   7.47538673E+001
    753.58453   8.75436280E+001
    752.25075   1.03829313E+002
    750.91697   1.24785013E+002
    749.58319   1.51963822E+002
    748.24942   1.87277896E+002
    746.91564   2.32664317E+002
    745.58186   2.88922488E+002
    744.24808   3.52957380E+002
    742.91430   4.13678359E+002
    741.58053   4.51356746E+002
    740.24675   4.48678000E+002
    738.91297   4.07012764E+002
    737.57919   3.44964405E+002
    736.24542   2.81510906E+002
    734.91164   2.26570060E+002
    733.57786   1.82544881E+002
    732.24408   1.48387606E+002
    730.91030   1.22127571E+002
    729.57653   1.01891743E+002
    728.24275   8.61797505E+001
    726.90897   7.38651593E+001
    725.57519   6.41235773E+001
    724.24141   5.63569252E+001
    722.90764   5.01324136E+001
    721.57386   4.51378743E+001
    720.24008   4.11506208E+001
    718.90630   3.80165612E+001
    717.57252   3.56368211E+001
    716.23875   3.39594762E+001
    714.90497   3.29732982E+001
    713.57119   3.26972455E+001
    712.23741   3.31512843E+001
    710.90363   3.42805426E+001
    709.56986   3.58060008E+001
    708.23608   3.70705580E+001
    706.90230   3.71836581E+001
    705.56852   3.56725974E+001
    704.23474   3.29535615E+001
    702.90097   2.98962729E+001
    701.56719   2.71571162E+001
    700.23341   2.50100280E+001
    698.89963   2.34945966E+001
    697.56586   2.25683284E+001
    696.23208   2.21854163E+001
    694.89830   2.23273479E+001
    693.56452   2.30139953E+001
    692.23074   2.43099858E+001
    690.89697   2.63320518E+001
    689.56319   2.92576956E+001
    688.22941   3.33290770E+001
    686.89563   3.88317495E+001
    685.56185   4.59959441E+001
    684.22808   5.47184860E+001
    682.89430   6.40189343E+001
    681.56052   7.15247662E+001
    680.22674   7.41219121E+001
    678.89296   7.03641564E+001
    677.55919   6.19622716E+001
    676.22541   5.20372050E+001
    674.89163   4.28183616E+001
    673.55785   3.51644204E+001
    672.22407   2.91165592E+001
    670.89030   2.44181688E+001
    669.55652   2.07693634E+001
    668.22274   1.79133305E+001
    666.88896   1.56517842E+001
    665.55519   1.38376061E+001
    664.22141   1.23630459E+001
    662.88763   1.11491988E+001
    661.55385   1.01379212E+001
    660.22007   9.28596449E+000
    658.88630   8.56080861E+000
    657.55252   7.93772208E+000
    656.21874   7.39768253E+000
    654.88496   6.92589668E+000
    653.55118   6.51073787E+000
    652.21741   6.14297596E+000
    650.88363   5.81521338E+000
    649.54985   5.52146798E+000
    648.21607   5.25686134E+000
    646.88229   5.01738349E+000
    645.54852   4.79971382E+000
    644.21474   4.60108333E+000
    642.88096   4.41916793E+000
    641.54718   4.25200497E+000
    640.21340   4.09792757E+000
    638.87963   3.95551249E+000
    637.54585   3.82353844E+000
    636.21207   3.70095264E+000
    634.87829   3.58684370E+000
    633.54451   3.48041960E+000
    632.21074   3.38098964E+000
    630.87696   3.28794961E+000
    629.54318   3.20076963E+000
    628.20940   3.11898397E+000
    626.87563   3.04218266E+000
    625.54185   2.97000454E+000
    624.20807   2.90213141E+000
    622.87429   2.83828324E+000
    621.54051   2.77821419E+000
    620.20674   2.72170936E+000
    618.87296   2.66858216E+000
    617.53918   2.61867231E+000
    616.20540   2.57184431E+000
    614.87162   2.52798645E+000
    613.53785   2.48701030E+000
    612.20407   2.44885079E+000
    610.87029   2.41346678E+000
    609.53651   2.38084228E+000
    608.20273   2.35098848E+000
    606.86896   2.32394654E+000
    605.53518   2.29979164E+000
    604.20140   2.27863829E+000
    602.86762   2.26064745E+000
    601.53384   2.24603602E+000
    600.20007   2.23508935E+000
    598.86629   2.22817797E+000
    597.53251   2.22577979E+000
    596.19873   2.22851019E+000
    594.86495   2.23716263E+000
    593.53118   2.25276436E+000
    592.19740   2.27665338E+000
    590.86362   2.31058563E+000
    589.52984   2.35688569E+000
    588.19607   2.41865998E+000
    586.86229   2.50009883E+000
    585.52851   2.60690255E+000
    584.19473   2.74686993E+000
    582.86095   2.93066945E+000
    581.52718   3.17271954E+000
    580.19340   3.49179265E+000
    578.85962   3.91008023E+000
    577.52584   4.44736370E+000
    576.19206   5.10332321E+000
    574.85829   5.82027070E+000
    573.52451   6.44016707E+000
    572.19073   6.73075035E+000
    570.85695   6.54942206E+000
    569.52317   5.98700862E+000
    568.18940   5.27343368E+000
    566.85562   4.59320947E+000
    565.52184   4.02631608E+000
    564.18806   3.58367556E+000
    562.85428   3.24896121E+000
    561.52051   3.00071379E+000
    560.18673   2.82039700E+000
    558.85295   2.69423456E+000
    557.51917   2.61298205E+000
    556.18540   2.57128775E+000
    554.85162   2.56718172E+000
    553.51784   2.60179030E+000
    552.18406   2.67912941E+000
    550.85028   2.80547551E+000
    549.51651   2.98702859E+000
    548.18273   3.22318880E+000
    546.84895   3.49225827E+000
    545.51517   3.73395165E+000
    544.18139   3.85655441E+000
    542.84762   3.79860116E+000
    541.51384   3.58966489E+000
    540.18006   3.31914970E+000
    538.84628   3.06226926E+000
    537.51250   2.85298289E+000
    536.17873   2.69681176E+000
    534.84495   2.58771279E+000
    533.51117   2.51727602E+000
    532.17739   2.47813589E+000
    530.84361   2.46476231E+000
    529.50984   2.47335425E+000
    528.17606   2.50152824E+000
    526.84228   2.54803034E+000
    525.50850   2.61252812E+000
    524.17472   2.69548441E+000
    522.84095   2.79810283E+000
    521.50717   2.92233644E+000
    520.17339   3.07095621E+000
    518.83961   3.24768289E+000
    517.50584   3.45739257E+000
    516.17206   3.70641579E+000
    514.83828   4.00296105E+000
    513.50450   4.35770982E+000
    512.17072   4.78465287E+000
    510.83695   5.30227059E+000
    509.50317   5.93520569E+000
    508.16939   6.71663788E+000
    506.83561   7.69163980E+000
    505.50183   8.92183419E+000
    504.16806   1.04915607E+001
    502.83428   1.25151152E+001
    501.50050   1.51424099E+001
    500.16672   1.85540416E+001
    498.83294   2.29211860E+001
    497.49917   2.82770395E+001
    496.16539   3.42314567E+001
    494.83161   3.95992815E+001
    493.49783   4.24875118E+001
    492.16405   4.15177676E+001
    490.83028   3.71788994E+001
    489.49650   3.13124022E+001
    488.16272   2.55461333E+001
    486.82894   2.06442171E+001
    485.49517   1.67460217E+001
    484.16139   1.37271553E+001
    482.82761   1.14029625E+001
    481.49383   9.60566568E+000
    480.16005   8.20290640E+000
    478.82628   7.09575318E+000
    477.49250   6.21169003E+000
    476.15872   5.49775648E+000
    474.82494   4.91511390E+000
    473.49116   4.43505462E+000
    472.15739   4.03615763E+000
    470.82361   3.70228208E+000
    469.48983   3.42115284E+000
    468.15605   3.18335936E+000
    466.82227   2.98164331E+000
    465.48850   2.81038885E+000
    464.15472   2.66525727E+000
    462.82094   2.54292604E+000
    461.48716   2.44090578E+000
    460.15338   2.35741744E+000
    458.81961   2.29131937E+000
    457.48583   2.24207917E+000
    456.15205   2.20979026E+000
    454.81827   2.19523846E+000
    453.48449   2.20002978E+000
    452.15072   2.22679820E+000
    450.81694   2.27952096E+000
    449.48316   2.36397747E+000
    448.14938   2.48838798E+000
    446.81561   2.66423388E+000
    445.48183   2.90711949E+000
    444.14805   3.23708909E+000
    442.81427   3.67661575E+000
    441.48049   4.24182193E+000
    440.14672   4.91877413E+000
    438.81294   5.62000189E+000
    437.47916   6.15154504E+000
    436.14538   6.28284490E+000
    434.81160   5.93742280E+000
    433.47783   5.27287903E+000
    432.14405   4.52403532E+000
    430.81027   3.84412745E+000
    429.47649   3.28638043E+000
    428.14271   2.84886927E+000
    426.80894   2.51102557E+000
    425.47516   2.25051721E+000
    424.14138   2.04866656E+000
    422.80760   1.89122739E+000
    421.47382   1.76773380E+000
    420.14005   1.67061523E+000
    418.80627   1.59443592E+000
    417.47249   1.53532381E+000
    416.13871   1.49056702E+000
    414.80493   1.45834051E+000
    413.47116   1.43753096E+000
    412.13738   1.42763759E+000
    410.80360   1.42873622E+000
    409.46982   1.44150235E+000
    408.13605   1.46729666E+000
    406.80227   1.50832359E+000
    405.46849   1.56787870E+000
    404.13471   1.65069742E+000
    402.80093   1.76338721E+000
    401.46716   1.91481148E+000
    400.13338   2.11595862E+000
    398.79960   2.37798230E+000
    397.46582   2.70542664E+000
    396.13204   3.08022115E+000
    394.79827   3.43802560E+000
    393.46449   3.66497486E+000
    392.13071   3.66215862E+000
    390.79693   3.43913085E+000
    389.46315   3.10424751E+000
    388.12938   2.76728236E+000
    386.79560   2.48577510E+000
    385.46182   2.27436418E+000
    384.12804   2.12826492E+000
    382.79426   2.03783963E+000
    381.46049   1.99454698E+000
    380.12671   1.99267456E+000
    378.79293   2.02957773E+000
    377.45915   2.10560103E+000
    376.12538   2.22412012E+000
    374.79160   2.39186815E+000
    373.45782   2.61962812E+000
    372.12404   2.92334274E+000
    370.79026   3.32561055E+000
    369.45649   3.85722566E+000
    368.12271   4.55745601E+000
    366.78893   5.46920965E+000
    365.45515   6.61976425E+000
    364.12137   7.97087703E+000
    362.78760   9.33257080E+000
    361.45382   1.03124507E+001
    360.12004   1.04832832E+001
    358.78626   9.75319967E+000
    357.45248   8.46252756E+000
    356.11871   7.05336144E+000
    354.78493   5.79421007E+000
    353.45115   4.76975765E+000
    352.11737   3.96925665E+000
    350.78359   3.35174215E+000
    349.44982   2.87486535E+000
    348.11604   2.50369532E+000
    346.78226   2.21166055E+000
    345.44848   1.97916428E+000
    344.11470   1.79188263E+000
    342.78093   1.63932826E+000
    341.44715   1.51376913E+000
    340.11337   1.40945015E+000
    338.77959   1.32204205E+000
    337.44582   1.24825265E+000
    336.11204   1.18555159E+000
    334.77826   1.13197418E+000
    333.44448   1.08598027E+000
    332.11070   1.04635187E+000
    330.77693   1.01211801E+000
    329.44315   9.82499064E-001
    328.10937   9.56865211E-001
    326.77559   9.34705027E-001
    325.44181   9.15601627E-001
    324.10804   8.99214362E-001
    322.77426   8.85264712E-001
    321.44048   8.73525336E-001
    320.10670   8.63811554E-001
    318.77292   8.55974697E-001
    317.43915   8.49896938E-001
    316.10537   8.45487288E-001
    314.77159   8.42678537E-001
    313.43781   8.41424975E-001
    312.10403   8.41700763E-001
    310.77026   8.43498886E-001
    309.43648   8.46830609E-001
    308.10270   8.51725417E-001
    306.76892   8.58231425E-001
    305.43515   8.66416265E-001
    304.10137   8.76368484E-001
    302.76759   8.88199496E-001
    301.43381   9.02046186E-001
    300.10003   9.18074254E-001
    298.76626   9.36482459E-001
    297.43248   9.57507956E-001
    296.09870   9.81432980E-001
    294.76492   1.00859322E+000
    293.43114   1.03938831E+000
    292.09737   1.07429507E+000
    290.76359   1.11388421E+000
    289.42981   1.15884166E+000
    288.09603   1.20999577E+000
    286.76225   1.26835252E+000
    285.42848   1.33514127E+000
    284.09470   1.41187468E+000
    282.76092   1.50042813E+000
    281.42714   1.60314571E+000
    280.09336   1.72298326E+000
    278.75959   1.86370316E+000
    277.42581   2.03014262E+000
    276.09203   2.22858636E+000
    274.75825   2.46728938E+000
    273.42447   2.75721512E+000
    272.09070   3.11308164E+000
    270.75692   3.55483943E+000
    269.42314   4.10972515E+000
    268.08936   4.81499353E+000
    266.75559   5.72116669E+000
    265.42181   6.89471914E+000
    264.08803   8.41644754E+000
    262.75425   1.03651500E+001
    261.42047   1.27636594E+001
    260.08670   1.54558408E+001
    258.75292   1.79372152E+001
    257.41914   1.93666840E+001
    256.08536   1.90823755E+001
    254.75158   1.72415015E+001
    253.41781   1.46549497E+001
    252.08403   1.20797883E+001
    250.75025   9.88765713E+000
    249.41647   8.15694946E+000
    248.08269   6.83848569E+000
    246.74892   5.85254956E+000
    245.41514   5.12681590E+000
    244.08136   4.60626334E+000
    242.74758   4.25317513E+000
    241.41380   4.04466776E+000
    240.08003   3.97000308E+000
    238.74625   4.02742088E+000
    237.41247   4.21810916E+000
    236.07869   4.53218454E+000
    234.74491   4.92105378E+000
    233.41114   5.26614452E+000
    232.07736   5.39769945E+000
    230.74358   5.21213372E+000
    229.40980   4.77389179E+000
    228.07603   4.24692290E+000
    226.74225   3.76301535E+000
    225.40847   3.38023799E+000
    224.07469   3.10866218E+000
    222.74091   2.94048024E+000
    221.40714   2.86619240E+000
    220.07336   2.88098429E+000
    218.73958   2.98691450E+000
    217.40580   3.19379243E+000
    216.07202   3.51950264E+000
    214.73825   3.98875097E+000
    213.40447   4.62646167E+000
    212.07069   5.43734558E+000
    210.73691   6.36025402E+000
    209.40313   7.20658339E+000
    208.06936   7.66761577E+000
    206.73558   7.50628762E+000
    205.40180   6.78644283E+000
    204.06802   5.80462037E+000
    202.73424   4.83268577E+000
    201.40047   4.00180461E+000
    200.06669   3.33784976E+000
    198.73291   2.82126944E+000
    197.39913   2.42167364E+000
    196.06536   2.11116056E+000
    194.73158   1.86762249E+000
    193.39780   1.67449657E+000
    192.06402   1.51962445E+000
    190.73024   1.39411704E+000
    189.39647   1.29145011E+000
    188.06269   1.20679844E+000
    186.72891   1.13656065E+000
    185.39513   1.07802374E+000
    184.06135   1.02912646E+000
    182.72758   9.88291665E-001
    181.39380   9.54306919E-001
    180.06002   9.26238772E-001
    178.72624   9.03370976E-001
    177.39246   8.85159833E-001
    176.05869   8.71202032E-001
    174.72491   8.61211800E-001
    173.39113   8.55005194E-001
    172.05735   8.52490099E-001
    170.72357   8.53661033E-001
    169.38980   8.58598273E-001
    168.05602   8.67471183E-001
    166.72224   8.80545983E-001
    165.38846   8.98198522E-001
    164.05468   9.20933109E-001
    162.72091   9.49408940E-001
    161.38713   9.84476470E-001
    160.05335   1.02722706E+000
    158.71957   1.07906073E+000
    157.38580   1.14177906E+000
    156.05202   1.21771327E+000
    154.71824   1.30990225E+000
    153.38446   1.42234204E+000
    152.05068   1.56033778E+000
    150.71691   1.73100261E+000
    149.38313   1.94396443E+000
    148.04935   2.21235694E+000
    146.71557   2.55416672E+000
    145.38179   2.99392784E+000
    144.04802   3.56443402E+000
    142.71424   4.30715032E+000
    141.38046   5.26739289E+000
    140.04668   6.47469874E+000
    138.71290   7.89159038E+000
    137.37913   9.32409934E+000
    136.04535   1.03665445E+001
    134.71157   1.05704776E+001
    133.37779   9.83059513E+000
    132.04401   8.49577777E+000
    130.71024   7.02897628E+000
    129.37646   5.71472161E+000
    128.04268   4.64431337E+000
    126.70890   3.80773902E+000
    125.37513   3.16253435E+000
    124.04135   2.66445218E+000
    122.70757   2.27690553E+000
    121.37379   1.97203842E+000
    120.04001   1.72930191E+000
    118.70624   1.53367719E+000
    117.37246   1.37417037E+000
    116.03868   1.24267803E+000
    114.70490   1.13316999E+000
    113.37112   1.04111080E+000
    112.03735   9.63051541E-001
    110.70357   8.96340925E-001
    109.36979   8.38919435E-001
    108.03601   7.89171290E-001
    106.70223   7.45816997E-001
    105.36846   7.07834553E-001
    104.03468   6.74401108E-001
    102.70090   6.44849336E-001
    101.36712   6.18634526E-001
    100.03334   5.95309533E-001
     98.69957   5.74505566E-001
     97.36579   5.55917354E-001
     96.03201   5.39291630E-001
     94.69823   5.24418147E-001
     93.36445   5.11122667E-001
     92.03068   4.99261487E-001
     90.69690   4.88717213E-001
     89.36312   4.79395534E-001
     88.02934   4.71222842E-001
     86.69557   4.64144591E-001
     85.36179   4.58124331E-001
     84.02801   4.53143369E-001
     82.69423   4.49201108E-001
     81.36045   4.46316075E-001
     80.02668   4.44527785E-001
     78.69290   4.43899571E-001
     77.35912   4.44522660E-001
     76.02534   4.46521828E-001
     74.69156   4.50063172E-001
     73.35779   4.55364733E-001
     72.02401   4.62711022E-001
     70.69023   4.72473001E-001
     69.35645   4.85135716E-001
     68.02267   5.01336846E-001
     66.68890   5.21920836E-001
     65.35512   5.48015454E-001
     64.02134   5.81140385E-001
     62.68756   6.23360850E-001
     61.35378   6.77501714E-001
     60.02001   7.47434107E-001
     58.68623   8.38421871E-001
     57.35245   9.57426346E-001
     56.01867   1.11300681E+000
     54.68489   1.31379471E+000
     53.35112   1.56322086E+000
     52.01734   1.84707480E+000
     50.68356   2.11516860E+000
     49.34978   2.27895992E+000
     48.01601   2.26175708E+000
     46.68223   2.07105100E+000
     45.34845   1.79057054E+000
     44.01467   1.50473599E+000
     42.68089   1.25729982E+000
     41.34712   1.05866562E+000
     40.01334   9.04021565E-001
     38.67956   7.84528154E-001
     37.34578   6.91812340E-001
     36.01200   6.19168440E-001
     34.67823   5.61553784E-001
     33.34445   5.15263813E-001
     32.01067   4.77591437E-001
     30.67689   4.46551469E-001
     29.34311   4.20676492E-001
     28.00934   3.98870846E-001
     26.67556   3.80307450E-001
     25.34178   3.64354976E-001
     24.00800   3.50526220E-001
     22.67422   3.38441207E-001
     21.34045   3.27800595E-001
     20.00667   3.18366306E-001
     18.67289   3.09947272E-001
     17.33911   3.02388853E-001
     16.00534   2.95564883E-001
     14.67156   2.89371662E-001
     13.33778   2.83723344E-001
     12.00400   2.78548395E-001
     10.67022   2.73786830E-001
      9.33645   2.69388053E-001
      8.00267   2.65309148E-001
      6.66889   2.61513521E-001
      5.33511   2.57969814E-001
      4.00133   2.54651026E-001
      2.66756   2.51533807E-001
      1.33378   2.48597874E-001
      0.00000   2.45825542E-001
