   4000.00000   7.27401915E-002
   3998.66622   7.28715778E-002
   3997.33244   7.30034296E-002
   3995.99867   7.31357493E-002
   3994.66489   7.32685396E-002
   3993.33111   7.34018032E-002
   3991.99733   7.35355426E-002
   3990.66355   7.36697606E-002
   3989.32978   7.38044598E-002
   3987.99600   7.39396430E-002
   3986.66222   7.40753128E-002
   3985.32844   7.42114720E-002
   3983.99466   7.43481234E-002
   3982.66089   7.44852698E-002
   3981.32711   7.46229140E-002
   3979.99333   7.47610587E-002
   3978.65955   7.48997070E-002
   3977.32578   7.50388616E-002
   3975.99200   7.51785254E-002
   3974.65822   7.53187014E-002
   3973.32444   7.54593926E-002
   3971.99066   7.56006018E-002
   3970.65689   7.57423320E-002
   3969.32311   7.58845864E-002
   3967.98933   7.60273678E-002
   3966.65555   7.61706795E-002
   3965.32177   7.63145244E-002
   3963.98800   7.64589056E-002
   3962.65422   7.66038264E-002
   3961.32044   7.67492898E-002
   3959.98666   7.68952990E-002
   3958.65288   7.70418573E-002
   3957.31911   7.71889678E-002
   3955.98533   7.73366338E-002
   3954.65155   7.74848587E-002
   3953.31777   7.76336457E-002
   3951.98399   7.77829981E-002
   3950.65022   7.79329194E-002
   3949.31644   7.80834128E-002
   3947.98266   7.82344819E-002
   3946.64888   7.83861300E-002
   3945.31511   7.85383606E-002
   3943.98133   7.86911773E-002
   3942.64755   7.88445835E-002
   3941.31377   7.89985828E-002
   3939.97999   7.91531788E-002
   3938.64622   7.93083750E-002
   3937.31244   7.94641752E-002
   3935.97866   7.96205831E-002
   3934.64488   7.97776022E-002
   3933.31110   7.99352364E-002
   3931.97733   8.00934893E-002
   3930.64355   8.02523649E-002
   3929.30977   8.04118668E-002
   3927.97599   8.05719990E-002
   3926.64221   8.07327654E-002
   3925.30844   8.08941698E-002
   3923.97466   8.10562163E-002
   3922.64088   8.12189087E-002
   3921.30710   8.13822512E-002
   3919.97332   8.15462477E-002
   3918.63955   8.17109024E-002
   3917.30577   8.18762193E-002
   3915.97199   8.20422026E-002
   3914.63821   8.22088566E-002
   3913.30443   8.23761853E-002
   3911.97066   8.25441932E-002
   3910.63688   8.27128843E-002
   3909.30310   8.28822632E-002
   3907.96932   8.30523342E-002
   3906.63555   8.32231016E-002
   3905.30177   8.33945698E-002
   3903.96799   8.35667435E-002
   3902.63421   8.37396271E-002
   3901.30043   8.39132250E-002
   3899.96666   8.40875421E-002
   3898.63288   8.42625827E-002
   3897.29910   8.44383518E-002
   3895.96532   8.46148538E-002
   3894.63154   8.47920937E-002
   3893.29777   8.49700761E-002
   3891.96399   8.51488060E-002
   3890.63021   8.53282881E-002
   3889.29643   8.55085275E-002
   3887.96265   8.56895290E-002
   3886.62888   8.58712977E-002
   3885.29510   8.60538387E-002
   3883.96132   8.62371569E-002
   3882.62754   8.64212577E-002
   3881.29376   8.66061460E-002
   3879.95999   8.67918272E-002
   3878.62621   8.69783066E-002
   3877.29243   8.71655894E-002
   3875.95865   8.73536810E-002
   3874.62487   8.75425868E-002
   3873.29110   8.77323124E-002
   3871.95732   8.79228632E-002
   3870.62354   8.81142447E-002
   3869.28976   8.83064626E-002
   3867.95599   8.84995226E-002
   3866.62221   8.86934303E-002
   3865.28843   8.88881915E-002
   3863.95465   8.90838120E-002
   3862.62087   8.92802977E-002
   3861.28710   8.94776546E-002
   3859.95332   8.96758885E-002
   3858.61954   8.98750056E-002
   3857.28576   9.00750118E-002
   3855.95198   9.02759134E-002
   3854.61821   9.04777165E-002
   3853.28443   9.06804274E-002
   3851.95065   9.08840524E-002
   3850.61687   9.10885978E-002
   3849.28309   9.12940701E-002
   3847.94932   9.15004758E-002
   3846.61554   9.17078214E-002
   3845.28176   9.19161135E-002
   3843.94798   9.21253588E-002
   3842.61420   9.23355640E-002
   3841.28043   9.25467359E-002
   3839.94665   9.27588814E-002
   3838.61287   9.29720073E-002
   3837.27909   9.31861207E-002
   3835.94532   9.34012287E-002
   3834.61154   9.36173382E-002
   3833.27776   9.38344566E-002
   3831.94398   9.40525910E-002
   3830.61020   9.42717489E-002
   3829.27643   9.44919375E-002
   3827.94265   9.47131643E-002
   3826.60887   9.49354369E-002
   3825.27509   9.51587629E-002
   3823.94131   9.53831500E-002
   3822.60754   9.56086058E-002
   3821.27376   9.58351383E-002
   3819.93998   9.60627553E-002
   3818.60620   9.62914649E-002
   3817.27242   9.65212750E-002
   3815.93865   9.67521938E-002
   3814.60487   9.69842295E-002
   3813.27109   9.72173905E-002
   3811.93731   9.74516850E-002
   3810.60353   9.76871216E-002
   3809.26976   9.79237087E-002
   3807.93598   9.81614551E-002
   3806.60220   9.84003693E-002
   3805.26842   9.86404603E-002
   3803.93464   9.88817369E-002
   3802.60087   9.91242080E-002
   3801.26709   9.93678828E-002
   3799.93331   9.96127703E-002
   3798.59953   9.98588799E-002
   3797.26576   1.00106221E-001
   3795.93198   1.00354802E-001
   3794.59820   1.00604634E-001
   3793.26442   1.00855726E-001
   3791.93064   1.01108088E-001
   3790.59687   1.01361729E-001
   3789.26309   1.01616659E-001
   3787.92931   1.01872889E-001
   3786.59553   1.02130429E-001
   3785.26175   1.02389288E-001
   3783.92798   1.02649477E-001
   3782.59420   1.02911006E-001
   3781.26042   1.03173887E-001
   3779.92664   1.03438129E-001
   3778.59286   1.03703744E-001
   3777.25909   1.03970742E-001
   3775.92531   1.04239134E-001
   3774.59153   1.04508932E-001
   3773.25775   1.04780147E-001
   3771.92397   1.05052789E-001
   3770.59020   1.05326871E-001
   3769.25642   1.05602403E-001
   3767.92264   1.05879399E-001
   3766.58886   1.06157869E-001
   3765.25509   1.06437825E-001
   3763.92131   1.06719280E-001
   3762.58753   1.07002245E-001
   3761.25375   1.07286734E-001
   3759.91997   1.07572758E-001
   3758.58620   1.07860330E-001
   3757.25242   1.08149463E-001
   3755.91864   1.08440169E-001
   3754.58486   1.08732463E-001
   3753.25108   1.09026356E-001
   3751.91731   1.09321862E-001
   3750.58353   1.09618994E-001
   3749.24975   1.09917767E-001
   3747.91597   1.10218194E-001
   3746.58219   1.10520288E-001
   3745.24842   1.10824065E-001
   3743.91464   1.11129537E-001
   3742.58086   1.11436719E-001
   3741.24708   1.11745626E-001
   3739.91330   1.12056273E-001
   3738.57953   1.12368674E-001
   3737.24575   1.12682844E-001
   3735.91197   1.12998799E-001
   3734.57819   1.13316553E-001
   3733.24441   1.13636122E-001
   3731.91064   1.13957523E-001
   3730.57686   1.14280770E-001
   3729.24308   1.14605880E-001
   3727.90930   1.14932869E-001
   3726.57553   1.15261753E-001
   3725.24175   1.15592550E-001
   3723.90797   1.15925275E-001
   3722.57419   1.16259946E-001
   3721.24041   1.16596579E-001
   3719.90664   1.16935193E-001
   3718.57286   1.17275805E-001
   3717.23908   1.17618432E-001
   3715.90530   1.17963093E-001
   3714.57152   1.18309805E-001
   3713.23775   1.18658587E-001
   3711.90397   1.19009458E-001
   3710.57019   1.19362437E-001
   3709.23641   1.19717542E-001
   3707.90263   1.20074793E-001
   3706.56886   1.20434209E-001
   3705.23508   1.20795810E-001
   3703.90130   1.21159615E-001
   3702.56752   1.21525646E-001
   3701.23374   1.21893923E-001
   3699.89997   1.22264466E-001
   3698.56619   1.22637296E-001
   3697.23241   1.23012434E-001
   3695.89863   1.23389902E-001
   3694.56485   1.23769721E-001
   3693.23108   1.24151914E-001
   3691.89730   1.24536502E-001
   3690.56352   1.24923509E-001
   3689.22974   1.25312956E-001
   3687.89597   1.25704868E-001
   3686.56219   1.26099266E-001
   3685.22841   1.26496176E-001
   3683.89463   1.26895620E-001
   3682.56085   1.27297623E-001
   3681.22708   1.27702210E-001
   3679.89330   1.28109405E-001
   3678.55952   1.28519233E-001
   3677.22574   1.28931720E-001
   3675.89196   1.29346892E-001
   3674.55819   1.29764774E-001
   3673.22441   1.30185393E-001
   3671.89063   1.30608777E-001
   3670.55685   1.31034951E-001
   3669.22307   1.31463943E-001
   3667.88930   1.31895781E-001
   3666.55552   1.32330494E-001
   3665.22174   1.32768109E-001
   3663.88796   1.33208656E-001
   3662.55418   1.33652164E-001
   3661.22041   1.34098662E-001
   3659.88663   1.34548180E-001
   3658.55285   1.35000749E-001
   3657.21907   1.35456400E-001
   3655.88530   1.35915163E-001
   3654.55152   1.36377070E-001
   3653.21774   1.36842154E-001
   3651.88396   1.37310447E-001
   3650.55018   1.37781981E-001
   3649.21641   1.38256790E-001
   3647.88263   1.38734907E-001
   3646.54885   1.39216368E-001
   3645.21507   1.39701206E-001
   3643.88129   1.40189456E-001
   3642.54752   1.40681154E-001
   3641.21374   1.41176337E-001
   3639.87996   1.41675040E-001
   3638.54618   1.42177302E-001
   3637.21240   1.42683158E-001
   3635.87863   1.43192648E-001
   3634.54485   1.43705810E-001
   3633.21107   1.44222683E-001
   3631.87729   1.44743307E-001
   3630.54351   1.45267722E-001
   3629.20974   1.45795969E-001
   3627.87596   1.46328088E-001
   3626.54218   1.46864123E-001
   3625.20840   1.47404115E-001
   3623.87462   1.47948108E-001
   3622.54085   1.48496146E-001
   3621.20707   1.49048272E-001
   3619.87329   1.49604531E-001
   3618.53951   1.50164970E-001
   3617.20574   1.50729634E-001
   3615.87196   1.51298571E-001
   3614.53818   1.51871827E-001
   3613.20440   1.52449452E-001
   3611.87062   1.53031494E-001
   3610.53685   1.53618002E-001
   3609.20307   1.54209028E-001
   3607.86929   1.54804622E-001
   3606.53551   1.55404837E-001
   3605.20173   1.56009724E-001
   3603.86796   1.56619338E-001
   3602.53418   1.57233732E-001
   3601.20040   1.57852962E-001
   3599.86662   1.58477083E-001
   3598.53284   1.59106152E-001
   3597.19907   1.59740226E-001
   3595.86529   1.60379364E-001
   3594.53151   1.61023626E-001
   3593.19773   1.61673071E-001
   3591.86395   1.62327760E-001
   3590.53018   1.62987755E-001
   3589.19640   1.63653120E-001
   3587.86262   1.64323918E-001
   3586.52884   1.65000213E-001
   3585.19507   1.65682073E-001
   3583.86129   1.66369564E-001
   3582.52751   1.67062753E-001
   3581.19373   1.67761710E-001
   3579.85995   1.68466506E-001
   3578.52618   1.69177210E-001
   3577.19240   1.69893895E-001
   3575.85862   1.70616635E-001
   3574.52484   1.71345505E-001
   3573.19106   1.72080580E-001
   3571.85729   1.72821937E-001
   3570.52351   1.73569654E-001
   3569.18973   1.74323812E-001
   3567.85595   1.75084490E-001
   3566.52217   1.75851771E-001
   3565.18840   1.76625738E-001
   3563.85462   1.77406477E-001
   3562.52084   1.78194072E-001
   3561.18706   1.78988612E-001
   3559.85328   1.79790186E-001
   3558.51951   1.80598885E-001
   3557.18573   1.81414799E-001
   3555.85195   1.82238024E-001
   3554.51817   1.83068653E-001
   3553.18439   1.83906785E-001
   3551.85062   1.84752516E-001
   3550.51684   1.85605947E-001
   3549.18306   1.86467180E-001
   3547.84928   1.87336318E-001
   3546.51551   1.88213466E-001
   3545.18173   1.89098732E-001
   3543.84795   1.89992223E-001
   3542.51417   1.90894052E-001
   3541.18039   1.91804330E-001
   3539.84662   1.92723172E-001
   3538.51284   1.93650695E-001
   3537.17906   1.94587017E-001
   3535.84528   1.95532260E-001
   3534.51150   1.96486546E-001
   3533.17773   1.97449999E-001
   3531.84395   1.98422749E-001
   3530.51017   1.99404923E-001
   3529.17639   2.00396654E-001
   3527.84261   2.01398077E-001
   3526.50884   2.02409328E-001
   3525.17506   2.03430545E-001
   3523.84128   2.04461872E-001
   3522.50750   2.05503453E-001
   3521.17372   2.06555434E-001
   3519.83995   2.07617965E-001
   3518.50617   2.08691198E-001
   3517.17239   2.09775290E-001
   3515.83861   2.10870399E-001
   3514.50483   2.11976685E-001
   3513.17106   2.13094313E-001
   3511.83728   2.14223450E-001
   3510.50350   2.15364268E-001
   3509.16972   2.16516940E-001
   3507.83595   2.17681642E-001
   3506.50217   2.18858557E-001
   3505.16839   2.20047867E-001
   3503.83461   2.21249762E-001
   3502.50083   2.22464431E-001
   3501.16706   2.23692070E-001
   3499.83328   2.24932879E-001
   3498.49950   2.26187060E-001
   3497.16572   2.27454820E-001
   3495.83194   2.28736370E-001
   3494.49817   2.30031926E-001
   3493.16439   2.31341707E-001
   3491.83061   2.32665937E-001
   3490.49683   2.34004845E-001
   3489.16305   2.35358665E-001
   3487.82928   2.36727635E-001
   3486.49550   2.38111996E-001
   3485.16172   2.39511999E-001
   3483.82794   2.40927895E-001
   3482.49416   2.42359944E-001
   3481.16039   2.43808410E-001
   3479.82661   2.45273561E-001
   3478.49283   2.46755674E-001
   3477.15905   2.48255029E-001
   3475.82528   2.49771913E-001
   3474.49150   2.51306620E-001
   3473.15772   2.52859450E-001
   3471.82394   2.54430708E-001
   3470.49016   2.56020708E-001
   3469.15639   2.57629769E-001
   3467.82261   2.59258218E-001
   3466.48883   2.60906388E-001
   3465.15505   2.62574622E-001
   3463.82127   2.64263269E-001
   3462.48750   2.65972684E-001
   3461.15372   2.67703234E-001
   3459.81994   2.69455292E-001
   3458.48616   2.71229238E-001
   3457.15238   2.73025465E-001
   3455.81861   2.74844371E-001
   3454.48483   2.76686365E-001
   3453.15105   2.78551866E-001
   3451.81727   2.80441301E-001
   3450.48349   2.82355110E-001
   3449.14972   2.84293740E-001
   3447.81594   2.86257651E-001
   3446.48216   2.88247314E-001
   3445.14838   2.90263209E-001
   3443.81460   2.92305831E-001
   3442.48083   2.94375684E-001
   3441.14705   2.96473287E-001
   3439.81327   2.98599169E-001
   3438.47949   3.00753875E-001
   3437.14572   3.02937961E-001
   3435.81194   3.05151998E-001
   3434.47816   3.07396572E-001
   3433.14438   3.09672284E-001
   3431.81060   3.11979748E-001
   3430.47683   3.14319596E-001
   3429.14305   3.16692476E-001
   3427.80927   3.19099051E-001
   3426.47549   3.21540005E-001
   3425.14171   3.24016036E-001
   3423.80794   3.26527862E-001
   3422.47416   3.29076221E-001
   3421.14038   3.31661870E-001
   3419.80660   3.34285585E-001
   3418.47282   3.36948165E-001
   3417.13905   3.39650431E-001
   3415.80527   3.42393224E-001
   3414.47149   3.45177410E-001
   3413.13771   3.48003880E-001
   3411.80393   3.50873547E-001
   3410.47016   3.53787352E-001
   3409.13638   3.56746262E-001
   3407.80260   3.59751272E-001
   3406.46882   3.62803405E-001
   3405.13505   3.65903712E-001
   3403.80127   3.69053279E-001
   3402.46749   3.72253218E-001
   3401.13371   3.75504679E-001
   3399.79993   3.78808842E-001
   3398.46616   3.82166926E-001
   3397.13238   3.85580184E-001
   3395.79860   3.89049907E-001
   3394.46482   3.92577428E-001
   3393.13104   3.96164118E-001
   3391.79727   3.99811393E-001
   3390.46349   4.03520710E-001
   3389.12971   4.07293575E-001
   3387.79593   4.11131541E-001
   3386.46215   4.15036209E-001
   3385.12838   4.19009233E-001
   3383.79460   4.23052320E-001
   3382.46082   4.27167233E-001
   3381.12704   4.31355794E-001
   3379.79326   4.35619882E-001
   3378.45949   4.39961444E-001
   3377.12571   4.44382488E-001
   3375.79193   4.48885093E-001
   3374.45815   4.53471409E-001
   3373.12437   4.58143660E-001
   3371.79060   4.62904146E-001
   3370.45682   4.67755251E-001
   3369.12304   4.72699440E-001
   3367.78926   4.77739270E-001
   3366.45549   4.82877386E-001
   3365.12171   4.88116534E-001
   3363.78793   4.93459557E-001
   3362.45415   4.98909405E-001
   3361.12037   5.04469138E-001
   3359.78660   5.10141932E-001
   3358.45282   5.15931085E-001
   3357.11904   5.21840019E-001
   3355.78526   5.27872291E-001
   3354.45148   5.34031599E-001
   3353.11771   5.40321784E-001
   3351.78393   5.46746843E-001
   3350.45015   5.53310934E-001
   3349.11637   5.60018385E-001
   3347.78259   5.66873704E-001
   3346.44882   5.73881583E-001
   3345.11504   5.81046917E-001
   3343.78126   5.88374805E-001
   3342.44748   5.95870568E-001
   3341.11370   6.03539759E-001
   3339.77993   6.11388175E-001
   3338.44615   6.19421871E-001
   3337.11237   6.27647176E-001
   3335.77859   6.36070707E-001
   3334.44481   6.44699386E-001
   3333.11104   6.53540461E-001
   3331.77726   6.62601519E-001
   3330.44348   6.71890515E-001
   3329.10970   6.81415786E-001
   3327.77593   6.91186083E-001
   3326.44215   7.01210589E-001
   3325.10837   7.11498955E-001
   3323.77459   7.22061322E-001
   3322.44081   7.32908362E-001
   3321.10704   7.44051305E-001
   3319.77326   7.55501985E-001
   3318.43948   7.67272874E-001
   3317.10570   7.79377135E-001
   3315.77192   7.91828665E-001
   3314.43815   8.04642151E-001
   3313.10437   8.17833127E-001
   3311.77059   8.31418042E-001
   3310.43681   8.45414323E-001
   3309.10303   8.59840459E-001
   3307.76926   8.74716080E-001
   3306.43548   8.90062053E-001
   3305.10170   9.05900580E-001
   3303.76792   9.22255317E-001
   3302.43414   9.39151493E-001
   3301.10037   9.56616055E-001
   3299.76659   9.74677815E-001
   3298.43281   9.93367627E-001
   3297.09903   1.01271858E+000
   3295.76526   1.03276621E+000
   3294.43148   1.05354873E+000
   3293.09770   1.07510734E+000
   3291.76392   1.09748649E+000
   3290.43014   1.12073424E+000
   3289.09637   1.14490268E+000
   3287.76259   1.17004834E+000
   3286.42881   1.19623273E+000
   3285.09503   1.22352294E+000
   3283.76125   1.25199228E+000
   3282.42748   1.28172111E+000
   3281.09370   1.31279771E+000
   3279.75992   1.34531939E+000
   3278.42614   1.37939368E+000
   3277.09236   1.41513986E+000
   3275.75859   1.45269062E+000
   3274.42481   1.49219416E+000
   3273.09103   1.53381663E+000
   3271.75725   1.57774509E+000
   3270.42347   1.62419104E+000
   3269.08970   1.67339477E+000
   3267.75592   1.72563065E+000
   3266.42214   1.78121363E+000
   3265.08836   1.84050733E+000
   3263.75458   1.90393411E+000
   3262.42081   1.97198779E+000
   3261.08703   2.04524976E+000
   3259.75325   2.12440960E+000
   3258.41947   2.21029174E+000
   3257.08570   2.30389016E+000
   3255.75192   2.40641413E+000
   3254.41814   2.51934896E+000
   3253.08436   2.64453765E+000
   3251.75058   2.78429172E+000
   3250.41681   2.94154323E+000
   3249.08303   3.12005558E+000
   3247.74925   3.32471835E+000
   3246.41547   3.56196294E+000
   3245.08169   3.84035087E+000
   3243.74792   4.17140437E+000
   3242.41414   4.57076167E+000
   3241.08036   5.05971885E+000
   3239.74658   5.66708213E+000
   3238.41280   6.43076257E+000
   3237.07903   7.39710738E+000
   3235.74525   8.61235670E+000
   3234.41147   1.00936107E+001
   3233.07769   1.17612282E+001
   3231.74391   1.33416914E+001
   3230.41014   1.43620624E+001
   3229.07636   1.44267854E+001
   3227.74258   1.35949895E+001
   3226.40880   1.23195293E+001
   3225.07503   1.10448972E+001
   3223.74125   9.99838480E+000
   3222.40747   9.23383226E+000
   3221.07369   8.72737271E+000
   3219.73991   8.43549332E+000
   3218.40614   8.31818112E+000
   3217.07236   8.34510292E+000
   3215.73858   8.49565192E+000
   3214.40480   8.75742417E+000
   3213.07102   9.12469863E+000
   3211.73725   9.59734903E+000
   3210.40347   1.01802426E+001
   3209.06969   1.08830920E+001
   3207.73591   1.17207333E+001
   3206.40213   1.27138399E+001
   3205.06836   1.38901325E+001
   3203.73458   1.52862056E+001
   3202.40080   1.69501739E+001
   3201.06702   1.89454464E+001
   3199.73324   2.13560934E+001
   3198.39947   2.42944801E+001
   3197.06569   2.79121158E+001
   3195.73191   3.24149688E+001
   3194.39813   3.80846332E+001
   3193.06435   4.53060667E+001
   3191.73058   5.45992695E+001
   3190.39680   6.66411569E+001
   3189.06302   8.22329116E+001
   3187.72924   1.02095694E+002
   3186.39547   1.26258472E+002
   3185.06169   1.52795613E+002
   3183.72791   1.76392667E+002
   3182.39413   1.89052856E+002
   3181.06035   1.85102574E+002
   3179.72658   1.66395464E+002
   3178.39280   1.40560919E+002
   3177.05902   1.14777801E+002
   3175.72524   9.26630849E+001
   3174.39146   7.50079321E+001
   3173.05769   6.13284707E+001
   3171.72391   5.08153650E+001
   3170.39013   4.27135163E+001
   3169.05635   3.64211902E+001
   3167.72257   3.14867833E+001
   3166.38880   2.75788626E+001
   3165.05502   2.44554541E+001
   3163.72124   2.19393572E+001
   3162.38746   1.98999072E+001
   3161.05368   1.82399461E+001
   3159.71991   1.68866282E+001
   3158.38613   1.57849423E+001
   3157.05235   1.48931349E+001
   3155.71857   1.41794628E+001
   3154.38479   1.36198784E+001
   3153.05102   1.31963809E+001
   3151.71724   1.28958494E+001
   3150.38346   1.27092338E+001
   3149.04968   1.26310231E+001
   3147.71591   1.26589387E+001
   3146.38213   1.27938239E+001
   3145.04835   1.30397230E+001
   3143.71457   1.34041569E+001
   3142.38079   1.38986269E+001
   3141.04702   1.45393994E+001
   3139.71324   1.53486586E+001
   3138.37946   1.63561564E+001
   3137.04568   1.76015556E+001
   3135.71190   1.91377520E+001
   3134.37813   2.10355943E+001
   3133.04435   2.33905975E+001
   3131.71057   2.63324658E+001
   3130.37679   3.00384290E+001
   3129.04301   3.47512859E+001
   3127.70924   4.08018108E+001
   3126.37546   4.86304459E+001
   3125.04168   5.87888886E+001
   3123.70790   7.18649454E+001
   3122.37412   8.81960003E+001
   3121.04035   1.07147873E+002
   3119.70657   1.25925039E+002
   3118.37279   1.39030286E+002
   3117.03901   1.40872146E+002
   3115.70524   1.30767923E+002
   3114.37146   1.13679653E+002
   3113.03768   9.55107316E+001
   3111.70390   7.96813043E+001
   3110.37012   6.72121017E+001
   3109.03635   5.79349365E+001
   3107.70257   5.13330490E+001
   3106.36879   4.69041324E+001
   3105.03501   4.42715977E+001
   3103.70123   4.32010375E+001
   3102.36746   4.35922226E+001
   3101.03368   4.54725143E+001
   3099.69990   4.89994061E+001
   3098.36612   5.44715492E+001
   3097.03234   6.23380639E+001
   3095.69857   7.31732121E+001
   3094.36479   8.75287504E+001
   3093.03101   1.05475898E+002
   3091.69723   1.25598998E+002
   3090.36345   1.43700204E+002
   3089.02968   1.53142948E+002
   3087.69590   1.49165174E+002
   3086.36212   1.33551771E+002
   3085.02834   1.12746090E+002
   3083.69456   9.23899800E+001
   3082.36079   7.51089405E+001
   3081.02701   6.13663431E+001
   3079.69323   5.07186630E+001
   3078.35945   4.25184349E+001
   3077.02568   3.61794803E+001
   3075.69190   3.12400205E+001
   3074.35812   2.73552176E+001
   3073.02434   2.42726111E+001
   3071.69056   2.18082146E+001
   3070.35679   1.98276280E+001
   3069.02301   1.82321953E+001
   3067.68923   1.69491728E+001
   3066.35545   1.59248335E+001
   3065.02167   1.51196599E+001
   3063.68790   1.45050128E+001
   3062.35412   1.40608527E+001
   3061.02034   1.37742318E+001
   3059.68656   1.36383768E+001
   3058.35278   1.36522548E+001
   3057.01901   1.38205758E+001
   3055.68523   1.41542349E+001
   3054.35145   1.46712520E+001
   3053.01767   1.53983266E+001
   3051.68389   1.63732055E+001
   3050.35012   1.76481680E+001
   3049.01634   1.92950784E+001
   3047.68256   2.14126425E+001
   3046.34878   2.41366943E+001
   3045.01501   2.76543927E+001
   3043.68123   3.22226335E+001
   3042.34745   3.81883615E+001
   3041.01367   4.59999860E+001
   3039.67989   5.61757499E+001
   3038.34612   6.91408642E+001
   3037.01234   8.47593385E+001
   3035.67856   1.01404541E+002
   3034.34478   1.15044562E+002
   3033.01100   1.20276251E+002
   3031.67723   1.14449107E+002
   3030.34345   1.00390881E+002
   3029.00967   8.35126339E+001
   3027.67589   6.77559483E+001
   3026.34211   5.46718351E+001
   3025.00834   4.43609169E+001
   3023.67456   3.63873959E+001
   3022.34078   3.02322953E+001
   3021.00700   2.54489958E+001
   3019.67322   2.16921621E+001
   3018.33945   1.87055702E+001
   3017.00567   1.63017025E+001
   3015.67189   1.43434105E+001
   3014.33811   1.27297927E+001
   3013.00433   1.13859370E+001
   3011.67056   1.02556348E+001
   3010.33678   9.29624110E+000
   3009.00300   8.47504091E+000
   3007.66922   7.76666471E+000
   3006.33545   7.15123461E+000
   3005.00167   6.61302178E+000
   3003.66789   6.13946424E+000
   3002.33411   5.72044110E+000
   3001.00033   5.34773081E+000
   2999.66656   5.01460285E+000
   2998.33278   4.71550712E+000
   2996.99900   4.44583553E+000
   2995.66522   4.20173744E+000
   2994.33144   3.97997565E+000
   2992.99767   3.77781302E+000
   2991.66389   3.59292283E+000
   2990.33011   3.42331708E+000
   2988.99633   3.26728904E+000
   2987.66255   3.12336674E+000
   2986.32878   2.99027522E+000
   2984.99500   2.86690560E+000
   2983.66122   2.75228972E+000
   2982.32744   2.64557914E+000
   2980.99366   2.54602769E+000
   2979.65989   2.45297699E+000
   2978.32611   2.36584421E+000
   2976.99233   2.28411186E+000
   2975.65855   2.20731911E+000
   2974.32477   2.13505443E+000
   2972.99100   2.06694936E+000
   2971.65722   2.00267312E+000
   2970.32344   1.94192806E+000
   2968.98966   1.88444571E+000
   2967.65589   1.82998337E+000
   2966.32211   1.77832112E+000
   2964.98833   1.72925934E+000
   2963.65455   1.68261642E+000
   2962.32077   1.63822682E+000
   2960.98700   1.59593940E+000
   2959.65322   1.55561586E+000
   2958.31944   1.51712952E+000
   2956.98566   1.48036404E+000
   2955.65188   1.44521252E+000
   2954.31811   1.41157648E+000
   2952.98433   1.37936513E+000
   2951.65055   1.34849461E+000
   2950.31677   1.31888737E+000
   2948.98299   1.29047159E+000
   2947.64922   1.26318069E+000
   2946.31544   1.23695282E+000
   2944.98166   1.21173051E+000
   2943.64788   1.18746025E+000
   2942.31410   1.16409221E+000
   2940.98033   1.14157987E+000
   2939.64655   1.11987982E+000
   2938.31277   1.09895145E+000
   2936.97899   1.07875676E+000
   2935.64522   1.05926018E+000
   2934.31144   1.04042833E+000
   2932.97766   1.02222990E+000
   2931.64388   1.00463545E+000
   2930.31010   9.87617324E-001
   2928.97633   9.71149493E-001
   2927.64255   9.55207435E-001
   2926.30877   9.39768037E-001
   2924.97499   9.24809494E-001
   2923.64121   9.10311221E-001
   2922.30744   8.96253768E-001
   2920.97366   8.82618744E-001
   2919.63988   8.69388747E-001
   2918.30610   8.56547300E-001
   2916.97232   8.44078789E-001
   2915.63855   8.31968412E-001
   2914.30477   8.20202121E-001
   2912.97099   8.08766583E-001
   2911.63721   7.97649129E-001
   2910.30343   7.86837717E-001
   2908.96966   7.76320895E-001
   2907.63588   7.66087761E-001
   2906.30210   7.56127937E-001
   2904.96832   7.46431534E-001
   2903.63454   7.36989124E-001
   2902.30077   7.27791718E-001
   2900.96699   7.18830735E-001
   2899.63321   7.10097983E-001
   2898.29943   7.01585637E-001
   2896.96566   6.93286219E-001
   2895.63188   6.85192579E-001
   2894.29810   6.77297876E-001
   2892.96432   6.69595564E-001
   2891.63054   6.62079376E-001
   2890.29677   6.54743308E-001
   2888.96299   6.47581606E-001
   2887.62921   6.40588755E-001
   2886.29543   6.33759465E-001
   2884.96165   6.27088660E-001
   2883.62788   6.20571468E-001
   2882.29410   6.14203211E-001
   2880.96032   6.07979395E-001
   2879.62654   6.01895702E-001
   2878.29276   5.95947981E-001
   2876.95899   5.90132239E-001
   2875.62521   5.84444636E-001
   2874.29143   5.78881476E-001
   2872.95765   5.73439202E-001
   2871.62387   5.68114387E-001
   2870.29010   5.62903732E-001
   2868.95632   5.57804057E-001
   2867.62254   5.52812295E-001
   2866.28876   5.47925491E-001
   2864.95498   5.43140796E-001
   2863.62121   5.38455457E-001
   2862.28743   5.33866822E-001
   2860.95365   5.29372327E-001
   2859.61987   5.24969499E-001
   2858.28610   5.20655947E-001
   2856.95232   5.16429363E-001
   2855.61854   5.12287515E-001
   2854.28476   5.08228246E-001
   2852.95098   5.04249469E-001
   2851.61721   5.00349168E-001
   2850.28343   4.96525391E-001
   2848.94965   4.92776248E-001
   2847.61587   4.89099913E-001
   2846.28209   4.85494614E-001
   2844.94832   4.81958639E-001
   2843.61454   4.78490327E-001
   2842.28076   4.75088070E-001
   2840.94698   4.71750308E-001
   2839.61320   4.68475533E-001
   2838.27943   4.65262278E-001
   2836.94565   4.62109124E-001
   2835.61187   4.59014694E-001
   2834.27809   4.55977650E-001
   2832.94431   4.52996698E-001
   2831.61054   4.50070577E-001
   2830.27676   4.47198067E-001
   2828.94298   4.44377982E-001
   2827.60920   4.41609171E-001
   2826.27543   4.38890514E-001
   2824.94165   4.36220926E-001
   2823.60787   4.33599350E-001
   2822.27409   4.31024761E-001
   2820.94031   4.28496161E-001
   2819.60654   4.26012580E-001
   2818.27276   4.23573078E-001
   2816.93898   4.21176735E-001
   2815.60520   4.18822661E-001
   2814.27142   4.16509989E-001
   2812.93765   4.14237874E-001
   2811.60387   4.12005495E-001
   2810.27009   4.09812053E-001
   2808.93631   4.07656768E-001
   2807.60253   4.05538885E-001
   2806.26876   4.03457664E-001
   2804.93498   4.01412387E-001
   2803.60120   3.99402354E-001
   2802.26742   3.97426883E-001
   2800.93364   3.95485310E-001
   2799.59987   3.93576988E-001
   2798.26609   3.91701284E-001
   2796.93231   3.89857584E-001
   2795.59853   3.88045289E-001
   2794.26475   3.86263813E-001
   2792.93098   3.84512586E-001
   2791.59720   3.82791052E-001
   2790.26342   3.81098668E-001
   2788.92964   3.79434906E-001
   2787.59587   3.77799248E-001
   2786.26209   3.76191191E-001
   2784.92831   3.74610242E-001
   2783.59453   3.73055923E-001
   2782.26075   3.71527763E-001
   2780.92698   3.70025306E-001
   2779.59320   3.68548105E-001
   2778.25942   3.67095723E-001
   2776.92564   3.65667735E-001
   2775.59186   3.64263725E-001
   2774.25809   3.62883285E-001
   2772.92431   3.61526018E-001
   2771.59053   3.60191537E-001
   2770.25675   3.58879462E-001
   2768.92297   3.57589423E-001
   2767.58920   3.56321056E-001
   2766.25542   3.55074009E-001
   2764.92164   3.53847934E-001
   2763.58786   3.52642494E-001
   2762.25408   3.51457357E-001
   2760.92031   3.50292200E-001
   2759.58653   3.49146705E-001
   2758.25275   3.48020564E-001
   2756.91897   3.46913474E-001
   2755.58520   3.45825137E-001
   2754.25142   3.44755265E-001
   2752.91764   3.43703574E-001
   2751.58386   3.42669785E-001
   2750.25008   3.41653628E-001
   2748.91631   3.40654836E-001
   2747.58253   3.39673150E-001
   2746.24875   3.38708314E-001
   2744.91497   3.37760078E-001
   2743.58119   3.36828200E-001
   2742.24742   3.35912439E-001
   2740.91364   3.35012562E-001
   2739.57986   3.34128339E-001
   2738.24608   3.33259545E-001
   2736.91230   3.32405961E-001
   2735.57853   3.31567372E-001
   2734.24475   3.30743565E-001
   2732.91097   3.29934335E-001
   2731.57719   3.29139479E-001
   2730.24341   3.28358797E-001
   2728.90964   3.27592097E-001
   2727.57586   3.26839186E-001
   2726.24208   3.26099879E-001
   2724.90830   3.25373991E-001
   2723.57452   3.24661344E-001
   2722.24075   3.23961762E-001
   2720.90697   3.23275072E-001
   2719.57319   3.22601105E-001
   2718.23941   3.21939695E-001
   2716.90564   3.21290680E-001
   2715.57186   3.20653900E-001
   2714.23808   3.20029200E-001
   2712.90430   3.19416425E-001
   2711.57052   3.18815425E-001
   2710.23675   3.18226053E-001
   2708.90297   3.17648165E-001
   2707.56919   3.17081618E-001
   2706.23541   3.16526274E-001
   2704.90163   3.15981995E-001
   2703.56786   3.15448649E-001
   2702.23408   3.14926103E-001
   2700.90030   3.14414228E-001
   2699.56652   3.13912899E-001
   2698.23274   3.13421991E-001
   2696.89897   3.12941382E-001
   2695.56519   3.12470952E-001
   2694.23141   3.12010586E-001
   2692.89763   3.11560166E-001
   2691.56385   3.11119581E-001
   2690.23008   3.10688719E-001
   2688.89630   3.10267472E-001
   2687.56252   3.09855733E-001
   2686.22874   3.09453397E-001
   2684.89496   3.09060360E-001
   2683.56119   3.08676523E-001
   2682.22741   3.08301785E-001
   2680.89363   3.07936049E-001
   2679.55985   3.07579220E-001
   2678.22608   3.07231204E-001
   2676.89230   3.06891909E-001
   2675.55852   3.06561243E-001
   2674.22474   3.06239118E-001
   2672.89096   3.05925448E-001
   2671.55719   3.05620145E-001
   2670.22341   3.05323127E-001
   2668.88963   3.05034310E-001
   2667.55585   3.04753613E-001
   2666.22207   3.04480956E-001
   2664.88830   3.04216262E-001
   2663.55452   3.03959453E-001
   2662.22074   3.03710454E-001
   2660.88696   3.03469191E-001
   2659.55318   3.03235590E-001
   2658.21941   3.03009581E-001
   2656.88563   3.02791093E-001
   2655.55185   3.02580057E-001
   2654.21807   3.02376405E-001
   2652.88429   3.02180071E-001
   2651.55052   3.01990990E-001
   2650.21674   3.01809097E-001
   2648.88296   3.01634329E-001
   2647.54918   3.01466624E-001
   2646.21541   3.01305921E-001
   2644.88163   3.01152161E-001
   2643.54785   3.01005285E-001
   2642.21407   3.00865235E-001
   2640.88029   3.00731955E-001
   2639.54652   3.00605389E-001
   2638.21274   3.00485482E-001
   2636.87896   3.00372181E-001
   2635.54518   3.00265433E-001
   2634.21140   3.00165187E-001
   2632.87763   3.00071391E-001
   2631.54385   2.99983995E-001
   2630.21007   2.99902951E-001
   2628.87629   2.99828211E-001
   2627.54251   2.99759726E-001
   2626.20874   2.99697451E-001
   2624.87496   2.99641341E-001
   2623.54118   2.99591349E-001
   2622.20740   2.99547434E-001
   2620.87362   2.99509550E-001
   2619.53985   2.99477656E-001
   2618.20607   2.99451711E-001
   2616.87229   2.99431673E-001
   2615.53851   2.99417502E-001
   2614.20473   2.99409159E-001
   2612.87096   2.99406605E-001
   2611.53718   2.99409803E-001
   2610.20340   2.99418715E-001
   2608.86962   2.99433305E-001
   2607.53585   2.99453536E-001
   2606.20207   2.99479374E-001
   2604.86829   2.99510784E-001
   2603.53451   2.99547732E-001
   2602.20073   2.99590185E-001
   2600.86696   2.99638110E-001
   2599.53318   2.99691476E-001
   2598.19940   2.99750250E-001
   2596.86562   2.99814403E-001
   2595.53184   2.99883903E-001
   2594.19807   2.99958722E-001
   2592.86429   3.00038830E-001
   2591.53051   3.00124199E-001
   2590.19673   3.00214801E-001
   2588.86295   3.00310609E-001
   2587.52918   3.00411595E-001
   2586.19540   3.00517734E-001
   2584.86162   3.00629000E-001
   2583.52784   3.00745368E-001
   2582.19406   3.00866812E-001
   2580.86029   3.00993309E-001
   2579.52651   3.01124836E-001
   2578.19273   3.01261368E-001
   2576.85895   3.01402884E-001
   2575.52518   3.01549360E-001
   2574.19140   3.01700776E-001
   2572.85762   3.01857110E-001
   2571.52384   3.02018341E-001
   2570.19006   3.02184449E-001
   2568.85629   3.02355413E-001
   2567.52251   3.02531216E-001
   2566.18873   3.02711837E-001
   2564.85495   3.02897257E-001
   2563.52117   3.03087460E-001
   2562.18740   3.03282427E-001
   2560.85362   3.03482140E-001
   2559.51984   3.03686584E-001
   2558.18606   3.03895741E-001
   2556.85228   3.04109595E-001
   2555.51851   3.04328131E-001
   2554.18473   3.04551334E-001
   2552.85095   3.04779188E-001
   2551.51717   3.05011679E-001
   2550.18339   3.05248794E-001
   2548.84962   3.05490517E-001
   2547.51584   3.05736837E-001
   2546.18206   3.05987740E-001
   2544.84828   3.06243213E-001
   2543.51450   3.06503244E-001
   2542.18073   3.06767822E-001
   2540.84695   3.07036934E-001
   2539.51317   3.07310570E-001
   2538.17939   3.07588718E-001
   2536.84562   3.07871369E-001
   2535.51184   3.08158512E-001
   2534.17806   3.08450137E-001
   2532.84428   3.08746235E-001
   2531.51050   3.09046797E-001
   2530.17673   3.09351813E-001
   2528.84295   3.09661276E-001
   2527.50917   3.09975177E-001
   2526.17539   3.10293509E-001
   2524.84161   3.10616264E-001
   2523.50784   3.10943434E-001
   2522.17406   3.11275013E-001
   2520.84028   3.11610994E-001
   2519.50650   3.11951372E-001
   2518.17272   3.12296139E-001
   2516.83895   3.12645291E-001
   2515.50517   3.12998821E-001
   2514.17139   3.13356725E-001
   2512.83761   3.13718999E-001
   2511.50383   3.14085637E-001
   2510.17006   3.14456635E-001
   2508.83628   3.14831990E-001
   2507.50250   3.15211698E-001
   2506.16872   3.15595755E-001
   2504.83494   3.15984159E-001
   2503.50117   3.16376906E-001
   2502.16739   3.16773995E-001
   2500.83361   3.17175422E-001
   2499.49983   3.17581187E-001
   2498.16606   3.17991287E-001
   2496.83228   3.18405721E-001
   2495.49850   3.18824488E-001
   2494.16472   3.19247586E-001
   2492.83094   3.19675016E-001
   2491.49717   3.20106778E-001
   2490.16339   3.20542870E-001
   2488.82961   3.20983293E-001
   2487.49583   3.21428048E-001
   2486.16205   3.21877135E-001
   2484.82828   3.22330556E-001
   2483.49450   3.22788311E-001
   2482.16072   3.23250402E-001
   2480.82694   3.23716831E-001
   2479.49316   3.24187600E-001
   2478.15939   3.24662711E-001
   2476.82561   3.25142167E-001
   2475.49183   3.25625969E-001
   2474.15805   3.26114122E-001
   2472.82427   3.26606629E-001
   2471.49050   3.27103493E-001
   2470.15672   3.27604717E-001
   2468.82294   3.28110307E-001
   2467.48916   3.28620265E-001
   2466.15539   3.29134597E-001
   2464.82161   3.29653308E-001
   2463.48783   3.30176401E-001
   2462.15405   3.30703884E-001
   2460.82027   3.31235760E-001
   2459.48650   3.31772035E-001
   2458.15272   3.32312717E-001
   2456.81894   3.32857810E-001
   2455.48516   3.33407322E-001
   2454.15138   3.33961258E-001
   2452.81761   3.34519626E-001
   2451.48383   3.35082433E-001
   2450.15005   3.35649687E-001
   2448.81627   3.36221394E-001
   2447.48249   3.36797564E-001
   2446.14872   3.37378203E-001
   2444.81494   3.37963321E-001
   2443.48116   3.38552926E-001
   2442.14738   3.39147026E-001
   2440.81360   3.39745631E-001
   2439.47983   3.40348751E-001
   2438.14605   3.40956393E-001
   2436.81227   3.41568570E-001
   2435.47849   3.42185289E-001
   2434.14471   3.42806563E-001
   2432.81094   3.43432400E-001
   2431.47716   3.44062813E-001
   2430.14338   3.44697811E-001
   2428.80960   3.45337406E-001
   2427.47583   3.45981610E-001
   2426.14205   3.46630434E-001
   2424.80827   3.47283891E-001
   2423.47449   3.47941991E-001
   2422.14071   3.48604748E-001
   2420.80694   3.49272175E-001
   2419.47316   3.49944284E-001
   2418.13938   3.50621088E-001
   2416.80560   3.51302601E-001
   2415.47182   3.51988836E-001
   2414.13805   3.52679807E-001
   2412.80427   3.53375529E-001
   2411.47049   3.54076015E-001
   2410.13671   3.54781281E-001
   2408.80293   3.55491341E-001
   2407.46916   3.56206209E-001
   2406.13538   3.56925903E-001
   2404.80160   3.57650436E-001
   2403.46782   3.58379825E-001
   2402.13404   3.59114087E-001
   2400.80027   3.59853236E-001
   2399.46649   3.60597291E-001
   2398.13271   3.61346267E-001
   2396.79893   3.62100181E-001
   2395.46516   3.62859052E-001
   2394.13138   3.63622897E-001
   2392.79760   3.64391733E-001
   2391.46382   3.65165579E-001
   2390.13004   3.65944453E-001
   2388.79627   3.66728373E-001
   2387.46249   3.67517359E-001
   2386.12871   3.68311429E-001
   2384.79493   3.69110604E-001
   2383.46115   3.69914902E-001
   2382.12738   3.70724344E-001
   2380.79360   3.71538949E-001
   2379.45982   3.72358739E-001
   2378.12604   3.73183734E-001
   2376.79226   3.74013954E-001
   2375.45849   3.74849422E-001
   2374.12471   3.75690159E-001
   2372.79093   3.76536187E-001
   2371.45715   3.77387527E-001
   2370.12337   3.78244202E-001
   2368.78960   3.79106235E-001
   2367.45582   3.79973648E-001
   2366.12204   3.80846466E-001
   2364.78826   3.81724711E-001
   2363.45448   3.82608407E-001
   2362.12071   3.83497578E-001
   2360.78693   3.84392248E-001
   2359.45315   3.85292443E-001
   2358.11937   3.86198187E-001
   2356.78560   3.87109506E-001
   2355.45182   3.88026424E-001
   2354.11804   3.88948968E-001
   2352.78426   3.89877164E-001
   2351.45048   3.90811039E-001
   2350.11671   3.91750618E-001
   2348.78293   3.92695930E-001
   2347.44915   3.93647001E-001
   2346.11537   3.94603859E-001
   2344.78159   3.95566532E-001
   2343.44782   3.96535048E-001
   2342.11404   3.97509437E-001
   2340.78026   3.98489726E-001
   2339.44648   3.99475946E-001
   2338.11270   4.00468125E-001
   2336.77893   4.01466294E-001
   2335.44515   4.02470483E-001
   2334.11137   4.03480722E-001
   2332.77759   4.04497043E-001
   2331.44381   4.05519476E-001
   2330.11004   4.06548054E-001
   2328.77626   4.07582807E-001
   2327.44248   4.08623769E-001
   2326.10870   4.09670971E-001
   2324.77492   4.10724448E-001
   2323.44115   4.11784232E-001
   2322.10737   4.12850356E-001
   2320.77359   4.13922856E-001
   2319.43981   4.15001765E-001
   2318.10604   4.16087118E-001
   2316.77226   4.17178950E-001
   2315.43848   4.18277297E-001
   2314.10470   4.19382194E-001
   2312.77092   4.20493678E-001
   2311.43715   4.21611786E-001
   2310.10337   4.22736554E-001
   2308.76959   4.23868020E-001
   2307.43581   4.25006221E-001
   2306.10203   4.26151197E-001
   2304.76826   4.27302985E-001
   2303.43448   4.28461624E-001
   2302.10070   4.29627154E-001
   2300.76692   4.30799615E-001
   2299.43314   4.31979047E-001
   2298.09937   4.33165490E-001
   2296.76559   4.34358986E-001
   2295.43181   4.35559576E-001
   2294.09803   4.36767301E-001
   2292.76425   4.37982206E-001
   2291.43048   4.39204331E-001
   2290.09670   4.40433720E-001
   2288.76292   4.41670418E-001
   2287.42914   4.42914467E-001
   2286.09537   4.44165913E-001
   2284.76159   4.45424801E-001
   2283.42781   4.46691177E-001
   2282.09403   4.47965085E-001
   2280.76025   4.49246573E-001
   2279.42648   4.50535687E-001
   2278.09270   4.51832475E-001
   2276.75892   4.53136985E-001
   2275.42514   4.54449265E-001
   2274.09136   4.55769365E-001
   2272.75759   4.57097332E-001
   2271.42381   4.58433218E-001
   2270.09003   4.59777072E-001
   2268.75625   4.61128946E-001
   2267.42247   4.62488891E-001
   2266.08870   4.63856958E-001
   2264.75492   4.65233201E-001
   2263.42114   4.66617672E-001
   2262.08736   4.68010425E-001
   2260.75358   4.69411515E-001
   2259.41981   4.70820994E-001
   2258.08603   4.72238920E-001
   2256.75225   4.73665348E-001
   2255.41847   4.75100333E-001
   2254.08469   4.76543934E-001
   2252.75092   4.77996207E-001
   2251.41714   4.79457211E-001
   2250.08336   4.80927004E-001
   2248.74958   4.82405646E-001
   2247.41581   4.83893197E-001
   2246.08203   4.85389717E-001
   2244.74825   4.86895267E-001
   2243.41447   4.88409909E-001
   2242.08069   4.89933706E-001
   2240.74692   4.91466721E-001
   2239.41314   4.93009017E-001
   2238.07936   4.94560659E-001
   2236.74558   4.96121713E-001
   2235.41180   4.97692243E-001
   2234.07803   4.99272316E-001
   2232.74425   5.00861999E-001
   2231.41047   5.02461360E-001
   2230.07669   5.04070469E-001
   2228.74291   5.05689393E-001
   2227.40914   5.07318203E-001
   2226.07536   5.08956969E-001
   2224.74158   5.10605763E-001
   2223.40780   5.12264658E-001
   2222.07402   5.13933726E-001
   2220.74025   5.15613040E-001
   2219.40647   5.17302676E-001
   2218.07269   5.19002709E-001
   2216.73891   5.20713214E-001
   2215.40514   5.22434269E-001
   2214.07136   5.24165950E-001
   2212.73758   5.25908338E-001
   2211.40380   5.27661510E-001
   2210.07002   5.29425548E-001
   2208.73625   5.31200532E-001
   2207.40247   5.32986544E-001
   2206.06869   5.34783667E-001
   2204.73491   5.36591984E-001
   2203.40113   5.38411580E-001
   2202.06736   5.40242541E-001
   2200.73358   5.42084953E-001
   2199.39980   5.43938902E-001
   2198.06602   5.45804478E-001
   2196.73224   5.47681770E-001
   2195.39847   5.49570867E-001
   2194.06469   5.51471860E-001
   2192.73091   5.53384843E-001
   2191.39713   5.55309907E-001
   2190.06335   5.57247147E-001
   2188.72958   5.59196659E-001
   2187.39580   5.61158537E-001
   2186.06202   5.63132880E-001
   2184.72824   5.65119786E-001
   2183.39446   5.67119354E-001
   2182.06069   5.69131684E-001
   2180.72691   5.71156879E-001
   2179.39313   5.73195040E-001
   2178.05935   5.75246271E-001
   2176.72558   5.77310678E-001
   2175.39180   5.79388366E-001
   2174.05802   5.81479444E-001
   2172.72424   5.83584018E-001
   2171.39046   5.85702200E-001
   2170.05669   5.87834099E-001
   2168.72291   5.89979828E-001
   2167.38913   5.92139501E-001
   2166.05535   5.94313231E-001
   2164.72157   5.96501136E-001
   2163.38780   5.98703332E-001
   2162.05402   6.00919938E-001
   2160.72024   6.03151073E-001
   2159.38646   6.05396860E-001
   2158.05268   6.07657420E-001
   2156.71891   6.09932879E-001
   2155.38513   6.12223360E-001
   2154.05135   6.14528992E-001
   2152.71757   6.16849903E-001
   2151.38379   6.19186222E-001
   2150.05002   6.21538080E-001
   2148.71624   6.23905612E-001
   2147.38246   6.26288950E-001
   2146.04868   6.28688232E-001
   2144.71490   6.31103594E-001
   2143.38113   6.33535176E-001
   2142.04735   6.35983118E-001
   2140.71357   6.38447564E-001
   2139.37979   6.40928656E-001
   2138.04602   6.43426541E-001
   2136.71224   6.45941366E-001
   2135.37846   6.48473281E-001
   2134.04468   6.51022436E-001
   2132.71090   6.53588984E-001
   2131.37713   6.56173081E-001
   2130.04335   6.58774881E-001
   2128.70957   6.61394544E-001
   2127.37579   6.64032230E-001
   2126.04201   6.66688101E-001
   2124.70824   6.69362321E-001
   2123.37446   6.72055056E-001
   2122.04068   6.74766474E-001
   2120.70690   6.77496745E-001
   2119.37312   6.80246042E-001
   2118.03935   6.83014539E-001
   2116.70557   6.85802411E-001
   2115.37179   6.88609839E-001
   2114.03801   6.91437001E-001
   2112.70423   6.94284083E-001
   2111.37046   6.97151268E-001
   2110.03668   7.00038744E-001
   2108.70290   7.02946701E-001
   2107.36912   7.05875331E-001
   2106.03535   7.08824829E-001
   2104.70157   7.11795392E-001
   2103.36779   7.14787220E-001
   2102.03401   7.17800514E-001
   2100.70023   7.20835479E-001
   2099.36646   7.23892323E-001
   2098.03268   7.26971254E-001
   2096.69890   7.30072486E-001
   2095.36512   7.33196233E-001
   2094.03134   7.36342714E-001
   2092.69757   7.39512149E-001
   2091.36379   7.42704762E-001
   2090.03001   7.45920779E-001
   2088.69623   7.49160430E-001
   2087.36245   7.52423946E-001
   2086.02868   7.55711563E-001
   2084.69490   7.59023520E-001
   2083.36112   7.62360058E-001
   2082.02734   7.65721422E-001
   2080.69356   7.69107859E-001
   2079.35979   7.72519621E-001
   2078.02601   7.75956962E-001
   2076.69223   7.79420140E-001
   2075.35845   7.82909416E-001
   2074.02467   7.86425056E-001
   2072.69090   7.89967326E-001
   2071.35712   7.93536500E-001
   2070.02334   7.97132853E-001
   2068.68956   8.00756664E-001
   2067.35579   8.04408216E-001
   2066.02201   8.08087796E-001
   2064.68823   8.11795695E-001
   2063.35445   8.15532207E-001
   2062.02067   8.19297632E-001
   2060.68690   8.23092272E-001
   2059.35312   8.26916434E-001
   2058.01934   8.30770430E-001
   2056.68556   8.34654575E-001
   2055.35178   8.38569190E-001
   2054.01801   8.42514598E-001
   2052.68423   8.46491129E-001
   2051.35045   8.50499117E-001
   2050.01667   8.54538899E-001
   2048.68289   8.58610820E-001
   2047.34912   8.62715226E-001
   2046.01534   8.66852472E-001
   2044.68156   8.71022914E-001
   2043.34778   8.75226917E-001
   2042.01400   8.79464847E-001
   2040.68023   8.83737080E-001
   2039.34645   8.88043994E-001
   2038.01267   8.92385973E-001
   2036.67889   8.96763408E-001
   2035.34512   9.01176694E-001
   2034.01134   9.05626234E-001
   2032.67756   9.10112434E-001
   2031.34378   9.14635708E-001
   2030.01000   9.19196475E-001
   2028.67623   9.23795162E-001
   2027.34245   9.28432201E-001
   2026.00867   9.33108030E-001
   2024.67489   9.37823095E-001
   2023.34111   9.42577848E-001
   2022.00734   9.47372746E-001
   2020.67356   9.52208257E-001
   2019.33978   9.57084852E-001
   2018.00600   9.62003012E-001
   2016.67222   9.66963224E-001
   2015.33845   9.71965983E-001
   2014.00467   9.77011792E-001
   2012.67089   9.82101160E-001
   2011.33711   9.87234606E-001
   2010.00333   9.92412656E-001
   2008.66956   9.97635844E-001
   2007.33578   1.00290471E+000
   2006.00200   1.00821982E+000
   2004.66822   1.01358171E+000
   2003.33444   1.01899097E+000
   2002.00067   1.02444816E+000
   2000.66689   1.02995389E+000
   1999.33311   1.03550874E+000
   1997.99933   1.04111331E+000
   1996.66556   1.04676824E+000
   1995.33178   1.05247414E+000
   1993.99800   1.05823164E+000
   1992.66422   1.06404140E+000
   1991.33044   1.06990408E+000
   1989.99667   1.07582033E+000
   1988.66289   1.08179085E+000
   1987.32911   1.08781632E+000
   1985.99533   1.09389743E+000
   1984.66155   1.10003492E+000
   1983.32778   1.10622950E+000
   1981.99400   1.11248191E+000
   1980.66022   1.11879290E+000
   1979.32644   1.12516323E+000
   1977.99266   1.13159368E+000
   1976.65889   1.13808505E+000
   1975.32511   1.14463812E+000
   1973.99133   1.15125373E+000
   1972.65755   1.15793270E+000
   1971.32377   1.16467587E+000
   1969.99000   1.17148411E+000
   1968.65622   1.17835830E+000
   1967.32244   1.18529931E+000
   1965.98866   1.19230807E+000
   1964.65488   1.19938549E+000
   1963.32111   1.20653252E+000
   1961.98733   1.21375010E+000
   1960.65355   1.22103921E+000
   1959.31977   1.22840085E+000
   1957.98600   1.23583601E+000
   1956.65222   1.24334574E+000
   1955.31844   1.25093107E+000
   1953.98466   1.25859307E+000
   1952.65088   1.26633283E+000
   1951.31711   1.27415144E+000
   1949.98333   1.28205005E+000
   1948.64955   1.29002978E+000
   1947.31577   1.29809182E+000
   1945.98199   1.30623735E+000
   1944.64822   1.31446758E+000
   1943.31444   1.32278375E+000
   1941.98066   1.33118712E+000
   1940.64688   1.33967898E+000
   1939.31310   1.34826063E+000
   1937.97933   1.35693340E+000
   1936.64555   1.36569866E+000
   1935.31177   1.37455780E+000
   1933.97799   1.38351222E+000
   1932.64421   1.39256337E+000
   1931.31044   1.40171272E+000
   1929.97666   1.41096177E+000
   1928.64288   1.42031204E+000
   1927.30910   1.42976511E+000
   1925.97533   1.43932256E+000
   1924.64155   1.44898601E+000
   1923.30777   1.45875713E+000
   1921.97399   1.46863761E+000
   1920.64021   1.47862916E+000
   1919.30644   1.48873356E+000
   1917.97266   1.49895260E+000
   1916.63888   1.50928813E+000
   1915.30510   1.51974201E+000
   1913.97132   1.53031616E+000
   1912.63755   1.54101253E+000
   1911.30377   1.55183314E+000
   1909.96999   1.56278000E+000
   1908.63621   1.57385521E+000
   1907.30243   1.58506091E+000
   1905.96866   1.59639925E+000
   1904.63488   1.60787248E+000
   1903.30110   1.61948285E+000
   1901.96732   1.63123270E+000
   1900.63354   1.64312440E+000
   1899.29977   1.65516037E+000
   1897.96599   1.66734310E+000
   1896.63221   1.67967513E+000
   1895.29843   1.69215906E+000
   1893.96465   1.70479753E+000
   1892.63088   1.71759327E+000
   1891.29710   1.73054905E+000
   1889.96332   1.74366773E+000
   1888.62954   1.75695220E+000
   1887.29577   1.77040546E+000
   1885.96199   1.78403055E+000
   1884.62821   1.79783059E+000
   1883.29443   1.81180877E+000
   1881.96065   1.82596838E+000
   1880.62688   1.84031277E+000
   1879.29310   1.85484537E+000
   1877.95932   1.86956969E+000
   1876.62554   1.88448935E+000
   1875.29176   1.89960804E+000
   1873.95799   1.91492954E+000
   1872.62421   1.93045774E+000
   1871.29043   1.94619662E+000
   1869.95665   1.96215025E+000
   1868.62287   1.97832282E+000
   1867.28910   1.99471863E+000
   1865.95532   2.01134207E+000
   1864.62154   2.02819767E+000
   1863.28776   2.04529005E+000
   1861.95398   2.06262398E+000
   1860.62021   2.08020435E+000
   1859.28643   2.09803615E+000
   1857.95265   2.11612456E+000
   1856.61887   2.13447484E+000
   1855.28510   2.15309244E+000
   1853.95132   2.17198293E+000
   1852.61754   2.19115205E+000
   1851.28376   2.21060569E+000
   1849.94998   2.23034991E+000
   1848.61621   2.25039094E+000
   1847.28243   2.27073518E+000
   1845.94865   2.29138922E+000
   1844.61487   2.31235983E+000
   1843.28109   2.33365400E+000
   1841.94732   2.35527889E+000
   1840.61354   2.37724189E+000
   1839.27976   2.39955060E+000
   1837.94598   2.42221285E+000
   1836.61220   2.44523672E+000
   1835.27843   2.46863050E+000
   1833.94465   2.49240275E+000
   1832.61087   2.51656231E+000
   1831.27709   2.54111825E+000
   1829.94331   2.56607997E+000
   1828.60954   2.59145713E+000
   1827.27576   2.61725970E+000
   1825.94198   2.64349799E+000
   1824.60820   2.67018261E+000
   1823.27442   2.69732454E+000
   1821.94065   2.72493509E+000
   1820.60687   2.75302596E+000
   1819.27309   2.78160923E+000
   1817.93931   2.81069739E+000
   1816.60554   2.84030334E+000
   1815.27176   2.87044043E+000
   1813.93798   2.90112245E+000
   1812.60420   2.93236368E+000
   1811.27042   2.96417888E+000
   1809.93665   2.99658335E+000
   1808.60287   3.02959291E+000
   1807.26909   3.06322395E+000
   1805.93531   3.09749346E+000
   1804.60153   3.13241904E+000
   1803.26776   3.16801892E+000
   1801.93398   3.20431203E+000
   1800.60020   3.24131798E+000
   1799.26642   3.27905714E+000
   1797.93264   3.31755063E+000
   1796.59887   3.35682041E+000
   1795.26509   3.39688925E+000
   1793.93131   3.43778085E+000
   1792.59753   3.47951981E+000
   1791.26375   3.52213173E+000
   1789.92998   3.56564323E+000
   1788.59620   3.61008201E+000
   1787.26242   3.65547691E+000
   1785.92864   3.70185797E+000
   1784.59486   3.74925647E+000
   1783.26109   3.79770501E+000
   1781.92731   3.84723761E+000
   1780.59353   3.89788973E+000
   1779.25975   3.94969839E+000
   1777.92598   4.00270222E+000
   1776.59220   4.05694160E+000
   1775.25842   4.11245871E+000
   1773.92464   4.16929765E+000
   1772.59086   4.22750455E+000
   1771.25709   4.28712770E+000
   1769.92331   4.34821764E+000
   1768.58953   4.41082734E+000
   1767.25575   4.47501230E+000
   1765.92197   4.54083073E+000
   1764.58820   4.60834374E+000
   1763.25442   4.67761543E+000
   1761.92064   4.74871320E+000
   1760.58686   4.82170785E+000
   1759.25308   4.89667388E+000
   1757.91931   4.97368967E+000
   1756.58553   5.05283777E+000
   1755.25175   5.13420517E+000
   1753.91797   5.21788360E+000
   1752.58419   5.30396986E+000
   1751.25042   5.39256614E+000
   1749.91664   5.48378046E+000
   1748.58286   5.57772702E+000
   1747.24908   5.67452668E+000
   1745.91531   5.77430744E+000
   1744.58153   5.87720498E+000
   1743.24775   5.98336323E+000
   1741.91397   6.09293499E+000
   1740.58019   6.20608261E+000
   1739.24642   6.32297878E+000
   1737.91264   6.44380731E+000
   1736.57886   6.56876406E+000
   1735.24508   6.69805792E+000
   1733.91130   6.83191187E+000
   1732.57753   6.97056423E+000
   1731.24375   7.11426991E+000
   1729.90997   7.26330192E+000
   1728.57619   7.41795296E+000
   1727.24241   7.57853718E+000
   1725.90864   7.74539217E+000
   1724.57486   7.91888113E+000
   1723.24108   8.09939534E+000
   1721.90730   8.28735682E+000
   1720.57352   8.48322140E+000
   1719.23975   8.68748208E+000
   1717.90597   8.90067283E+000
   1716.57219   9.12337287E+000
   1715.23841   9.35621138E+000
   1713.90463   9.59987300E+000
   1712.57086   9.85510384E+000
   1711.23708   1.01227184E+001
   1709.90330   1.04036075E+001
   1708.56952   1.06987469E+001
   1707.23575   1.10092077E+001
   1705.90197   1.13361680E+001
   1704.56819   1.16809259E+001
   1703.23441   1.20449151E+001
   1701.90063   1.24297220E+001
   1700.56686   1.28371068E+001
   1699.23308   1.32690263E+001
   1697.89930   1.37276620E+001
   1696.56552   1.42154514E+001
   1695.23174   1.47351263E+001
   1693.89797   1.52897561E+001
   1692.56419   1.58828004E+001
   1691.23041   1.65181699E+001
   1689.89663   1.72003001E+001
   1688.56285   1.79342385E+001
   1687.22908   1.87257492E+001
   1685.89530   1.95814398E+001
   1684.56152   2.05089139E+001
   1683.22774   2.15169577E+001
   1681.89396   2.26157681E+001
   1680.56019   2.38172334E+001
   1679.22641   2.51352812E+001
   1677.89263   2.65863120E+001
   1676.55885   2.81897428E+001
   1675.22508   2.99686948E+001
   1673.89130   3.19508679E+001
   1672.55752   3.41696630E+001
   1671.22374   3.66656330E+001
   1669.88996   3.94883762E+001
   1668.55619   4.26990275E+001
   1667.22241   4.63735687E+001
   1665.88863   5.06072693E+001
   1664.55485   5.55207040E+001
   1663.22107   6.12679895E+001
   1661.88730   6.80481733E+001
   1660.55352   7.61211288E+001
   1659.21974   8.58299247E+001
   1657.88596   9.76324824E+001
   1656.55218   1.12146421E+002
   1655.21841   1.30212061E+002
   1653.88463   1.52978638E+002
   1652.55085   1.82014610E+002
   1651.21707   2.19425272E+002
   1649.88329   2.67904986E+002
   1648.54952   3.30500587E+002
   1647.21574   4.09525700E+002
   1645.88196   5.03581826E+002
   1644.54818   6.01983080E+002
   1643.21440   6.80103426E+002
   1641.88063   7.07101588E+002
   1640.54685   6.69982293E+002
   1639.21307   5.86776985E+002
   1637.87929   4.88709473E+002
   1636.54552   3.97925463E+002
   1635.21174   3.22947848E+002
   1633.87796   2.64156579E+002
   1632.54418   2.18956556E+002
   1631.21040   1.84323107E+002
   1629.87663   1.57668600E+002
   1628.54285   1.36997438E+002
   1627.20907   1.20831470E+002
   1625.87529   1.08090734E+002
   1624.54151   9.79871421E+001
   1623.20774   8.99428426E+001
   1621.87396   8.35310150E+001
   1620.54018   7.84338733E+001
   1619.20640   7.44130813E+001
   1617.87262   7.12888927E+001
   1616.53885   6.89253785E+001
   1615.20507   6.72199084E+001
   1613.87129   6.60956273E+001
   1612.53751   6.54960662E+001
   1611.20373   6.53812965E+001
   1609.86996   6.57252260E+001
   1608.53618   6.65137611E+001
   1607.20240   6.77436551E+001
   1605.86862   6.94219225E+001
   1604.53484   7.15657571E+001
   1603.20107   7.42029270E+001
   1601.86729   7.73726611E+001
   1600.53351   8.11270780E+001
   1599.19973   8.55332499E+001
   1597.86596   9.06760484E+001
   1596.53218   9.66619820E+001
   1595.19840   1.03624331E+002
   1593.86462   1.11730010E+002
   1592.53084   1.21188761E+002
   1591.19707   1.32265559E+002
   1589.86329   1.45297462E+002
   1588.52951   1.60716704E+002
   1587.19573   1.79082641E+002
   1585.86195   2.01126333E+002
   1584.52818   2.27813270E+002
   1583.19440   2.60432152E+002
   1581.86062   3.00720726E+002
   1580.52684   3.51042985E+002
   1579.19306   4.14632939E+002
   1577.85929   4.95910672E+002
   1576.52551   6.00832371E+002
   1575.19173   7.37093282E+002
   1573.85795   9.13608214E+002
   1572.52417   1.13777830E+003
   1571.19040   1.40758018E+003
   1569.85662   1.69573702E+003
   1568.52284   1.93378736E+003
   1567.18906   2.02886855E+003
   1565.85529   1.93393836E+003
   1564.52151   1.69604789E+003
   1563.18773   1.40806444E+003
   1561.85395   1.13845190E+003
   1560.52017   9.14490503E+002
   1559.18640   7.38208935E+002
   1557.85262   6.02213196E+002
   1556.51884   4.97597457E+002
   1555.18506   4.16677641E+002
   1553.85128   3.53511575E+002
   1552.51751   3.03696993E+002
   1551.18373   2.64022844E+002
   1549.84995   2.32155116E+002
   1548.51617   2.06395684E+002
   1547.18239   1.85508837E+002
   1545.84862   1.68600699E+002
   1544.51484   1.55037880E+002
   1543.18106   1.44395014E+002
   1541.84728   1.36423624E+002
   1540.51350   1.31035511E+002
   1539.17973   1.28290122E+002
   1537.84595   1.28361109E+002
   1536.51217   1.31421475E+002
   1535.17839   1.37323947E+002
   1533.84461   1.44941055E+002
   1532.51084   1.51408805E+002
   1531.17706   1.52585557E+002
   1529.84328   1.45921038E+002
   1528.50950   1.32960711E+002
   1527.17573   1.17682768E+002
   1525.84195   1.03271479E+002
   1524.50817   9.10885217E+001
   1523.17439   8.12945277E+001
   1521.84061   7.35788509E+001
   1520.50684   6.75447998E+001
   1519.17306   6.28493757E+001
   1517.83928   5.92345087E+001
   1516.50550   5.65222459E+001
   1515.17172   5.46027779E+001
   1513.83795   5.34249595E+001
   1512.50417   5.29919449E+001
   1511.17039   5.33622262E+001
   1509.83661   5.46551233E+001
   1508.50283   5.70571378E+001
   1507.16906   6.08178367E+001
   1505.83528   6.62039529E+001
   1504.50150   7.33400199E+001
   1503.16772   8.18254085E+001
   1501.83394   9.01445962E+001
   1500.50017   9.54993587E+001
   1499.16639   9.52267990E+001
   1497.83261   8.91270391E+001
   1496.49883   7.96113729E+001
   1495.16506   6.95125771E+001
   1493.83128   6.05192056E+001
   1492.49750   5.31609701E+001
   1491.16372   4.73568202E+001
   1489.82994   4.28283087E+001
   1488.49617   3.92878858E+001
   1487.16239   3.64977705E+001
   1485.82861   3.42765658E+001
   1484.49483   3.24900907E+001
   1483.16105   3.10399602E+001
   1481.82728   2.98539039E+001
   1480.49350   2.88784602E+001
   1479.15972   2.80737084E+001
   1477.82594   2.74095339E+001
   1476.49216   2.68629914E+001
   1475.15839   2.64164355E+001
   1473.82461   2.60561894E+001
   1472.49083   2.57715859E+001
   1471.15705   2.55542744E+001
   1469.82327   2.53977128E+001
   1468.48950   2.52967961E+001
   1467.15572   2.52475813E+001
   1465.82194   2.52470870E+001
   1464.48816   2.52931470E+001
   1463.15438   2.53843092E+001
   1461.82061   2.55197688E+001
   1460.48683   2.56993355E+001
   1459.15305   2.59234294E+001
   1457.81927   2.61931099E+001
   1456.48550   2.65101412E+001
   1455.15172   2.68771022E+001
   1453.81794   2.72975506E+001
   1452.48416   2.77762529E+001
   1451.15038   2.83194752E+001
   1449.81661   2.89352817E+001
   1448.48283   2.96336370E+001
   1447.14905   3.04257231E+001
   1445.81527   3.13211490E+001
   1444.48149   3.23211907E+001
   1443.14772   3.34092470E+001
   1441.81394   3.45517493E+001
   1440.48016   3.57294575E+001
   1439.14638   3.69784772E+001
   1437.81260   3.83848000E+001
   1436.47883   4.00454793E+001
   1435.14505   4.20524813E+001
   1433.81127   4.45036257E+001
   1432.47749   4.75178165E+001
   1431.14371   5.12395205E+001
   1429.80994   5.58158662E+001
   1428.47616   6.13093793E+001
   1427.14238   6.74897058E+001
   1425.80860   7.35240834E+001
   1424.47482   7.79302269E+001
   1423.14105   7.94124999E+001
   1421.80727   7.80883920E+001
   1420.47349   7.53747650E+001
   1419.13971   7.27155209E+001
   1417.80594   7.08723534E+001
   1416.47216   7.00427975E+001
   1415.13838   7.01670489E+001
   1413.80460   7.11187167E+001
   1412.47082   7.27820585E+001
   1411.13705   7.50731762E+001
   1409.80327   7.79407217E+001
   1408.46949   8.13612376E+001
   1407.13571   8.53343769E+001
   1405.80193   8.98794372E+001
   1404.46816   9.50333800E+001
   1403.13438   1.00850187E+002
   1401.80060   1.07401393E+002
   1400.46682   1.14777719E+002
   1399.13304   1.23091812E+002
   1397.79927   1.32482231E+002
   1396.46549   1.43118903E+002
   1395.13171   1.55210439E+002
   1393.79793   1.69013857E+002
   1392.46415   1.84847526E+002
   1391.13038   2.03108451E+002
   1389.79660   2.24295548E+002
   1388.46282   2.49041232E+002
   1387.12904   2.78154703E+002
   1385.79527   3.12681808E+002
   1384.46149   3.53988624E+002
   1383.12771   4.03879087E+002
   1381.79393   4.64761484E+002
   1380.46015   5.39884351E+002
   1379.12638   6.33668077E+002
   1377.79260   7.52159181E+002
   1376.45882   9.03613204E+002
   1375.12504   1.09912114E+003
   1373.79126   1.35290501E+003
   1372.45749   1.68112190E+003
   1371.12371   2.09623468E+003
   1369.78993   2.59134813E+003
   1368.45615   3.11033663E+003
   1367.12237   3.52189616E+003
   1365.78860   3.66055822E+003
   1364.45482   3.45886461E+003
   1363.12104   3.01775771E+003
   1361.78726   2.50502281E+003
   1360.45348   2.03617648E+003
   1359.11971   1.65421283E+003
   1357.78593   1.35998057E+003
   1356.45215   1.13845235E+003
   1355.11837   9.70548735E+002
   1353.78459   8.37394685E+002
   1352.45082   7.24193207E+002
   1351.11704   6.24006241E+002
   1349.78326   5.36324234E+002
   1348.44948   4.61979890E+002
   1347.11571   4.00444891E+002
   1345.78193   3.50048633E+002
   1344.44815   3.08834379E+002
   1343.11437   2.75049624E+002
   1341.78059   2.47289887E+002
   1340.44682   2.24474889E+002
   1339.11304   2.05747980E+002
   1337.77926   1.90311998E+002
   1336.44548   1.77217217E+002
   1335.11170   1.65275848E+002
   1333.77793   1.53435061E+002
   1332.44415   1.41418328E+002
   1331.11037   1.29720556E+002
   1329.77659   1.18938699E+002
   1328.44281   1.09350107E+002
   1327.10904   1.00946939E+002
   1325.77526   9.35937959E+001
   1324.44148   8.71296532E+001
   1323.10770   8.14086700E+001
   1321.77392   7.63101061E+001
   1320.44015   7.17369202E+001
   1319.10637   6.76114821E+001
   1317.77259   6.38713110E+001
   1316.43881   6.04655936E+001
   1315.10504   5.73525241E+001
   1313.77126   5.44973139E+001
   1312.43748   5.18707085E+001
   1311.10370   4.94478729E+001
   1309.76992   4.72075469E+001
   1308.43615   4.51313952E+001
   1307.10237   4.32035017E+001
   1305.76859   4.14099706E+001
   1304.43481   3.97386084E+001
   1303.10103   3.81786670E+001
   1301.76726   3.67206344E+001
   1300.43348   3.53560628E+001
   1299.09970   3.40774259E+001
   1297.76592   3.28779994E+001
   1296.43214   3.17517616E+001
   1295.09837   3.06933084E+001
   1293.76459   2.96977819E+001
   1292.43081   2.87608088E+001
   1291.09703   2.78784488E+001
   1289.76325   2.70471497E+001
   1288.42948   2.62637093E+001
   1287.09570   2.55252431E+001
   1285.76192   2.48291560E+001
   1284.42814   2.41731197E+001
   1283.09436   2.35550526E+001
   1281.76059   2.29731047E+001
   1280.42681   2.24256444E+001
   1279.09303   2.19112500E+001
   1277.75925   2.14287033E+001
   1276.42548   2.09769879E+001
   1275.09170   2.05552899E+001
   1273.75792   2.01630032E+001
   1272.42414   1.97997400E+001
   1271.09036   1.94653455E+001
   1269.75659   1.91599205E+001
   1268.42281   1.88838512E+001
   1267.08903   1.86378494E+001
   1265.75525   1.84230063E+001
   1264.42147   1.82408620E+001
   1263.08770   1.80934983E+001
   1261.75392   1.79836598E+001
   1260.42014   1.79149152E+001
   1259.08636   1.78918714E+001
   1257.75258   1.79204615E+001
   1256.41881   1.80083339E+001
   1255.08503   1.81653851E+001
   1253.75125   1.84044930E+001
   1252.41747   1.87425387E+001
   1251.08369   1.92018402E+001
   1249.74992   1.98121791E+001
   1248.41614   2.06136711E+001
   1247.08236   2.16608158E+001
   1245.74858   2.30281011E+001
   1244.41480   2.48173863E+001
   1243.08103   2.71664552E+001
   1241.74725   3.02553314E+001
   1240.41347   3.42989744E+001
   1239.07969   3.94957109E+001
   1237.74592   4.58663239E+001
   1236.41214   5.29057794E+001
   1235.07836   5.91547708E+001
   1233.74458   6.23744318E+001
   1232.41080   6.10616687E+001
   1231.07703   5.59491681E+001
   1229.74325   4.92446876E+001
   1228.40947   4.28101851E+001
   1227.07569   3.74933140E+001
   1225.74191   3.34424900E+001
   1224.40814   3.05236509E+001
   1223.07436   2.85487889E+001
   1221.74058   2.73626485E+001
   1220.40680   2.68658566E+001
   1219.07302   2.70173213E+001
   1217.73925   2.78332542E+001
   1216.40547   2.93880799E+001
   1215.07169   3.18159372E+001
   1213.73791   3.53033546E+001
   1212.40413   4.00463535E+001
   1211.07036   4.61118241E+001
   1209.73658   5.31153810E+001
   1208.40280   5.97508998E+001
   1207.06902   6.37378188E+001
   1205.73525   6.31197510E+001
   1204.40147   5.81078442E+001
   1203.06769   5.08512473E+001
   1201.73391   4.35002648E+001
   1200.40013   3.71621835E+001
   1199.06636   3.20956719E+001
   1197.73258   2.81741780E+001
   1196.39880   2.51702111E+001
   1195.06502   2.28691288E+001
   1193.73124   2.10993469E+001
   1192.39747   1.97320461E+001
   1191.06369   1.86728078E+001
   1189.72991   1.78528930E+001
   1188.39613   1.72222006E+001
   1187.06235   1.67440595E+001
   1185.72858   1.63915087E+001
   1184.39480   1.61446773E+001
   1183.06102   1.59889445E+001
   1181.72724   1.59136470E+001
   1180.39346   1.59111689E+001
   1179.05969   1.59763036E+001
   1177.72591   1.61058097E+001
   1176.39213   1.62981092E+001
   1175.05835   1.65530949E+001
   1173.72457   1.68720233E+001
   1172.39080   1.72574790E+001
   1171.05702   1.77134067E+001
   1169.72324   1.82452061E+001
   1168.38946   1.88598975E+001
   1167.05569   1.95663670E+001
   1165.72191   2.03757084E+001
   1164.38813   2.13016894E+001
   1163.05435   2.23613798E+001
   1161.72057   2.35759967E+001
   1160.38680   2.49720480E+001
   1159.05302   2.65828888E+001
   1157.71924   2.84508565E+001
   1156.38546   3.06302249E+001
   1155.05168   3.31913170E+001
   1153.71791   3.62262436E+001
   1152.38413   3.98568618E+001
   1151.05035   4.42455528E+001
   1149.71657   4.96089304E+001
   1148.38279   5.62325186E+001
   1147.04902   6.44779284E+001
   1145.71524   7.47566477E+001
   1144.38146   8.74064052E+001
   1143.04768   1.02355276E+002
   1141.71390   1.18518643E+002
   1140.38013   1.33398884E+002
   1139.04635   1.44198926E+002
   1137.71257   1.50536405E+002
   1136.37879   1.55417359E+002
   1135.04502   1.63011700E+002
   1133.71124   1.76625706E+002
   1132.37746   1.98621774E+002
   1131.04368   2.31073196E+002
   1129.70990   2.76006894E+002
   1128.37613   3.34614878E+002
   1127.04235   4.04690290E+002
   1125.70857   4.76050951E+002
   1124.37479   5.27740759E+002
   1123.04101   5.36753680E+002
   1121.70724   4.97774865E+002
   1120.37346   4.28697965E+002
   1119.03968   3.53143761E+002
   1117.70590   2.85571864E+002
   1116.37212   2.30585093E+002
   1115.03835   1.87635547E+002
   1113.70457   1.54533619E+002
   1112.37079   1.29006965E+002
   1111.03701   1.09178849E+002
   1109.70323   9.36210309E+001
   1108.36946   8.12802195E+001
   1107.03568   7.13869201E+001
   1105.70190   6.33783606E+001
   1104.36812   5.68404417E+001
   1103.03434   5.14659607E+001
   1101.70057   4.70250712E+001
   1100.36679   4.33444926E+001
   1099.03301   4.02928632E+001
   1097.69923   3.77703905E+001
   1096.36546   3.57015263E+001
   1095.03168   3.40298024E+001
   1093.69790   3.27142445E+001
   1092.36412   3.17269825E+001
   1091.03034   3.10518167E+001
   1089.69657   3.06836122E+001
   1088.36279   3.06284842E+001
   1087.02901   3.09048278E+001
   1085.69523   3.15453453E+001
   1084.36145   3.26003500E+001
   1083.02768   3.41427874E+001
   1081.69390   3.62756375E+001
   1080.36012   3.91426393E+001
   1079.02634   4.29435665E+001
   1077.69256   4.79553510E+001
   1076.35879   5.45594752E+001
   1075.02501   6.32720726E+001
   1073.69123   7.47603449E+001
   1072.35745   8.97936443E+001
   1071.02367   1.08996308E+002
   1069.68990   1.32141567E+002
   1068.35612   1.56759955E+002
   1067.02234   1.76798868E+002
   1065.68856   1.84237684E+002
   1064.35478   1.75261681E+002
   1063.02101   1.54193375E+002
   1061.68723   1.29078349E+002
   1060.35345   1.05714123E+002
   1059.01967   8.63573096E+001
   1057.68590   7.11370871E+001
   1056.35212   5.94028558E+001
   1055.01834   5.03879819E+001
   1053.68456   4.34363679E+001
   1052.35078   3.80440845E+001
   1051.01701   3.38413884E+001
   1049.68323   3.05631899E+001
   1048.34945   2.80230497E+001
   1047.01567   2.60939308E+001
   1045.68189   2.46953253E+001
   1044.34812   2.37855935E+001
   1043.01434   2.33582488E+001
   1041.68056   2.34404359E+001
   1040.34678   2.40897575E+001
   1039.01300   2.53796245E+001
   1037.67923   2.73502651E+001
   1036.34545   2.98866494E+001
   1035.01167   3.25122044E+001
   1033.67789   3.42768304E+001
   1032.34411   3.41732222E+001
   1031.01034   3.20121518E+001
   1029.67656   2.86163007E+001
   1028.34278   2.50240179E+001
   1027.00900   2.18568499E+001
   1025.67523   1.93094729E+001
   1024.34145   1.73592952E+001
   1023.00767   1.59159242E+001
   1021.67389   1.48811605E+001
   1020.34011   1.41545972E+001
   1019.00634   1.36148989E+001
   1017.67256   1.31150407E+001
   1016.33878   1.25367620E+001
   1015.00500   1.18675311E+001
   1013.67122   1.11855414E+001
   1012.33745   1.05725947E+001
   1011.00367   1.00684319E+001
   1009.66989   9.67923940E+000
   1008.33611   9.39759520E+000
   1007.00233   9.21472085E+000
   1005.66856   9.12561178E+000
   1004.33478   9.13089060E+000
   1003.00100   9.23775246E+000
   1001.66722   9.46106456E+000
   1000.33344   9.82502166E+000
    998.99967   1.03653206E+001
    997.66589   1.11310377E+001
    996.33211   1.21833330E+001
    994.99833   1.35830076E+001
    993.66455   1.53491390E+001
    992.33078   1.73638170E+001
    990.99700   1.92377515E+001
    989.66322   2.03097877E+001
    988.32944   2.00411155E+001
    986.99567   1.85306520E+001
    985.66189   1.64093507E+001
    984.32811   1.42820151E+001
    982.99433   1.24510384E+001
    981.66055   1.09826545E+001
    980.32678   9.83818832E+000
    978.99300   8.95233990E+000
    977.65922   8.26411134E+000
    976.32544   7.72485902E+000
    974.99166   7.29804839E+000
    973.65789   6.95684096E+000
    972.32411   6.68161660E+000
    970.99033   6.45798058E+000
    969.65655   6.27529027E+000
    968.32277   6.12560204E+000
    966.98900   6.00292700E+000
    965.65522   5.90270570E+000
    964.32144   5.82143548E+000
    962.98766   5.75640419E+000
    961.65388   5.70549825E+000
    960.32011   5.66706294E+000
    958.98633   5.63979978E+000
    957.65255   5.62269047E+000
    956.31877   5.61494011E+000
    954.98499   5.61593448E+000
    953.65122   5.62520775E+000
    952.31744   5.64241802E+000
    950.98366   5.66732874E+000
    949.64988   5.69979471E+000
    948.31611   5.73975170E+000
    946.98233   5.78720875E+000
    945.64855   5.84224293E+000
    944.31477   5.90499589E+000
    942.98099   5.97567207E+000
    941.64722   6.05453841E+000
    940.31344   6.14192529E+000
    938.97966   6.23822886E+000
    937.64588   6.34391445E+000
    936.31210   6.45952145E+000
    934.97833   6.58566943E+000
    933.64455   6.72306578E+000
    932.31077   6.87251502E+000
    930.97699   7.03493004E+000
    929.64321   7.21134539E+000
    928.30944   7.40293331E+000
    926.97566   7.61102259E+000
    925.64188   7.83712117E+000
    924.30810   8.08294290E+000
    922.97432   8.35043967E+000
    921.64055   8.64183970E+000
    920.30677   8.95969371E+000
    918.97299   9.30693056E+000
    917.63921   9.68692468E+000
    916.30544   1.01035782E+001
    914.97166   1.05614217E+001
    913.63788   1.10657378E+001
    912.30410   1.16227149E+001
    910.97032   1.22396382E+001
    909.63655   1.29251297E+001
    908.30277   1.36894518E+001
    906.96899   1.45448931E+001
    905.63521   1.55062641E+001
    904.30143   1.65915390E+001
    902.96766   1.78226921E+001
    901.63388   1.92268014E+001
    900.30010   2.08375150E+001
    898.96632   2.26970216E+001
    897.63254   2.48587235E+001
    896.29877   2.73909012E+001
    894.96499   3.03817879E+001
    893.63121   3.39466601E+001
    892.29743   3.82378282E+001
    890.96365   4.34587781E+001
    889.62988   4.98841822E+001
    888.29610   5.78879030E+001
    886.96232   6.79809323E+001
    885.62854   8.08587439E+001
    884.29476   9.74479895E+001
    882.96099   1.18913372E+002
    881.62721   1.46509337E+002
    880.29343   1.80999505E+002
    878.95965   2.21173550E+002
    877.62588   2.61341614E+002
    876.29210   2.90026697E+002
    874.95832   2.95147315E+002
    873.62454   2.74674631E+002
    872.29076   2.38810828E+002
    870.95699   2.00223671E+002
    869.62321   1.66445638E+002
    868.28943   1.39825277E+002
    866.95565   1.20092463E+002
    865.62187   1.06195807E+002
    864.28810   9.71118081E+001
    862.95432   9.21023038E+001
    861.62054   9.07628649E+001
    860.28676   9.30157467E+001
    858.95298   9.90978769E+001
    857.61921   1.09538650E+002
    856.28543   1.25064102E+002
    854.95165   1.46258190E+002
    853.61787   1.72655050E+002
    852.28409   2.00999436E+002
    850.95032   2.23658457E+002
    849.61654   2.30813696E+002
    848.28276   2.18117445E+002
    846.94898   1.91145242E+002
    845.61521   1.59695891E+002
    844.28143   1.30652061E+002
    842.94765   1.06613304E+002
    841.61387   8.76631377E+001
    840.28009   7.29801262E+001
    838.94632   6.16182738E+001
    837.61254   5.27700981E+001
    836.27876   4.58127341E+001
    834.94498   4.02843130E+001
    833.61120   3.58469060E+001
    832.27743   3.22535886E+001
    830.94365   2.93231850E+001
    829.60987   2.69219827E+001
    828.27609   2.49508088E+001
    826.94231   2.33359909E+001
    825.60854   2.20230799E+001
    824.27476   2.09725399E+001
    822.94098   2.01568707E+001
    821.60720   1.95588209E+001
    820.27342   1.91704936E+001
    818.93965   1.89932628E+001
    817.60587   1.90385235E+001
    816.27209   1.93294031E+001
    814.93831   1.99036748E+001
    813.60453   2.08182256E+001
    812.27076   2.21554772E+001
    810.93698   2.40319224E+001
    809.60320   2.66077871E+001
    808.26942   3.00930247E+001
    806.93565   3.47342646E+001
    805.60187   4.07424743E+001
    804.26809   4.80799192E+001
    802.93431   5.60250383E+001
    801.60053   6.27086538E+001
    800.26676   6.55134545E+001
    798.93298   6.30003664E+001
    797.59920   5.63739494E+001
    796.26542   4.82378872E+001
    794.93164   4.05758589E+001
    793.59787   3.42045814E+001
    792.26409   2.92041456E+001
    790.93031   2.53732370E+001
    789.59653   2.24615650E+001
    788.26275   2.02516546E+001
    786.92898   1.85752887E+001
    785.59520   1.73083292E+001
    784.26142   1.63609623E+001
    782.92764   1.56687938E+001
    781.59386   1.51859867E+001
    780.26009   1.48803155E+001
    778.92631   1.47297193E+001
    777.59253   1.47199558E+001
    776.25875   1.48430546E+001
    774.92497   1.50963601E+001
    773.59120   1.54820276E+001
    772.25742   1.60068952E+001
    770.92364   1.66826985E+001
    769.58986   1.75266348E+001
    768.25609   1.85623252E+001
    766.92231   1.98212646E+001
    765.58853   2.13449117E+001
    764.25475   2.31876476E+001
    762.92097   2.54209464E+001
    761.58720   2.81392621E+001
    760.25342   3.14683688E+001
    758.91964   3.55772089E+001
    757.58586   4.06946980E+001
    756.25208   4.71332978E+001
    754.91831   5.53210661E+001
    753.58453   6.58419523E+001
    752.25075   7.94764332E+001
    750.91697   9.72109649E+001
    749.58319   1.20122336E+002
    748.24942   1.48908378E+002
    746.91564   1.82665352E+002
    745.58186   2.16758610E+002
    744.24808   2.41525062E+002
    742.91430   2.46325668E+002
    741.58053   2.28719272E+002
    740.24675   1.97038014E+002
    738.91297   1.62274608E+002
    737.57919   1.31164312E+002
    736.24542   1.05859443E+002
    734.91164   8.61159135E+001
    733.57786   7.09245391E+001
    732.24408   5.92362044E+001
    730.91030   5.01846978E+001
    729.57653   4.31117007E+001
    728.24275   3.75329570E+001
    726.90897   3.30962348E+001
    725.57519   2.95458469E+001
    724.24141   2.66960624E+001
    722.90764   2.44121744E+001
    721.57386   2.25974013E+001
    720.24008   2.11840800E+001
    718.90630   2.01280453E+001
    717.57252   1.94054910E+001
    716.23875   1.90119321E+001
    714.90497   1.89631290E+001
    713.57119   1.92979659E+001
    712.23741   2.00831187E+001
    710.90363   2.14183979E+001
    709.56986   2.34385105E+001
    708.23608   2.62984590E+001
    706.90230   3.01107192E+001
    705.56852   3.47751782E+001
    704.23474   3.96644304E+001
    702.90097   4.33763231E+001
    701.56719   4.42206701E+001
    700.23341   4.16017331E+001
    698.89963   3.66370558E+001
    697.56586   3.10381107E+001
    696.23208   2.59356433E+001
    694.89830   2.17275231E+001
    693.56452   1.84030522E+001
    692.23074   1.58119128E+001
    690.89697   1.37895061E+001
    689.56319   1.21974888E+001
    688.22941   1.09297706E+001
    686.89563   9.90780821E+000
    685.56185   9.07408611E+000
    684.22808   8.38646407E+000
    682.89430   7.81387971E+000
    681.56052   7.33324371E+000
    680.22674   6.92724094E+000
    678.89296   6.58278239E+000
    677.55919   6.28991469E+000
    676.22541   6.04104998E+000
    674.89163   5.83042154E+000
    673.55785   5.65370047E+000
    672.22407   5.50773067E+000
    670.89030   5.39035360E+000
    669.55652   5.30030593E+000
    668.22274   5.23718106E+000
    666.88896   5.20145352E+000
    665.55519   5.19457218E+000
    664.22141   5.21913661E+000
    662.88763   5.27918105E+000
    661.55385   5.38060109E+000
    660.22007   5.53176804E+000
    658.88630   5.74436997E+000
    657.55252   6.03445874E+000
    656.21874   6.42345501E+000
    654.88496   6.93818039E+000
    653.55118   7.60722475E+000
    652.21741   8.44733330E+000
    650.88363   9.42970211E+000
    649.54985   1.04262100E+001
    648.21607   1.11905523E+001
    646.88229   1.14864366E+001
    645.54852   1.13113060E+001
    644.21474   1.09120499E+001
    642.88096   1.05692154E+001
    641.54718   1.04546660E+001
    640.21340   1.06442212E+001
    638.87963   1.11757364E+001
    637.54585   1.20903675E+001
    636.21207   1.34542574E+001
    634.87829   1.53699016E+001
    633.54451   1.79798925E+001
    632.21074   2.14533488E+001
    630.87696   2.59238257E+001
    629.54318   3.13169036E+001
    628.20940   3.70182582E+001
    626.87563   4.15734856E+001
    625.54185   4.31161549E+001
    624.20807   4.08353913E+001
    622.87429   3.58140681E+001
    621.54051   2.99290906E+001
    620.20674   2.44929919E+001
    618.87296   1.99999194E+001
    617.53918   1.64649393E+001
    616.20540   1.37314905E+001
    614.87162   1.16199019E+001
    613.53785   9.97714969E+000
    612.20407   8.68536893E+000
    610.87029   7.65722580E+000
    609.53651   6.82881642E+000
    608.20273   6.15338419E+000
    606.86896   5.59650788E+000
    605.53518   5.13261327E+000
    604.20140   4.74249767E+000
    602.86762   4.41158315E+000
    601.53384   4.12868121E+000
    600.20007   3.88511367E+000
    598.86629   3.67408165E+000
    597.53251   3.49020830E+000
    596.19873   3.32920402E+000
    594.86495   3.18761912E+000
    593.53118   3.06265904E+000
    592.19740   2.95204518E+000
    590.86362   2.85390917E+000
    589.52984   2.76671176E+000
    588.19607   2.68918036E+000
    586.86229   2.62026039E+000
    585.52851   2.55907746E+000
    584.19473   2.50490768E+000
    582.86095   2.45715450E+000
    581.52718   2.41533054E+000
    580.19340   2.37904369E+000
    578.85962   2.34798645E+000
    577.52584   2.32192825E+000
    576.19206   2.30071024E+000
    574.85829   2.28424238E+000
    573.52451   2.27250278E+000
    572.19073   2.26553925E+000
    570.85695   2.26347331E+000
    569.52317   2.26650691E+000
    568.18940   2.27493232E+000
    566.85562   2.28914609E+000
    565.52184   2.30966787E+000
    564.18806   2.33716569E+000
    562.85428   2.37248973E+000
    561.52051   2.41671730E+000
    560.18673   2.47121321E+000
    558.85295   2.53771102E+000
    557.51917   2.61842357E+000
    556.18540   2.71619419E+000
    554.85162   2.83470602E+000
    553.51784   2.97877375E+000
    552.18406   3.15475411E+000
    550.85028   3.37112661E+000
    549.51651   3.63931671E+000
    548.18273   3.97485562E+000
    546.84895   4.39897873E+000
    545.51517   4.94070731E+000
    544.18139   5.63918412E+000
    542.84762   6.54513512E+000
    541.51384   7.71782887E+000
    540.18006   9.20803134E+000
    538.84628   1.10077150E+001
    537.51250   1.29472336E+001
    536.17873   1.45854805E+001
    534.84495   1.53037421E+001
    533.51117   1.47609550E+001
    532.17739   1.32413619E+001
    530.84361   1.13611892E+001
    529.50984   9.59059817E+000
    528.17606   8.12358478E+000
    526.84228   6.97961319E+000
    525.50850   6.11140538E+000
    524.17472   5.46002640E+000
    522.84095   4.97428569E+000
    521.50717   4.61464907E+000
    520.17339   4.35202359E+000
    518.83961   4.16545582E+000
    517.50584   4.04003097E+000
    516.17206   3.96525593E+000
    514.83828   3.93389740E+000
    513.50450   3.94117639E+000
    512.17072   3.98422585E+000
    510.83695   4.06174063E+000
    509.50317   4.17377093E+000
    508.16939   4.32162857E+000
    506.83561   4.50788927E+000
    505.50183   4.73648582E+000
    504.16806   5.01289700E+000
    502.83428   5.34444825E+000
    501.50050   5.74075263E+000
    500.16672   6.21433700E+000
    498.83294   6.78152166E+000
    497.49917   7.46365442E+000
    496.16539   8.28884738E+000
    494.83161   9.29443291E+000
    493.49783   1.05304491E+001
    492.16405   1.20645843E+001
    490.83028   1.39891248E+001
    489.49650   1.64304501E+001
    488.16272   1.95611282E+001
    486.82894   2.36126268E+001
    485.49517   2.88802521E+001
    484.16139   3.56947204E+001
    482.82761   4.42964532E+001
    481.49383   5.44945375E+001
    480.16005   6.50374335E+001
    478.82628   7.31255126E+001
    477.49250   7.54008598E+001
    476.15872   7.07115660E+001
    474.82494   6.13170857E+001
    473.49116   5.06354472E+001
    472.15739   4.09140349E+001
    470.82361   3.29409066E+001
    469.48983   2.66940573E+001
    468.15605   2.18756280E+001
    466.82227   1.81600611E+001
    465.48850   1.52741148E+001
    464.15472   1.30085477E+001
    462.82094   1.12086842E+001
    461.48716   9.76143351E+000
    460.15338   8.58405237E+000
    458.81961   7.61560601E+000
    457.48583   6.81079800E+000
    456.15205   6.13559683E+000
    454.81827   5.56415066E+000
    453.48449   5.07660480E+000
    452.15072   4.65754754E+000
    450.81694   4.29489385E+000
    449.48316   3.97907572E+000
    448.14938   3.70244897E+000
    446.81561   3.45885441E+000
    445.48183   3.24328974E+000
    444.14805   3.05166215E+000
    442.81427   2.88059991E+000
    441.48049   2.72730781E+000
    440.14672   2.58945530E+000
    438.81294   2.46508940E+000
    437.47916   2.35256655E+000
    436.14538   2.25049914E+000
    434.81160   2.15771364E+000
    433.47783   2.07321799E+000
    432.14405   1.99617686E+000
    430.81027   1.92589360E+000
    429.47649   1.86179803E+000
    428.14271   1.80343907E+000
    426.80894   1.75047889E+000
    425.47516   1.70267967E+000
    424.14138   1.65985830E+000
    422.80760   1.62175429E+000
    421.47382   1.58773168E+000
    420.14005   1.55635072E+000
    418.80627   1.52532881E+000
    417.47249   1.49272771E+000
    416.13871   1.45860352E+000
    414.80493   1.42476334E+000
    413.47116   1.39301264E+000
    412.13738   1.36423122E+000
    410.80360   1.33855685E+000
    409.46982   1.31580173E+000
    408.13605   1.29570588E+000
    406.80227   1.27803818E+000
    405.46849   1.26262324E+000
    404.13471   1.24934160E+000
    402.80093   1.23812328E+000
    401.46716   1.22894147E+000
    400.13338   1.22180845E+000
    398.79960   1.21677389E+000
    397.46582   1.21392538E+000
    396.13204   1.21339113E+000
    394.79827   1.21534493E+000
    393.46449   1.22001346E+000
    392.13071   1.22768658E+000
    390.79693   1.23873121E+000
    389.46315   1.25361000E+000
    388.12938   1.27290623E+000
    386.79560   1.29735730E+000
    385.46182   1.32789998E+000
    384.12804   1.36573199E+000
    382.79426   1.41239676E+000
    381.46049   1.46990081E+000
    380.12671   1.54087814E+000
    378.79293   1.62882190E+000
    377.45915   1.73841248E+000
    376.12538   1.87598166E+000
    374.79160   2.05016156E+000
    373.45782   2.27276179E+000
    372.12404   2.55985798E+000
    370.79026   2.93284577E+000
    369.45649   3.41852514E+000
    368.12271   4.04550528E+000
    366.78893   4.83059021E+000
    365.45515   5.74503775E+000
    364.12137   6.66031954E+000
    362.78760   7.32433624E+000
    361.45382   7.47177054E+000
    360.12004   7.03667848E+000
    358.78626   6.21141209E+000
    357.45248   5.27374299E+000
    356.11871   4.41421016E+000
    354.78493   3.70526681E+000
    353.45115   3.14840118E+000
    352.11737   2.71891989E+000
    350.78359   2.38850138E+000
    349.44982   2.13297502E+000
    348.11604   1.93370068E+000
    346.78226   1.77686196E+000
    345.44848   1.65235405E+000
    344.11470   1.55279391E+000
    342.78093   1.47276025E+000
    341.44715   1.40824194E+000
    340.11337   1.35624650E+000
    338.77959   1.31452391E+000
    337.44582   1.28137163E+000
    336.11204   1.25549622E+000
    334.77826   1.23591451E+000
    333.44448   1.22188257E+000
    332.11070   1.21284452E+000
    330.77693   1.20839552E+000
    329.44315   1.20825519E+000
    328.10937   1.21224885E+000
    326.77559   1.22029473E+000
    325.44181   1.23239599E+000
    324.10804   1.24863674E+000
    322.77426   1.26918153E+000
    321.44048   1.29427827E+000
    320.10670   1.32426448E+000
    318.77292   1.35957728E+000
    317.43915   1.40076751E+000
    316.10537   1.44851892E+000
    314.77159   1.50367359E+000
    313.43781   1.56726525E+000
    312.10403   1.64056280E+000
    310.77026   1.72512740E+000
    309.43648   1.82288739E+000
    308.10270   1.93623758E+000
    306.76892   2.06817166E+000
    305.43515   2.22246018E+000
    304.10137   2.40389244E+000
    302.76759   2.61860792E+000
    301.43381   2.87455530E+000
    300.10003   3.18213366E+000
    298.76626   3.55509569E+000
    297.43248   4.01182661E+000
    296.09870   4.57715610E+000
    294.76492   5.28490232E+000
    293.43114   6.18134561E+000
    292.09737   7.32964770E+000
    290.76359   8.81447896E+000
    289.42981   1.07437565E+001
    288.09603   1.32380610E+001
    286.76225   1.63842370E+001
    285.42848   2.01099804E+001
    284.09470   2.39536036E+001
    282.76092   2.68890569E+001
    281.42714   2.76950407E+001
    280.09336   2.59649766E+001
    278.75959   2.25328580E+001
    277.42581   1.86434091E+001
    276.09203   1.51096917E+001
    274.75825   1.22145199E+001
    273.42447   9.94802090E+000
    272.09070   8.20122046E+000
    270.75692   6.85559854E+000
    269.42314   5.81184154E+000
    268.08936   4.99395770E+000
    266.75559   4.34580320E+000
    265.42181   3.82635251E+000
    264.08803   3.40561327E+000
    262.75425   3.06152530E+000
    261.42047   2.77772138E+000
    260.08670   2.54194131E+000
    258.75292   2.34491432E+000
    257.41914   2.17957003E+000
    256.08536   2.04047853E+000
    254.75158   1.92345053E+000
    253.41781   1.82525042E+000
    252.08403   1.74338993E+000
    250.75025   1.67598037E+000
    249.41647   1.62162859E+000
    248.08269   1.57936674E+000
    246.74892   1.54860973E+000
    245.41514   1.52913704E+000
    244.08136   1.52109807E+000
    242.74758   1.52504263E+000
    241.41380   1.54198119E+000
    240.08003   1.57348256E+000
    238.74625   1.62182203E+000
    237.41247   1.69019881E+000
    236.07869   1.78305157E+000
    234.74491   1.90651165E+000
    233.41114   2.06904716E+000
    232.07736   2.28235613E+000
    230.74358   2.56253809E+000
    229.40980   2.93142807E+000
    228.07603   3.41749426E+000
    226.74225   4.05434606E+000
    225.40847   4.87167831E+000
    224.07469   5.86796229E+000
    222.74091   6.95327968E+000
    221.40714   7.88440121E+000
    220.07336   8.30741836E+000
    218.73958   8.00956634E+000
    217.40580   7.13394370E+000
    216.07202   6.03070033E+000
    214.73825   4.97764125E+000
    213.40447   4.09356617E+000
    212.07069   3.39315430E+000
    210.73691   2.85013068E+000
    209.40313   2.43038906E+000
    208.06936   2.10389823E+000
    206.73558   1.84723462E+000
    205.40180   1.64296060E+000
    204.06802   1.47830240E+000
    202.73424   1.34391952E+000
    201.40047   1.23294555E+000
    200.06669   1.14028804E+000
    198.73291   1.06213035E+000
    197.39913   9.95580178E-001
    196.06536   9.38421166E-001
    194.73158   8.88936393E-001
    193.39780   8.45781922E-001
    192.06402   8.07895326E-001
    190.73024   7.74428855E-001
    189.39647   7.44700111E-001
    188.06269   7.18155273E-001
    186.72891   6.94341421E-001
    185.39513   6.72885501E-001
    184.06135   6.53478209E-001
    182.72758   6.35861520E-001
    181.39380   6.19818977E-001
    180.06002   6.05168061E-001
    178.72624   5.91754162E-001
    177.39246   5.79445771E-001
    176.05869   5.68130643E-001
    174.72491   5.57712696E-001
    173.39113   5.48109509E-001
    172.05735   5.39250288E-001
    170.72357   5.31074207E-001
    169.38980   5.23529064E-001
    168.05602   5.16570170E-001
    166.72224   5.10159458E-001
    165.38846   5.04264754E-001
    164.05468   4.98859197E-001
    162.72091   4.93920785E-001
    161.38713   4.89432025E-001
    160.05335   4.85379688E-001
    158.71957   4.81754654E-001
    157.38580   4.78551845E-001
    156.05202   4.75770246E-001
    154.71824   4.73413018E-001
    153.38446   4.71487707E-001
    152.05068   4.70006567E-001
    150.71691   4.68987001E-001
    149.38313   4.68452152E-001
    148.04935   4.68431666E-001
    146.71557   4.68962670E-001
    145.38179   4.70091019E-001
    144.04802   4.71872861E-001
    142.71424   4.74376640E-001
    141.38046   4.77685621E-001
    140.04668   4.81901130E-001
    138.71290   4.87146693E-001
    137.37913   4.93573389E-001
    136.04535   5.01366797E-001
    134.71157   5.10756116E-001
    133.37779   5.22026193E-001
    132.04401   5.35533585E-001
    130.71024   5.51728167E-001
    129.37646   5.71182519E-001
    128.04268   5.94632280E-001
    126.70890   6.23032110E-001
    125.37513   6.57634022E-001
    124.04135   7.00097833E-001
    122.70757   7.52647678E-001
    121.37379   8.18293535E-001
    120.04001   9.01141086E-001
    118.70624   1.00681062E+000
    117.37246   1.14295667E+000
    116.03868   1.31976973E+000
    114.70490   1.55000721E+000
    113.37112   1.84723348E+000
    112.03735   2.21913224E+000
    110.70357   2.65070568E+000
    109.36979   3.07662868E+000
    108.03601   3.36889504E+000
    106.70223   3.39775350E+000
    105.36846   3.14777645E+000
    104.03468   2.73420217E+000
    102.70090   2.29349358E+000
    101.36712   1.90420769E+000
    100.03334   1.58916687E+000
     98.69957   1.34351456E+000
     97.36579   1.15409541E+000
     96.03201   1.00774712E+000
     94.69823   8.93730013E-001
     93.36445   8.03910194E-001
     92.03068   7.32299201E-001
     90.69690   6.74522234E-001
     89.36312   6.27376296E-001
     88.02934   5.88499539E-001
     86.69557   5.56133808E-001
     85.36179   5.28956688E-001
     84.02801   5.05963042E-001
     82.69423   4.86381156E-001
     81.36045   4.69612961E-001
     80.02668   4.55191073E-001
     78.69290   4.42747642E-001
     77.35912   4.31991557E-001
     76.02534   4.22691657E-001
     74.69156   4.14664287E-001
     73.35779   4.07764057E-001
     72.02401   4.01877005E-001
     70.69023   3.96915606E-001
     69.35645   3.92815259E-001
     68.02267   3.89532006E-001
     66.68890   3.87041362E-001
     65.35512   3.85338238E-001
     64.02134   3.84438030E-001
     62.68756   3.84379089E-001
     61.35378   3.85226904E-001
     60.02001   3.87080451E-001
     58.68623   3.90081190E-001
     57.35245   3.94424767E-001
     56.01867   4.00373687E-001
     54.68489   4.08263587E-001
     53.35112   4.18480708E-001
     52.01734   4.31355177E-001
     50.68356   4.46870984E-001
     49.34978   4.64145618E-001
     48.01601   4.81085636E-001
     46.68223   4.95347741E-001
     45.34845   5.06672417E-001
     44.01467   5.17707581E-001
     42.68089   5.32080275E-001
     41.34712   5.52652026E-001
     40.01334   5.81480325E-001
     38.67956   6.20510614E-001
     37.34578   6.72203450E-001
     36.01200   7.40005151E-001
     34.67823   8.28765513E-001
     33.34445   9.45127671E-001
     32.01067   1.09769204E+000
     30.67689   1.29624337E+000
     29.34311   1.54821587E+000
     28.00934   1.84894014E+000
     26.67556   2.16320289E+000
     25.34178   2.40965512E+000
     24.00800   2.48703512E+000
     22.67422   2.35559619E+000
     21.34045   2.07847841E+000
     20.00667   1.75814425E+000
     18.67289   1.46421780E+000
     17.33911   1.22208818E+000
     16.00534   1.03188608E+000
     14.67156   8.84899193E-001
     13.33778   7.71358071E-001
     12.00400   6.82999531E-001
     10.67022   6.13476728E-001
      9.33645   5.58092497E-001
      8.00267   5.13411464E-001
      6.66889   4.76920388E-001
      5.33511   4.46768984E-001
      4.00133   4.21582336E-001
      2.66756   4.00327860E-001
      1.33378   3.82221437E-001
      0.00000   3.66661036E-001
