    120.00000   3.53248089E-010
    120.12671   4.25957259E-010
    120.25342   5.13095236E-010
    120.38013   6.17416210E-010
    120.50684   7.42178687E-010
    120.63354   8.91233783E-010
    120.76025   1.06912825E-009
    120.88696   1.28122455E-009
    121.01367   1.53384066E-009
    121.14038   1.83441265E-009
    121.26709   2.19168364E-009
    121.39380   2.61592303E-009
    121.52051   3.11918068E-009
    121.64722   3.71558142E-009
    121.77392   4.42166564E-009
    121.90063   5.25678307E-009
    122.02734   6.24354745E-009
    122.15405   7.40836092E-009
    122.28076   8.78201835E-009
    122.40747   1.04004030E-008
    122.53418   1.23052863E-008
    122.66089   1.45452474E-008
    122.78760   1.71767275E-008
    122.91430   2.02652393E-008
    123.04101   2.38867527E-008
    123.16772   2.81292796E-008
    123.29443   3.30946860E-008
    123.42114   3.89007624E-008
    123.54785   4.56835842E-008
    123.67456   5.36002042E-008
    123.80127   6.28317176E-008
    123.92798   7.35867491E-008
    124.05468   8.61054168E-008
    124.18139   1.00663833E-007
    124.30810   1.17579209E-007
    124.43481   1.37215646E-007
    124.56152   1.59990680E-007
    124.68823   1.86382703E-007
    124.81494   2.16939335E-007
    124.94165   2.52286888E-007
    125.06836   2.93141034E-007
    125.19507   3.40318835E-007
    125.32177   3.94752290E-007
    125.44848   4.57503567E-007
    125.57519   5.29782136E-007
    125.70190   6.12963997E-007
    125.82861   7.08613267E-007
    125.95532   8.18506361E-007
    126.08203   9.44659094E-007
    126.20874   1.08935699E-006
    126.33545   1.25518917E-006
    126.46215   1.44508623E-006
    126.58886   1.66236247E-006
    126.71557   1.91076299E-006
    126.84228   2.19451622E-006
    126.96899   2.51839229E-006
    127.09570   2.88776802E-006
    127.22241   3.30869911E-006
    127.34912   3.78800026E-006
    127.47583   4.33333413E-006
    127.60253   4.95330979E-006
    127.72924   5.65759190E-006
    127.85595   6.45702137E-006
    127.98266   7.36374887E-006
    128.10937   8.39138221E-006
    128.23608   9.55514900E-006
    128.36279   1.08720761E-005
    128.48950   1.23611872E-005
    128.61621   1.40437206E-005
    128.74291   1.59433680E-005
    128.86962   1.80865385E-005
    128.99633   2.05026465E-005
    129.12304   2.32244291E-005
    129.24975   2.62882937E-005
    129.37646   2.97346983E-005
    129.50317   3.36085685E-005
    129.62988   3.79597530E-005
    129.75659   4.28435214E-005
    129.88329   4.83211083E-005
    130.01000   5.44603062E-005
    130.13671   6.13361122E-005
    130.26342   6.90314329E-005
    130.39013   7.76378503E-005
    130.51684   8.72564565E-005
    130.64355   9.79987592E-005
    130.77026   1.09987666E-004
    130.89697   1.23358551E-004
    131.02367   1.38260414E-004
    131.15038   1.54857132E-004
    131.27709   1.73328818E-004
    131.40380   1.93873286E-004
    131.53051   2.16707641E-004
    131.65722   2.42069988E-004
    131.78393   2.70221284E-004
    131.91064   3.01447326E-004
    132.03735   3.36060903E-004
    132.16405   3.74404103E-004
    132.29076   4.16850802E-004
    132.41747   4.63809337E-004
    132.54418   5.15725373E-004
    132.67089   5.73084986E-004
    132.79760   6.36417967E-004
    132.92431   7.06301361E-004
    133.05102   7.83363257E-004
    133.17773   8.68286847E-004
    133.30443   9.61814757E-004
    133.43114   1.06475368E-003
    133.55785   1.17797934E-003
    133.68456   1.30244173E-003
    133.81127   1.43917077E-003
    133.93798   1.58928226E-003
    134.06469   1.75398431E-003
    134.19140   1.93458404E-003
    134.31811   2.13249487E-003
    134.44481   2.34924407E-003
    134.57152   2.58648098E-003
    134.69823   2.84598552E-003
    134.82494   3.12967736E-003
    134.95165   3.43962556E-003
    135.07836   3.77805875E-003
    135.20507   4.14737598E-003
    135.33178   4.55015802E-003
    135.45849   4.98917948E-003
    135.58520   5.46742143E-003
    135.71190   5.98808482E-003
    135.83861   6.55460448E-003
    135.96532   7.17066399E-003
    136.09203   7.84021123E-003
    136.21874   8.56747471E-003
    136.34545   9.35698078E-003
    136.47216   1.02135716E-002
    136.59887   1.11424240E-002
    136.72558   1.21490694E-002
    136.85228   1.32394141E-002
    136.97899   1.44197615E-002
    137.10570   1.56968342E-002
    137.23241   1.70777977E-002
    137.35912   1.85702852E-002
    137.48583   2.01824231E-002
    137.61254   2.19228576E-002
    137.73925   2.38007829E-002
    137.86596   2.58259696E-002
    137.99266   2.80087951E-002
    138.11937   3.03602745E-002
    138.24608   3.28920932E-002
    138.37279   3.56166403E-002
    138.49950   3.85470432E-002
    138.62621   4.16972036E-002
    138.75292   4.50818345E-002
    138.87963   4.87164986E-002
    139.00634   5.26176481E-002
    139.13304   5.68026647E-002
    139.25975   6.12899025E-002
    139.38646   6.60987305E-002
    139.51317   7.12495776E-002
    139.63988   7.67639775E-002
    139.76659   8.26646165E-002
    139.89330   8.89753805E-002
    140.02001   9.57214049E-002
    140.14672   1.02929124E-001
    140.27342   1.10626325E-001
    140.40013   1.18842196E-001
    140.52684   1.27607384E-001
    140.65355   1.36954046E-001
    140.78026   1.46915907E-001
    140.90697   1.57528317E-001
    141.03368   1.68828304E-001
    141.16039   1.80854637E-001
    141.28710   1.93647884E-001
    141.41380   2.07250467E-001
    141.54051   2.21706730E-001
    141.66722   2.37062994E-001
    141.79393   2.53367618E-001
    141.92064   2.70671065E-001
    142.04735   2.89025962E-001
    142.17406   3.08487159E-001
    142.30077   3.29111796E-001
    142.42748   3.50959363E-001
    142.55418   3.74091762E-001
    142.68089   3.98573369E-001
    142.80760   4.24471095E-001
    142.93431   4.51854451E-001
    143.06102   4.80795603E-001
    143.18773   5.11369433E-001
    143.31444   5.43653604E-001
    143.44115   5.77728608E-001
    143.56786   6.13677830E-001
    143.69456   6.51587603E-001
    143.82127   6.91547256E-001
    143.94798   7.33649176E-001
    144.07469   7.77988849E-001
    144.20140   8.24664914E-001
    144.32811   8.73779210E-001
    144.45482   9.25436815E-001
    144.58153   9.79746096E-001
    144.70824   1.03681874E+000
    144.83494   1.09676979E+000
    144.96165   1.15971769E+000
    145.08836   1.22578431E+000
    145.21507   1.29509495E+000
    145.34178   1.36777840E+000
    145.46849   1.44396694E+000
    145.59520   1.52379636E+000
    145.72191   1.60740595E+000
    145.84862   1.69493855E+000
    145.97533   1.78654051E+000
    146.10203   1.88236172E+000
    146.22874   1.98255559E+000
    146.35545   2.08727902E+000
    146.48216   2.19669241E+000
    146.60887   2.31095965E+000
    146.73558   2.43024802E+000
    146.86229   2.55472827E+000
    146.98900   2.68457445E+000
    147.11571   2.81996399E+000
    147.24241   2.96107755E+000
    147.36912   3.10809902E+000
    147.49583   3.26121543E+000
    147.62254   3.42061689E+000
    147.74925   3.58649651E+000
    147.87596   3.75905032E+000
    148.00267   3.93847716E+000
    148.12938   4.12497861E+000
    148.25609   4.31875887E+000
    148.38279   4.52002465E+000
    148.50950   4.72898503E+000
    148.63621   4.94585138E+000
    148.76292   5.17083718E+000
    148.88963   5.40415793E+000
    149.01634   5.64603094E+000
    149.14305   5.89667522E+000
    149.26976   6.15631129E+000
    149.39647   6.42516105E+000
    149.52317   6.70344755E+000
    149.64988   6.99139485E+000
    149.77659   7.28922780E+000
    149.90330   7.59717185E+000
    150.03001   7.91545286E+000
    150.15672   8.24429687E+000
    150.28343   8.58392988E+000
    150.41014   8.93457763E+000
    150.53685   9.29646538E+000
    150.66355   9.66981766E+000
    150.79026   1.00548580E+001
    150.91697   1.04518087E+001
    151.04368   1.08608907E+001
    151.17039   1.12823230E+001
    151.29710   1.17163228E+001
    151.42381   1.21631048E+001
    151.55052   1.26228813E+001
    151.67723   1.30958617E+001
    151.80393   1.35822524E+001
    151.93064   1.40822561E+001
    152.05735   1.45960721E+001
    152.18406   1.51238955E+001
    152.31077   1.56659171E+001
    152.43748   1.62223233E+001
    152.56419   1.67932954E+001
    152.69090   1.73790095E+001
    152.81761   1.79796361E+001
    152.94431   1.85953401E+001
    153.07102   1.92262801E+001
    153.19773   1.98726082E+001
    153.32444   2.05344697E+001
    153.45115   2.12120031E+001
    153.57786   2.19053391E+001
    153.70457   2.26146010E+001
    153.83128   2.33399040E+001
    153.95799   2.40813549E+001
    154.08469   2.48390521E+001
    154.21140   2.56130848E+001
    154.33811   2.64035331E+001
    154.46482   2.72104676E+001
    154.59153   2.80339492E+001
    154.71824   2.88740285E+001
    154.84495   2.97307459E+001
    154.97166   3.06041310E+001
    155.09837   3.14942026E+001
    155.22508   3.24009683E+001
    155.35178   3.33244241E+001
    155.47849   3.42645547E+001
    155.60520   3.52213325E+001
    155.73191   3.61947178E+001
    155.85862   3.71846585E+001
    155.98533   3.81910902E+001
    156.11204   3.92139351E+001
    156.23875   4.02531029E+001
    156.36546   4.13084899E+001
    156.49216   4.23799788E+001
    156.61887   4.34674390E+001
    156.74558   4.45707260E+001
    156.87229   4.56896817E+001
    156.99900   4.68241335E+001
    157.12571   4.79738952E+001
    157.25242   4.91387660E+001
    157.37913   5.03185307E+001
    157.50584   5.15129598E+001
    157.63254   5.27218093E+001
    157.75925   5.39448206E+001
    157.88596   5.51817201E+001
    158.01267   5.64322201E+001
    158.13938   5.76960176E+001
    158.26609   5.89727953E+001
    158.39280   6.02622209E+001
    158.51951   6.15639475E+001
    158.64622   6.28776136E+001
    158.77292   6.42028427E+001
    158.89963   6.55392441E+001
    159.02634   6.68864123E+001
    159.15305   6.82439275E+001
    159.27976   6.96113554E+001
    159.40647   7.09882476E+001
    159.53318   7.23741415E+001
    159.65989   7.37685606E+001
    159.78660   7.51710144E+001
    159.91330   7.65809988E+001
    160.04001   7.79979962E+001
    160.16672   7.94214758E+001
    160.29343   8.08508936E+001
    160.42014   8.22856926E+001
    160.54685   8.37253034E+001
    160.67356   8.51691439E+001
    160.80027   8.66166201E+001
    160.92698   8.80671260E+001
    161.05368   8.95200439E+001
    161.18039   9.09747448E+001
    161.30710   9.24305888E+001
    161.43381   9.38869252E+001
    161.56052   9.53430929E+001
    161.68723   9.67984208E+001
    161.81394   9.82522279E+001
    161.94065   9.97038242E+001
    162.06736   1.01152510E+002
    162.19406   1.02597579E+002
    162.32077   1.04038313E+002
    162.44748   1.05473989E+002
    162.57419   1.06903876E+002
    162.70090   1.08327236E+002
    162.82761   1.09743323E+002
    162.95432   1.11151386E+002
    163.08103   1.12550669E+002
    163.20774   1.13940408E+002
    163.33444   1.15319837E+002
    163.46115   1.16688185E+002
    163.58786   1.18044674E+002
    163.71457   1.19388527E+002
    163.84128   1.20718960E+002
    163.96799   1.22035190E+002
    164.09470   1.23336428E+002
    164.22141   1.24621886E+002
    164.34812   1.25890774E+002
    164.47482   1.27142301E+002
    164.60153   1.28375677E+002
    164.72824   1.29590110E+002
    164.85495   1.30784810E+002
    164.98166   1.31958989E+002
    165.10837   1.33111858E+002
    165.23508   1.34242633E+002
    165.36179   1.35350531E+002
    165.48850   1.36434773E+002
    165.61521   1.37494582E+002
    165.74191   1.38529186E+002
    165.86862   1.39537818E+002
    165.99533   1.40519716E+002
    166.12204   1.41474121E+002
    166.24875   1.42400283E+002
    166.37546   1.43297456E+002
    166.50217   1.44164902E+002
    166.62888   1.45001891E+002
    166.75559   1.45807698E+002
    166.88229   1.46581608E+002
    167.00900   1.47322915E+002
    167.13571   1.48030919E+002
    167.26242   1.48704934E+002
    167.38913   1.49344279E+002
    167.51584   1.49948286E+002
    167.64255   1.50516297E+002
    167.76926   1.51047665E+002
    167.89597   1.51541753E+002
    168.02267   1.51997938E+002
    168.14938   1.52415607E+002
    168.27609   1.52794161E+002
    168.40280   1.53133012E+002
    168.52951   1.53431586E+002
    168.65622   1.53689323E+002
    168.78293   1.53905676E+002
    168.90964   1.54080112E+002
    169.03635   1.54212113E+002
    169.16305   1.54301175E+002
    169.28976   1.54346809E+002
    169.41647   1.54348541E+002
    169.54318   1.54305914E+002
    169.66989   1.54218484E+002
    169.79660   1.54085824E+002
    169.92331   1.53907526E+002
    170.05002   1.53683193E+002
    170.17673   1.53412449E+002
    170.30343   1.53094934E+002
    170.43014   1.52730303E+002
    170.55685   1.52318229E+002
    170.68356   1.51858404E+002
    170.81027   1.51350536E+002
    170.93698   1.50794351E+002
    171.06369   1.50189592E+002
    171.19040   1.49536020E+002
    171.31711   1.48833416E+002
    171.44381   1.48081577E+002
    171.57052   1.47280318E+002
    171.69723   1.46429473E+002
    171.82394   1.45528896E+002
    171.95065   1.44578457E+002
    172.07736   1.43578044E+002
    172.20407   1.42527566E+002
    172.33078   1.41426949E+002
    172.45749   1.40276138E+002
    172.58419   1.39075096E+002
    172.71090   1.37823805E+002
    172.83761   1.36522265E+002
    172.96432   1.35170496E+002
    173.09103   1.33768534E+002
    173.21774   1.32316436E+002
    173.34445   1.30814275E+002
    173.47116   1.29262145E+002
    173.59787   1.27660157E+002
    173.72457   1.26008438E+002
    173.85128   1.24307137E+002
    173.97799   1.22556419E+002
    174.10470   1.20756467E+002
    174.23141   1.18907481E+002
    174.35812   1.17009681E+002
    174.48483   1.15063302E+002
    174.61154   1.13068599E+002
    174.73825   1.11025841E+002
    174.86495   1.08935317E+002
    174.99166   1.06797332E+002
    175.11837   1.04612207E+002
    175.24508   1.02380281E+002
    175.37179   1.00101910E+002
    175.49850   9.77774624E+001
    175.62521   9.54073272E+001
    175.75192   9.29919070E+001
    175.87863   9.05316204E+001
    176.00534   8.80269016E+001
    176.13204   8.54781999E+001
    176.25875   8.28859797E+001
    176.38546   8.02507201E+001
    176.51217   7.75729149E+001
    176.63888   7.48530719E+001
    176.76559   7.20917133E+001
    176.89230   6.92893749E+001
    177.01901   6.64466061E+001
    177.14572   6.35639696E+001
    177.27242   6.06420411E+001
    177.39913   5.76814092E+001
    177.52584   5.46826746E+001
    177.65255   5.16464507E+001
    177.77926   4.85733626E+001
    177.90597   4.54640470E+001
    178.03268   4.23191521E+001
    178.15939   3.91393370E+001
    178.28610   3.59252717E+001
    178.41280   3.26776368E+001
    178.53951   2.93971228E+001
    178.66622   2.60844304E+001
    178.79293   2.27402697E+001
    178.91964   1.93653600E+001
    179.04635   1.59604298E+001
    179.17306   1.25262162E+001
    179.29977   9.06346457E+000
    179.42648   5.57292838E+000
    179.55318   2.05536885E+000
    179.67989  -1.48844540E+000
    179.80660  -5.05773861E+000
    179.93331  -8.65172828E+000
    180.06002  -1.22696254E+001
    180.18673  -1.59106348E+001
    180.31344  -1.95739554E+001
    180.44015  -2.32587808E+001
    180.56686  -2.69642992E+001
    180.69356  -3.06896940E+001
    180.82027  -3.44341439E+001
    180.94698  -3.81968235E+001
    181.07369  -4.19769034E+001
    181.20040  -4.57735506E+001
    181.32711  -4.95859286E+001
    181.45382  -5.34131981E+001
    181.58053  -5.72545172E+001
    181.70724  -6.11090413E+001
    181.83394  -6.49759239E+001
    181.96065  -6.88543169E+001
    182.08736  -7.27433705E+001
    182.21407  -7.66422339E+001
    182.34078  -8.05500553E+001
    182.46749  -8.44659825E+001
    182.59420  -8.83891630E+001
    182.72091  -9.23187445E+001
    182.84762  -9.62538747E+001
    182.97432  -1.00193702E+002
    183.10103  -1.04137377E+002
    183.22774  -1.08084048E+002
    183.35445  -1.12032870E+002
    183.48116  -1.15982995E+002
    183.60787  -1.19933579E+002
    183.73458  -1.23883782E+002
    183.86129  -1.27832763E+002
    183.98800  -1.31779687E+002
    184.11470  -1.35723721E+002
    184.24141  -1.39664035E+002
    184.36812  -1.43599803E+002
    184.49483  -1.47530203E+002
    184.62154  -1.51454416E+002
    184.74825  -1.55371631E+002
    184.87496  -1.59281037E+002
    185.00167  -1.63181831E+002
    185.12838  -1.67073213E+002
    185.25509  -1.70954391E+002
    185.38179  -1.74824577E+002
    185.50850  -1.78682989E+002
    185.63521  -1.82528849E+002
    185.76192  -1.86361390E+002
    185.88863  -1.90179847E+002
    186.01534  -1.93983464E+002
    186.14205  -1.97771491E+002
    186.26876  -2.01543186E+002
    186.39547  -2.05297812E+002
    186.52217  -2.09034642E+002
    186.64888  -2.12752956E+002
    186.77559  -2.16452041E+002
    186.90230  -2.20131192E+002
    187.02901  -2.23789714E+002
    187.15572  -2.27426917E+002
    187.28243  -2.31042122E+002
    187.40914  -2.34634659E+002
    187.53585  -2.38203864E+002
    187.66255  -2.41749086E+002
    187.78926  -2.45269679E+002
    187.91597  -2.48765009E+002
    188.04268  -2.52234450E+002
    188.16939  -2.55677385E+002
    188.29610  -2.59093209E+002
    188.42281  -2.62481323E+002
    188.54952  -2.65841143E+002
    188.67623  -2.69172088E+002
    188.80293  -2.72473594E+002
    188.92964  -2.75745103E+002
    189.05635  -2.78986068E+002
    189.18306  -2.82195952E+002
    189.30977  -2.85374230E+002
    189.43648  -2.88520385E+002
    189.56319  -2.91633913E+002
    189.68990  -2.94714319E+002
    189.81661  -2.97761119E+002
    189.94331  -3.00773840E+002
    190.07002  -3.03752020E+002
    190.19673  -3.06695207E+002
    190.32344  -3.09602960E+002
    190.45015  -3.12474850E+002
    190.57686  -3.15310458E+002
    190.70357  -3.18109376E+002
    190.83028  -3.20871207E+002
    190.95699  -3.23595566E+002
    191.08369  -3.26282077E+002
    191.21040  -3.28930378E+002
    191.33711  -3.31540114E+002
    191.46382  -3.34110946E+002
    191.59053  -3.36642541E+002
    191.71724  -3.39134582E+002
    191.84395  -3.41586759E+002
    191.97066  -3.43998775E+002
    192.09737  -3.46370344E+002
    192.22407  -3.48701191E+002
    192.35078  -3.50991052E+002
    192.47749  -3.53239672E+002
    192.60420  -3.55446811E+002
    192.73091  -3.57612235E+002
    192.85762  -3.59735726E+002
    192.98433  -3.61817072E+002
    193.11104  -3.63856076E+002
    193.23775  -3.65852548E+002
    193.36445  -3.67806312E+002
    193.49116  -3.69717199E+002
    193.61787  -3.71585055E+002
    193.74458  -3.73409733E+002
    193.87129  -3.75191097E+002
    193.99800  -3.76929022E+002
    194.12471  -3.78623395E+002
    194.25142  -3.80274109E+002
    194.37813  -3.81881072E+002
    194.50483  -3.83444198E+002
    194.63154  -3.84963413E+002
    194.75825  -3.86438653E+002
    194.88496  -3.87869864E+002
    195.01167  -3.89257001E+002
    195.13838  -3.90600028E+002
    195.26509  -3.91898920E+002
    195.39180  -3.93153661E+002
    195.51851  -3.94364244E+002
    195.64522  -3.95530673E+002
    195.77192  -3.96652957E+002
    195.89863  -3.97731120E+002
    196.02534  -3.98765189E+002
    196.15205  -3.99755205E+002
    196.27876  -4.00701214E+002
    196.40547  -4.01603272E+002
    196.53218  -4.02461445E+002
    196.65889  -4.03275805E+002
    196.78560  -4.04046434E+002
    196.91230  -4.04773421E+002
    197.03901  -4.05456864E+002
    197.16572  -4.06096870E+002
    197.29243  -4.06693550E+002
    197.41914  -4.07247028E+002
    197.54585  -4.07757431E+002
    197.67256  -4.08224897E+002
    197.79927  -4.08649569E+002
    197.92598  -4.09031599E+002
    198.05268  -4.09371144E+002
    198.17939  -4.09668371E+002
    198.30610  -4.09923451E+002
    198.43281  -4.10136564E+002
    198.55952  -4.10307895E+002
    198.68623  -4.10437637E+002
    198.81294  -4.10525989E+002
    198.93965  -4.10573156E+002
    199.06636  -4.10579349E+002
    199.19306  -4.10544785E+002
    199.31977  -4.10469687E+002
    199.44648  -4.10354286E+002
    199.57319  -4.10198815E+002
    199.69990  -4.10003516E+002
    199.82661  -4.09768633E+002
    199.95332  -4.09494419E+002
    200.08003  -4.09181129E+002
    200.20674  -4.08829026E+002
    200.33344  -4.08438375E+002
    200.46015  -4.08009449E+002
    200.58686  -4.07542523E+002
    200.71357  -4.07037877E+002
    200.84028  -4.06495798E+002
    200.96699  -4.05916575E+002
    201.09370  -4.05300502E+002
    201.22041  -4.04647877E+002
    201.34712  -4.03959002E+002
    201.47382  -4.03234183E+002
    201.60053  -4.02473731E+002
    201.72724  -4.01677958E+002
    201.85395  -4.00847182E+002
    201.98066  -3.99981723E+002
    202.10737  -3.99081906E+002
    202.23408  -3.98148059E+002
    202.36079  -3.97180510E+002
    202.48750  -3.96179595E+002
    202.61420  -3.95145649E+002
    202.74091  -3.94079012E+002
    202.86762  -3.92980026E+002
    202.99433  -3.91849036E+002
    203.12104  -3.90686389E+002
    203.24775  -3.89492434E+002
    203.37446  -3.88267524E+002
    203.50117  -3.87012014E+002
    203.62788  -3.85726258E+002
    203.75458  -3.84410617E+002
    203.88129  -3.83065450E+002
    204.00800  -3.81691121E+002
    204.13471  -3.80287992E+002
    204.26142  -3.78856430E+002
    204.38813  -3.77396802E+002
    204.51484  -3.75909477E+002
    204.64155  -3.74394825E+002
    204.76826  -3.72853218E+002
    204.89496  -3.71285030E+002
    205.02167  -3.69690633E+002
    205.14838  -3.68070403E+002
    205.27509  -3.66424717E+002
    205.40180  -3.64753951E+002
    205.52851  -3.63058484E+002
    205.65522  -3.61338693E+002
    205.78193  -3.59594959E+002
    205.90864  -3.57827662E+002
    206.03535  -3.56037182E+002
    206.16205  -3.54223900E+002
    206.28876  -3.52388197E+002
    206.41547  -3.50530456E+002
    206.54218  -3.48651058E+002
    206.66889  -3.46750387E+002
    206.79560  -3.44828823E+002
    206.92231  -3.42886750E+002
    207.04902  -3.40924549E+002
    207.17573  -3.38942605E+002
    207.30243  -3.36941298E+002
    207.42914  -3.34921011E+002
    207.55585  -3.32882125E+002
    207.68256  -3.30825023E+002
    207.80927  -3.28750085E+002
    207.93598  -3.26657692E+002
    208.06269  -3.24548225E+002
    208.18940  -3.22422063E+002
    208.31611  -3.20279586E+002
    208.44281  -3.18121171E+002
    208.56952  -3.15947198E+002
    208.69623  -3.13758043E+002
    208.82294  -3.11554082E+002
    208.94965  -3.09335691E+002
    209.07636  -3.07103245E+002
    209.20307  -3.04857117E+002
    209.32978  -3.02597681E+002
    209.45649  -3.00325308E+002
    209.58319  -2.98040368E+002
    209.70990  -2.95743231E+002
    209.83661  -2.93434267E+002
    209.96332  -2.91113841E+002
    210.09003  -2.88782320E+002
    210.21674  -2.86440070E+002
    210.34345  -2.84087452E+002
    210.47016  -2.81724830E+002
    210.59687  -2.79352564E+002
    210.72357  -2.76971014E+002
    210.85028  -2.74580537E+002
    210.97699  -2.72181489E+002
    211.10370  -2.69774227E+002
    211.23041  -2.67359102E+002
    211.35712  -2.64936466E+002
    211.48383  -2.62506671E+002
    211.61054  -2.60070063E+002
    211.73725  -2.57626990E+002
    211.86395  -2.55177797E+002
    211.99066  -2.52722827E+002
    212.11737  -2.50262422E+002
    212.24408  -2.47796921E+002
    212.37079  -2.45326662E+002
    212.49750  -2.42851981E+002
    212.62421  -2.40373212E+002
    212.75092  -2.37890688E+002
    212.87763  -2.35404738E+002
    213.00433  -2.32915691E+002
    213.13104  -2.30423873E+002
    213.25775  -2.27929609E+002
    213.38446  -2.25433219E+002
    213.51117  -2.22935026E+002
    213.63788  -2.20435346E+002
    213.76459  -2.17934496E+002
    213.89130  -2.15432789E+002
    214.01801  -2.12930537E+002
    214.14471  -2.10428049E+002
    214.27142  -2.07925633E+002
    214.39813  -2.05423594E+002
    214.52484  -2.02922235E+002
    214.65155  -2.00421855E+002
    214.77826  -1.97922754E+002
    214.90497  -1.95425227E+002
    215.03168  -1.92929567E+002
    215.15839  -1.90436067E+002
    215.28510  -1.87945014E+002
    215.41180  -1.85456697E+002
    215.53851  -1.82971397E+002
    215.66522  -1.80489399E+002
    215.79193  -1.78010980E+002
    215.91864  -1.75536417E+002
    216.04535  -1.73065986E+002
    216.17206  -1.70599958E+002
    216.29877  -1.68138602E+002
    216.42548  -1.65682185E+002
    216.55218  -1.63230973E+002
    216.67889  -1.60785226E+002
    216.80560  -1.58345204E+002
    216.93231  -1.55911165E+002
    217.05902  -1.53483361E+002
    217.18573  -1.51062045E+002
    217.31244  -1.48647467E+002
    217.43915  -1.46239871E+002
    217.56586  -1.43839503E+002
    217.69256  -1.41446603E+002
    217.81927  -1.39061410E+002
    217.94598  -1.36684159E+002
    218.07269  -1.34315085E+002
    218.19940  -1.31954416E+002
    218.32611  -1.29602383E+002
    218.45282  -1.27259208E+002
    218.57953  -1.24925116E+002
    218.70624  -1.22600325E+002
    218.83294  -1.20285052E+002
    218.95965  -1.17979513E+002
    219.08636  -1.15683917E+002
    219.21307  -1.13398475E+002
    219.33978  -1.11123392E+002
    219.46649  -1.08858871E+002
    219.59320  -1.06605112E+002
    219.71991  -1.04362314E+002
    219.84662  -1.02130671E+002
    219.97332  -9.99103752E+001
    220.10003  -9.77016159E+001
    220.22674  -9.55045796E+001
    220.35345  -9.33194498E+001
    220.48016  -9.11464075E+001
    220.60687  -8.89856305E+001
    220.73358  -8.68372940E+001
    220.86029  -8.47015704E+001
    220.98700  -8.25786291E+001
    221.11370  -8.04686369E+001
    221.24041  -7.83717574E+001
    221.36712  -7.62881516E+001
    221.49383  -7.42179777E+001
    221.62054  -7.21613909E+001
    221.74725  -7.01185436E+001
    221.87396  -6.80895852E+001
    222.00067  -6.60746625E+001
    222.12738  -6.40739194E+001
    222.25408  -6.20874966E+001
    222.38079  -6.01155324E+001
    222.50750  -5.81581619E+001
    222.63421  -5.62155175E+001
    222.76092  -5.42877288E+001
    222.88763  -5.23749222E+001
    223.01434  -5.04772217E+001
    223.14105  -4.85947482E+001
    223.26776  -4.67276196E+001
    223.39446  -4.48759513E+001
    223.52117  -4.30398555E+001
    223.64788  -4.12194418E+001
    223.77459  -3.94148168E+001
    223.90130  -3.76260843E+001
    224.02801  -3.58533454E+001
    224.15472  -3.40966981E+001
    224.28143  -3.23562377E+001
    224.40814  -3.06320568E+001
    224.53484  -2.89242449E+001
    224.66155  -2.72328890E+001
    224.78826  -2.55580730E+001
    224.91497  -2.38998782E+001
    225.04168  -2.22583830E+001
    225.16839  -2.06336630E+001
    225.29510  -1.90257911E+001
    225.42181  -1.74348373E+001
    225.54852  -1.58608689E+001
    225.67523  -1.43039506E+001
    225.80193  -1.27641439E+001
    225.92864  -1.12415081E+001
    226.05535  -9.73609933E+000
    226.18206  -8.24797123E+000
    226.30877  -6.77717465E+000
    226.43548  -5.32375773E+000
    226.56219  -3.88776593E+000
    226.68890  -2.46924201E+000
    226.81561  -1.06822605E+000
    226.94231   3.15244519E-001
    227.06902   1.68113493E+000
    227.19573   3.02941305E+000
    227.32244   4.36004939E+000
    227.44915   5.67301706E+000
    227.57586   6.96829178E+000
    227.70257   8.24585186E+000
    227.82928   9.50567821E+000
    227.95599   1.07477543E+001
    228.08269   1.19720660E+001
    228.20940   1.31786021E+001
    228.33611   1.43673534E+001
    228.46282   1.55383136E+001
    228.58953   1.66914788E+001
    228.71624   1.78268475E+001
    228.84295   1.89444206E+001
    228.96966   2.00442017E+001
    229.09637   2.11261966E+001
    229.22307   2.21904135E+001
    229.34978   2.32368632E+001
    229.47649   2.42655587E+001
    229.60320   2.52765155E+001
    229.72991   2.62697513E+001
    229.85662   2.72452861E+001
    229.98333   2.82031425E+001
    230.11004   2.91433450E+001
    230.23675   3.00659206E+001
    230.36345   3.09708986E+001
    230.49016   3.18583104E+001
    230.61687   3.27281896E+001
    230.74358   3.35805721E+001
    230.87029   3.44154960E+001
    230.99700   3.52330014E+001
    231.12371   3.60331307E+001
    231.25042   3.68159283E+001
    231.37713   3.75814408E+001
    231.50383   3.83297167E+001
    231.63054   3.90608067E+001
    231.75725   3.97747636E+001
    231.88396   4.04716421E+001
    232.01067   4.11514988E+001
    232.13738   4.18143925E+001
    232.26409   4.24603837E+001
    232.39080   4.30895351E+001
    232.51751   4.37019112E+001
    232.64421   4.42975781E+001
    232.77092   4.48766042E+001
    232.89763   4.54390596E+001
    233.02434   4.59850160E+001
    233.15105   4.65145471E+001
    233.27776   4.70277284E+001
    233.40447   4.75246371E+001
    233.53118   4.80053520E+001
    233.65789   4.84699537E+001
    233.78459   4.89185246E+001
    233.91130   4.93511485E+001
    234.03801   4.97679112E+001
    234.16472   5.01688996E+001
    234.29143   5.05542027E+001
    234.41814   5.09239108E+001
    234.54485   5.12781157E+001
    234.67156   5.16169108E+001
    234.79827   5.19403911E+001
    234.92497   5.22486528E+001
    235.05168   5.25417938E+001
    235.17839   5.28199132E+001
    235.30510   5.30831118E+001
    235.43181   5.33314915E+001
    235.55852   5.35651556E+001
    235.68523   5.37842087E+001
    235.81194   5.39887570E+001
    235.93865   5.41789075E+001
    236.06536   5.43547689E+001
    236.19206   5.45164507E+001
    236.31877   5.46640640E+001
    236.44548   5.47977208E+001
    236.57219   5.49175345E+001
    236.69890   5.50236193E+001
    236.82561   5.51160909E+001
    236.95232   5.51950658E+001
    237.07903   5.52606616E+001
    237.20574   5.53129972E+001
    237.33244   5.53521920E+001
    237.45915   5.53783669E+001
    237.58586   5.53916436E+001
    237.71257   5.53921445E+001
    237.83928   5.53799932E+001
    237.96599   5.53553142E+001
    238.09270   5.53182327E+001
    238.21941   5.52688748E+001
    238.34612   5.52073675E+001
    238.47282   5.51338386E+001
    238.59953   5.50484165E+001
    238.72624   5.49512306E+001
    238.85295   5.48424108E+001
    238.97966   5.47220880E+001
    239.10637   5.45903934E+001
    239.23308   5.44474592E+001
    239.35979   5.42934180E+001
    239.48650   5.41284033E+001
    239.61320   5.39525488E+001
    239.73991   5.37659891E+001
    239.86662   5.35688592E+001
    239.99333   5.33612947E+001
    240.12004   5.31434316E+001
    240.24675   5.29154066E+001
    240.37346   5.26773565E+001
    240.50017   5.24294188E+001
    240.62688   5.21717314E+001
    240.75358   5.19044325E+001
    240.88029   5.16276609E+001
    241.00700   5.13415553E+001
    241.13371   5.10462553E+001
    241.26042   5.07419003E+001
    241.38713   5.04286303E+001
    241.51384   5.01065855E+001
    241.64055   4.97759062E+001
    241.76726   4.94367333E+001
    241.89396   4.90892074E+001
    242.02067   4.87334697E+001
    242.14738   4.83696614E+001
    242.27409   4.79979239E+001
    242.40080   4.76183985E+001
    242.52751   4.72312270E+001
    242.65422   4.68365510E+001
    242.78093   4.64345123E+001
    242.90764   4.60252527E+001
    243.03434   4.56089140E+001
    243.16105   4.51856381E+001
    243.28776   4.47555669E+001
    243.41447   4.43188420E+001
    243.54118   4.38756054E+001
    243.66789   4.34259988E+001
    243.79460   4.29701638E+001
    243.92131   4.25082419E+001
    244.04802   4.20403746E+001
    244.17472   4.15667032E+001
    244.30143   4.10873688E+001
    244.42814   4.06025125E+001
    244.55485   4.01122751E+001
    244.68156   3.96167971E+001
    244.80827   3.91162190E+001
    244.93498   3.86106810E+001
    245.06169   3.81003230E+001
    245.18840   3.75852846E+001
    245.31511   3.70657053E+001
    245.44181   3.65417241E+001
    245.56852   3.60134799E+001
    245.69523   3.54811110E+001
    245.82194   3.49447557E+001
    245.94865   3.44045516E+001
    246.07536   3.38606363E+001
    246.20207   3.33131466E+001
    246.32878   3.27622193E+001
    246.45549   3.22079906E+001
    246.58219   3.16505963E+001
    246.70890   3.10901717E+001
    246.83561   3.05268517E+001
    246.96232   2.99607708E+001
    247.08903   2.93920630E+001
    247.21574   2.88208616E+001
    247.34245   2.82472998E+001
    247.46916   2.76715099E+001
    247.59587   2.70936239E+001
    247.72257   2.65137732E+001
    247.84928   2.59320886E+001
    247.97599   2.53487004E+001
    248.10270   2.47637384E+001
    248.22941   2.41773315E+001
    248.35612   2.35896084E+001
    248.48283   2.30006970E+001
    248.60954   2.24107245E+001
    248.73625   2.18198176E+001
    248.86295   2.12281024E+001
    248.98966   2.06357042E+001
    249.11637   2.00427477E+001
    249.24308   1.94493570E+001
    249.36979   1.88556555E+001
    249.49650   1.82617657E+001
    249.62321   1.76678097E+001
    249.74992   1.70739088E+001
    249.87663   1.64801835E+001
    250.00333   1.58867536E+001
    250.13004   1.52937382E+001
    250.25675   1.47012557E+001
    250.38346   1.41094235E+001
    250.51017   1.35183587E+001
    250.63688   1.29281772E+001
    250.76359   1.23389943E+001
    250.89030   1.17509245E+001
    251.01701   1.11640816E+001
    251.14371   1.05785784E+001
    251.27042   9.99452705E+000
    251.39713   9.41203885E+000
    251.52384   8.83122427E+000
    251.65055   8.25219295E+000
    251.77726   7.67505371E+000
    251.90397   7.09991453E+000
    252.03068   6.52688253E+000
    252.15739   5.95606398E+000
    252.28409   5.38756432E+000
    252.41080   4.82148808E+000
    252.53751   4.25793897E+000
    252.66422   3.69701979E+000
    252.79093   3.13883248E+000
    252.91764   2.58347807E+000
    253.04435   2.03105673E+000
    253.17106   1.48166772E+000
    253.29777   9.35409404E-001
    253.42447   3.92379229E-001
    253.55118  -1.47326251E-001
    253.67789  -6.83611402E-001
    253.80460  -1.21638151E+000
    253.93131  -1.74554277E+000
    254.05802  -2.27100231E+000
    254.18473  -2.79266821E+000
    254.31144  -3.31044943E+000
    254.43815  -3.82425592E+000
    254.56485  -4.33399854E+000
    254.69156  -4.83958910E+000
    254.81827  -5.34094035E+000
    254.94498  -5.83796600E+000
    255.07169  -6.33058070E+000
    255.19840  -6.81870007E+000
    255.32511  -7.30224067E+000
    255.45182  -7.78112002E+000
    255.57853  -8.25525661E+000
    255.70524  -8.72456991E+000
    255.83194  -9.18898031E+000
    255.95865  -9.64840922E+000
    256.08536  -1.01027790E+001
    256.21207  -1.05520129E+001
    256.33878  -1.09960354E+001
    256.46549  -1.14347715E+001
    256.59220  -1.18681477E+001
    256.71891  -1.22960912E+001
    256.84562  -1.27185300E+001
    256.97232  -1.31353936E+001
    257.09903  -1.35466119E+001
    257.22574  -1.39521161E+001
    257.35245  -1.43518385E+001
    257.47916  -1.47457120E+001
    257.60587  -1.51336708E+001
    257.73258  -1.55156500E+001
    257.85929  -1.58915856E+001
    257.98600  -1.62614147E+001
    258.11270  -1.66250754E+001
    258.23941  -1.69825065E+001
    258.36612  -1.73336482E+001
    258.49283  -1.76784414E+001
    258.61954  -1.80168281E+001
    258.74625  -1.83487513E+001
    258.87296  -1.86741548E+001
    258.99967  -1.89929836E+001
    259.12638  -1.93051836E+001
    259.25308  -1.96107017E+001
    259.37979  -1.99094858E+001
    259.50650  -2.02014846E+001
    259.63321  -2.04866480E+001
    259.75992  -2.07649268E+001
    259.88663  -2.10362728E+001
    260.01334  -2.13006387E+001
    260.14005  -2.15579783E+001
    260.26676  -2.18082462E+001
    260.39346  -2.20513981E+001
    260.52017  -2.22873906E+001
    260.64688  -2.25161813E+001
    260.77359  -2.27377289E+001
    260.90030  -2.29519927E+001
    261.02701  -2.31589334E+001
    261.15372  -2.33585124E+001
    261.28043  -2.35506920E+001
    261.40714  -2.37354357E+001
    261.53384  -2.39127077E+001
    261.66055  -2.40824734E+001
    261.78726  -2.42446989E+001
    261.91397  -2.43993515E+001
    262.04068  -2.45463992E+001
    262.16739  -2.46858110E+001
    262.29410  -2.48175571E+001
    262.42081  -2.49416082E+001
    262.54752  -2.50579363E+001
    262.67422  -2.51665141E+001
    262.80093  -2.52673155E+001
    262.92764  -2.53603149E+001
    263.05435  -2.54454880E+001
    263.18106  -2.55228113E+001
    263.30777  -2.55922622E+001
    263.43448  -2.56538189E+001
    263.56119  -2.57074608E+001
    263.68790  -2.57531679E+001
    263.81460  -2.57909213E+001
    263.94131  -2.58207029E+001
    264.06802  -2.58424955E+001
    264.19473  -2.58562829E+001
    264.32144  -2.58620497E+001
    264.44815  -2.58597813E+001
    264.57486  -2.58494641E+001
    264.70157  -2.58310855E+001
    264.82828  -2.58046335E+001
    264.95498  -2.57700971E+001
    265.08169  -2.57274661E+001
    265.20840  -2.56767315E+001
    265.33511  -2.56178846E+001
    265.46182  -2.55509179E+001
    265.58853  -2.54758248E+001
    265.71524  -2.53925994E+001
    265.84195  -2.53012366E+001
    265.96866  -2.52017323E+001
    266.09537  -2.50940831E+001
    266.22207  -2.49782865E+001
    266.34878  -2.48543408E+001
    266.47549  -2.47222451E+001
    266.60220  -2.45819995E+001
    266.72891  -2.44336045E+001
    266.85562  -2.42770618E+001
    266.98233  -2.41123738E+001
    267.10904  -2.39395436E+001
    267.23575  -2.37585752E+001
    267.36245  -2.35694733E+001
    267.48916  -2.33722434E+001
    267.61587  -2.31668918E+001
    267.74258  -2.29534257E+001
    267.86929  -2.27318529E+001
    267.99600  -2.25021819E+001
    268.12271  -2.22644222E+001
    268.24942  -2.20185839E+001
    268.37613  -2.17646779E+001
    268.50283  -2.15027157E+001
    268.62954  -2.12327098E+001
    268.75625  -2.09546733E+001
    268.88296  -2.06686200E+001
    269.00967  -2.03745644E+001
    269.13638  -2.00725218E+001
    269.26309  -1.97625082E+001
    269.38980  -1.94445403E+001
    269.51651  -1.91186355E+001
    269.64321  -1.87848118E+001
    269.76992  -1.84430882E+001
    269.89663  -1.80934840E+001
    270.02334  -1.77360195E+001
    270.15005  -1.73707154E+001
    270.27676  -1.69975932E+001
    270.40347  -1.66166753E+001
    270.53018  -1.62279843E+001
    270.65689  -1.58315438E+001
    270.78359  -1.54273779E+001
    270.91030  -1.50155114E+001
    271.03701  -1.45959697E+001
    271.16372  -1.41687790E+001
    271.29043  -1.37339658E+001
    271.41714  -1.32915575E+001
    271.54385  -1.28415820E+001
    271.67056  -1.23840679E+001
    271.79727  -1.19190443E+001
    271.92397  -1.14465409E+001
    272.05068  -1.09665880E+001
    272.17739  -1.04792167E+001
    272.30410  -9.98445832E+000
    272.43081  -9.48234505E+000
    272.55752  -8.97290950E+000
    272.68423  -8.45618489E+000
    272.81094  -7.93220500E+000
    272.93765  -7.40100416E+000
    273.06435  -6.86261724E+000
    273.19106  -6.31707966E+000
    273.31777  -5.76442738E+000
    273.44448  -5.20469688E+000
    273.57119  -4.63792516E+000
    273.69790  -4.06414976E+000
    273.82461  -3.48340871E+000
    273.95132  -2.89574056E+000
    274.07803  -2.30118434E+000
    274.20473  -1.69977960E+000
    274.33144  -1.09156637E+000
    274.45815  -4.76585158E-001
    274.58486   1.45123053E-001
    274.71157   7.73516805E-001
    274.83828   1.40855417E+000
    274.96499   2.05019278E+000
    275.09170   2.69838979E+000
    275.21841   3.35310193E+000
    275.34512   4.01428547E+000
    275.47182   4.68189626E+000
    275.59853   5.35588972E+000
    275.72524   6.03622083E+000
    275.85195   6.72284418E+000
    275.97866   7.41571394E+000
    276.10537   8.11478386E+000
    276.23208   8.82000731E+000
    276.35879   9.53133726E+000
    276.48550   1.02487263E+001
    276.61220   1.09721266E+001
    276.73891   1.17014900E+001
    276.86562   1.24367681E+001
    276.99233   1.31779118E+001
    277.11904   1.39248719E+001
    277.24575   1.46775988E+001
    277.37246   1.54360426E+001
    277.49917   1.62001529E+001
    277.62588   1.69698792E+001
    277.75258   1.77451705E+001
    277.87929   1.85259755E+001
    278.00600   1.93122427E+001
    278.13271   2.01039201E+001
    278.25942   2.09009556E+001
    278.38613   2.17032966E+001
    278.51284   2.25108904E+001
    278.63955   2.33236839E+001
    278.76626   2.41416238E+001
    278.89296   2.49646565E+001
    279.01967   2.57927280E+001
    279.14638   2.66257843E+001
    279.27309   2.74637709E+001
    279.39980   2.83066331E+001
    279.52651   2.91543162E+001
    279.65322   3.00067649E+001
    279.77993   3.08639240E+001
    279.90664   3.17257377E+001
    280.03334   3.25921504E+001
    280.16005   3.34631060E+001
    280.28676   3.43385482E+001
    280.41347   3.52184207E+001
    280.54018   3.61026669E+001
    280.66689   3.69912298E+001
    280.79360   3.78840526E+001
    280.92031   3.87810780E+001
    281.04702   3.96822488E+001
    281.17372   4.05875073E+001
    281.30043   4.14967959E+001
    281.42714   4.24100567E+001
    281.55385   4.33272319E+001
    281.68056   4.42482632E+001
    281.80727   4.51730924E+001
    281.93398   4.61016611E+001
    282.06069   4.70339108E+001
    282.18740   4.79697828E+001
    282.31410   4.89092183E+001
    282.44081   4.98521585E+001
    282.56752   5.07985444E+001
    282.69423   5.17483169E+001
    282.82094   5.27014168E+001
    282.94765   5.36577849E+001
    283.07436   5.46173619E+001
    283.20107   5.55800882E+001
    283.32778   5.65459044E+001
    283.45448   5.75147509E+001
    283.58119   5.84865681E+001
    283.70790   5.94612963E+001
    283.83461   6.04388758E+001
    283.96132   6.14192468E+001
    284.08803   6.24023495E+001
    284.21474   6.33881240E+001
    284.34145   6.43765104E+001
    284.46816   6.53674488E+001
    284.59486   6.63608793E+001
    284.72157   6.73567419E+001
    284.84828   6.83549767E+001
    284.97499   6.93555237E+001
    285.10170   7.03583229E+001
    285.22841   7.13633145E+001
    285.35512   7.23704384E+001
    285.48183   7.33796347E+001
    285.60854   7.43908435E+001
    285.73525   7.54040050E+001
    285.86195   7.64190592E+001
    285.98866   7.74359464E+001
    286.11537   7.84546067E+001
    286.24208   7.94749805E+001
    286.36879   8.04970080E+001
    286.49550   8.15206297E+001
    286.62221   8.25457859E+001
    286.74892   8.35724171E+001
    286.87563   8.46004640E+001
    287.00233   8.56298671E+001
    287.12904   8.66605672E+001
    287.25575   8.76925050E+001
    287.38246   8.87256214E+001
    287.50917   8.97598574E+001
    287.63588   9.07951541E+001
    287.76259   9.18314526E+001
    287.88930   9.28686942E+001
    288.01601   9.39068202E+001
    288.14271   9.49457722E+001
    288.26942   9.59854918E+001
    288.39613   9.70259208E+001
    288.52284   9.80670008E+001
    288.64955   9.91086740E+001
    288.77626   1.00150882E+002
    288.90297   1.01193568E+002
    289.02968   1.02236674E+002
    289.15639   1.03280143E+002
    289.28309   1.04323916E+002
    289.40980   1.05367938E+002
    289.53651   1.06412150E+002
    289.66322   1.07456497E+002
    289.78993   1.08500921E+002
    289.91664   1.09545367E+002
    290.04335   1.10589777E+002
    290.17006   1.11634095E+002
    290.29677   1.12678267E+002
    290.42347   1.13722235E+002
    290.55018   1.14765944E+002
    290.67689   1.15809339E+002
    290.80360   1.16852365E+002
    290.93031   1.17894966E+002
    291.05702   1.18937088E+002
    291.18373   1.19978677E+002
    291.31044   1.21019677E+002
    291.43715   1.22060035E+002
    291.56385   1.23099697E+002
    291.69056   1.24138609E+002
    291.81727   1.25176717E+002
    291.94398   1.26213968E+002
    292.07069   1.27250309E+002
    292.19740   1.28285688E+002
    292.32411   1.29320052E+002
    292.45082   1.30353347E+002
    292.57753   1.31385523E+002
    292.70423   1.32416528E+002
    292.83094   1.33446309E+002
    292.95765   1.34474815E+002
    293.08436   1.35501996E+002
    293.21107   1.36527800E+002
    293.33778   1.37552177E+002
    293.46449   1.38575076E+002
    293.59120   1.39596448E+002
    293.71791   1.40616242E+002
    293.84461   1.41634409E+002
    293.97132   1.42650900E+002
    294.09803   1.43665665E+002
    294.22474   1.44678657E+002
    294.35145   1.45689826E+002
    294.47816   1.46699124E+002
    294.60487   1.47706504E+002
    294.73158   1.48711918E+002
    294.85829   1.49715319E+002
    294.98499   1.50716659E+002
    295.11170   1.51715892E+002
    295.23841   1.52712972E+002
    295.36512   1.53707852E+002
    295.49183   1.54700487E+002
    295.61854   1.55690831E+002
    295.74525   1.56678838E+002
    295.87196   1.57664465E+002
    295.99867   1.58647666E+002
    296.12538   1.59628396E+002
    296.25208   1.60606613E+002
    296.37879   1.61582273E+002
    296.50550   1.62555331E+002
    296.63221   1.63525746E+002
    296.75892   1.64493474E+002
    296.88563   1.65458473E+002
    297.01234   1.66420700E+002
    297.13905   1.67380115E+002
    297.26576   1.68336676E+002
    297.39246   1.69290341E+002
    297.51917   1.70241070E+002
    297.64588   1.71188822E+002
    297.77259   1.72133558E+002
    297.89930   1.73075238E+002
    298.02601   1.74013821E+002
    298.15272   1.74949270E+002
    298.27943   1.75881545E+002
    298.40614   1.76810608E+002
    298.53284   1.77736420E+002
    298.65955   1.78658945E+002
    298.78626   1.79578145E+002
    298.91297   1.80493982E+002
    299.03968   1.81406420E+002
    299.16639   1.82315422E+002
    299.29310   1.83220953E+002
    299.41981   1.84122977E+002
    299.54652   1.85021458E+002
    299.67322   1.85916362E+002
    299.79993   1.86807654E+002
    299.92664   1.87695300E+002
    300.05335   1.88579265E+002
    300.18006   1.89459517E+002
    300.30677   1.90336022E+002
    300.43348   1.91208746E+002
    300.56019   1.92077658E+002
    300.68690   1.92942726E+002
    300.81360   1.93803917E+002
    300.94031   1.94661201E+002
    301.06702   1.95514545E+002
    301.19373   1.96363920E+002
    301.32044   1.97209295E+002
    301.44715   1.98050639E+002
    301.57386   1.98887924E+002
    301.70057   1.99721121E+002
    301.82728   2.00550199E+002
    301.95398   2.01375130E+002
    302.08069   2.02195887E+002
    302.20740   2.03012441E+002
    302.33411   2.03824765E+002
    302.46082   2.04632832E+002
    302.58753   2.05436614E+002
    302.71424   2.06236086E+002
    302.84095   2.07031222E+002
    302.96766   2.07821995E+002
    303.09436   2.08608381E+002
    303.22107   2.09390353E+002
    303.34778   2.10167889E+002
    303.47449   2.10940963E+002
    303.60120   2.11709552E+002
    303.72791   2.12473631E+002
    303.85462   2.13233178E+002
    303.98133   2.13988170E+002
    304.10804   2.14738585E+002
    304.23474   2.15484400E+002
    304.36145   2.16225593E+002
    304.48816   2.16962144E+002
    304.61487   2.17694031E+002
    304.74158   2.18421233E+002
    304.86829   2.19143730E+002
    304.99500   2.19861502E+002
    305.12171   2.20574529E+002
    305.24842   2.21282793E+002
    305.37513   2.21986274E+002
    305.50183   2.22684953E+002
    305.62854   2.23378813E+002
    305.75525   2.24067836E+002
    305.88196   2.24752003E+002
    306.00867   2.25431299E+002
    306.13538   2.26105705E+002
    306.26209   2.26775206E+002
    306.38880   2.27439786E+002
    306.51551   2.28099428E+002
    306.64221   2.28754118E+002
    306.76892   2.29403840E+002
    306.89563   2.30048579E+002
    307.02234   2.30688322E+002
    307.14905   2.31323053E+002
    307.27576   2.31952760E+002
    307.40247   2.32577429E+002
    307.52918   2.33197047E+002
    307.65589   2.33811601E+002
    307.78259   2.34421079E+002
    307.90930   2.35025469E+002
    308.03601   2.35624760E+002
    308.16272   2.36218939E+002
    308.28943   2.36807996E+002
    308.41614   2.37391921E+002
    308.54285   2.37970703E+002
    308.66956   2.38544331E+002
    308.79627   2.39112797E+002
    308.92297   2.39676091E+002
    309.04968   2.40234204E+002
    309.17639   2.40787127E+002
    309.30310   2.41334852E+002
    309.42981   2.41877371E+002
    309.55652   2.42414676E+002
    309.68323   2.42946760E+002
    309.80994   2.43473615E+002
    309.93665   2.43995235E+002
    310.06335   2.44511614E+002
    310.19006   2.45022745E+002
    310.31677   2.45528623E+002
    310.44348   2.46029242E+002
    310.57019   2.46524596E+002
    310.69690   2.47014682E+002
    310.82361   2.47499493E+002
    310.95032   2.47979027E+002
    311.07703   2.48453280E+002
    311.20373   2.48922246E+002
    311.33044   2.49385924E+002
    311.45715   2.49844310E+002
    311.58386   2.50297401E+002
    311.71057   2.50745195E+002
    311.83728   2.51187690E+002
    311.96399   2.51624884E+002
    312.09070   2.52056775E+002
    312.21741   2.52483362E+002
    312.34411   2.52904645E+002
    312.47082   2.53320621E+002
    312.59753   2.53731292E+002
    312.72424   2.54136656E+002
    312.85095   2.54536714E+002
    312.97766   2.54931467E+002
    313.10437   2.55320914E+002
    313.23108   2.55705058E+002
    313.35779   2.56083899E+002
    313.48449   2.56457439E+002
    313.61120   2.56825680E+002
    313.73791   2.57188623E+002
    313.86462   2.57546272E+002
    313.99133   2.57898628E+002
    314.11804   2.58245696E+002
    314.24475   2.58587476E+002
    314.37146   2.58923975E+002
    314.49817   2.59255194E+002
    314.62487   2.59581137E+002
    314.75158   2.59901810E+002
    314.87829   2.60217217E+002
    315.00500   2.60527361E+002
    315.13171   2.60832249E+002
    315.25842   2.61131885E+002
    315.38513   2.61426274E+002
    315.51184   2.61715424E+002
    315.63855   2.61999338E+002
    315.76526   2.62278024E+002
    315.89196   2.62551488E+002
    316.01867   2.62819737E+002
    316.14538   2.63082777E+002
    316.27209   2.63340616E+002
    316.39880   2.63593261E+002
    316.52551   2.63840720E+002
    316.65222   2.64082999E+002
    316.77893   2.64320109E+002
    316.90564   2.64552056E+002
    317.03234   2.64778849E+002
    317.15905   2.65000497E+002
    317.28576   2.65217009E+002
    317.41247   2.65428394E+002
    317.53918   2.65634662E+002
    317.66589   2.65835821E+002
    317.79260   2.66031882E+002
    317.91931   2.66222855E+002
    318.04602   2.66408749E+002
    318.17272   2.66589576E+002
    318.29943   2.66765346E+002
    318.42614   2.66936070E+002
    318.55285   2.67101758E+002
    318.67956   2.67262422E+002
    318.80627   2.67418074E+002
    318.93298   2.67568725E+002
    319.05969   2.67714386E+002
    319.18640   2.67855070E+002
    319.31310   2.67990789E+002
    319.43981   2.68121555E+002
    319.56652   2.68247382E+002
    319.69323   2.68368280E+002
    319.81994   2.68484264E+002
    319.94665   2.68595347E+002
    320.07336   2.68701541E+002
    320.20007   2.68802860E+002
    320.32678   2.68899318E+002
    320.45348   2.68990929E+002
    320.58019   2.69077706E+002
    320.70690   2.69159663E+002
    320.83361   2.69236816E+002
    320.96032   2.69309178E+002
    321.08703   2.69376763E+002
    321.21374   2.69439587E+002
    321.34045   2.69497665E+002
    321.46716   2.69551011E+002
    321.59386   2.69599641E+002
    321.72057   2.69643570E+002
    321.84728   2.69682813E+002
    321.97399   2.69717387E+002
    322.10070   2.69747307E+002
    322.22741   2.69772589E+002
    322.35412   2.69793249E+002
    322.48083   2.69809303E+002
    322.60754   2.69820768E+002
    322.73424   2.69827660E+002
    322.86095   2.69829996E+002
    322.98766   2.69827793E+002
    323.11437   2.69821067E+002
    323.24108   2.69809835E+002
    323.36779   2.69794115E+002
    323.49450   2.69773924E+002
    323.62121   2.69749279E+002
    323.74792   2.69720198E+002
    323.87462   2.69686698E+002
    324.00133   2.69648797E+002
    324.12804   2.69606514E+002
    324.25475   2.69559865E+002
    324.38146   2.69508869E+002
    324.50817   2.69453545E+002
    324.63488   2.69393910E+002
    324.76159   2.69329983E+002
    324.88830   2.69261782E+002
    325.01501   2.69189327E+002
    325.14171   2.69112635E+002
    325.26842   2.69031725E+002
    325.39513   2.68946617E+002
    325.52184   2.68857330E+002
    325.64855   2.68763882E+002
    325.77526   2.68666293E+002
    325.90197   2.68564581E+002
    326.02868   2.68458767E+002
    326.15539   2.68348870E+002
    326.28209   2.68234909E+002
    326.40880   2.68116904E+002
    326.53551   2.67994874E+002
    326.66222   2.67868840E+002
    326.78893   2.67738821E+002
    326.91564   2.67604837E+002
    327.04235   2.67466908E+002
    327.16906   2.67325054E+002
    327.29577   2.67179295E+002
    327.42247   2.67029652E+002
    327.54918   2.66876145E+002
    327.67589   2.66718794E+002
    327.80260   2.66557619E+002
    327.92931   2.66392641E+002
    328.05602   2.66223881E+002
    328.18273   2.66051358E+002
    328.30944   2.65875095E+002
    328.43615   2.65695110E+002
    328.56285   2.65511426E+002
    328.68956   2.65324063E+002
    328.81627   2.65133041E+002
    328.94298   2.64938382E+002
    329.06969   2.64740107E+002
    329.19640   2.64538236E+002
    329.32311   2.64332790E+002
    329.44982   2.64123792E+002
    329.57653   2.63911261E+002
    329.70323   2.63695219E+002
    329.82994   2.63475687E+002
    329.95665   2.63252687E+002
    330.08336   2.63026239E+002
    330.21007   2.62796365E+002
    330.33678   2.62563087E+002
    330.46349   2.62326425E+002
    330.59020   2.62086401E+002
    330.71691   2.61843036E+002
    330.84361   2.61596353E+002
    330.97032   2.61346371E+002
    331.09703   2.61093114E+002
    331.22374   2.60836602E+002
    331.35045   2.60576857E+002
    331.47716   2.60313901E+002
    331.60387   2.60047754E+002
    331.73058   2.59778439E+002
    331.85729   2.59505978E+002
    331.98399   2.59230391E+002
    332.11070   2.58951701E+002
    332.23741   2.58669929E+002
    332.36412   2.58385097E+002
    332.49083   2.58097226E+002
    332.61754   2.57806338E+002
    332.74425   2.57512456E+002
    332.87096   2.57215600E+002
    332.99767   2.56915792E+002
    333.12437   2.56613054E+002
    333.25108   2.56307407E+002
    333.37779   2.55998874E+002
    333.50450   2.55687476E+002
    333.63121   2.55373234E+002
    333.75792   2.55056171E+002
    333.88463   2.54736308E+002
    334.01134   2.54413667E+002
    334.13805   2.54088269E+002
    334.26475   2.53760136E+002
    334.39146   2.53429289E+002
    334.51817   2.53095751E+002
    334.64488   2.52759543E+002
    334.77159   2.52420687E+002
    334.89830   2.52079203E+002
    335.02501   2.51735114E+002
    335.15172   2.51388442E+002
    335.27843   2.51039207E+002
    335.40514   2.50687432E+002
    335.53184   2.50333137E+002
    335.65855   2.49976345E+002
    335.78526   2.49617077E+002
    335.91197   2.49255354E+002
    336.03868   2.48891197E+002
    336.16539   2.48524629E+002
    336.29210   2.48155670E+002
    336.41881   2.47784342E+002
    336.54552   2.47410666E+002
    336.67222   2.47034664E+002
    336.79893   2.46656356E+002
    336.92564   2.46275763E+002
    337.05235   2.45892908E+002
    337.17906   2.45507811E+002
    337.30577   2.45120494E+002
    337.43248   2.44730977E+002
    337.55919   2.44339281E+002
    337.68590   2.43945428E+002
    337.81260   2.43549438E+002
    337.93931   2.43151333E+002
    338.06602   2.42751133E+002
    338.19273   2.42348859E+002
    338.31944   2.41944533E+002
    338.44615   2.41538174E+002
    338.57286   2.41129803E+002
    338.69957   2.40719442E+002
    338.82628   2.40307111E+002
    338.95298   2.39892831E+002
    339.07969   2.39476621E+002
    339.20640   2.39058503E+002
    339.33311   2.38638497E+002
    339.45982   2.38216624E+002
    339.58653   2.37792903E+002
    339.71324   2.37367356E+002
    339.83995   2.36940002E+002
    339.96666   2.36510861E+002
    340.09336   2.36079955E+002
    340.22007   2.35647303E+002
    340.34678   2.35212924E+002
    340.47349   2.34776840E+002
    340.60020   2.34339070E+002
    340.72691   2.33899633E+002
    340.85362   2.33458551E+002
    340.98033   2.33015842E+002
    341.10704   2.32571526E+002
    341.23374   2.32125623E+002
    341.36045   2.31678153E+002
    341.48716   2.31229136E+002
    341.61387   2.30778589E+002
    341.74058   2.30326534E+002
    341.86729   2.29872990E+002
    341.99400   2.29417975E+002
    342.12071   2.28961509E+002
    342.24742   2.28503612E+002
    342.37412   2.28044302E+002
    342.50083   2.27583598E+002
    342.62754   2.27121520E+002
    342.75425   2.26658086E+002
    342.88096   2.26193316E+002
    343.00767   2.25727228E+002
    343.13438   2.25259841E+002
    343.26109   2.24791173E+002
    343.38780   2.24321244E+002
    343.51450   2.23850071E+002
    343.64121   2.23377673E+002
    343.76792   2.22904069E+002
    343.89463   2.22429277E+002
    344.02134   2.21953315E+002
    344.14805   2.21476202E+002
    344.27476   2.20997955E+002
    344.40147   2.20518593E+002
    344.52818   2.20038133E+002
    344.65488   2.19556594E+002
    344.78159   2.19073994E+002
    344.90830   2.18590349E+002
    345.03501   2.18105679E+002
    345.16172   2.17620000E+002
    345.28843   2.17133330E+002
    345.41514   2.16645686E+002
    345.54185   2.16157087E+002
    345.66856   2.15667549E+002
    345.79527   2.15177089E+002
    345.92197   2.14685726E+002
    346.04868   2.14193475E+002
    346.17539   2.13700354E+002
    346.30210   2.13206380E+002
    346.42881   2.12711569E+002
    346.55552   2.12215940E+002
    346.68223   2.11719507E+002
    346.80894   2.11222289E+002
    346.93565   2.10724301E+002
    347.06235   2.10225561E+002
    347.18906   2.09726084E+002
    347.31577   2.09225886E+002
    347.44248   2.08724985E+002
    347.56919   2.08223396E+002
    347.69590   2.07721136E+002
    347.82261   2.07218220E+002
    347.94932   2.06714664E+002
    348.07603   2.06210485E+002
    348.20273   2.05705698E+002
    348.32944   2.05200319E+002
    348.45615   2.04694363E+002
    348.58286   2.04187846E+002
    348.70957   2.03680784E+002
    348.83628   2.03173192E+002
    348.96299   2.02665085E+002
    349.08970   2.02156478E+002
    349.21641   2.01647387E+002
    349.34311   2.01137827E+002
    349.46982   2.00627813E+002
    349.59653   2.00117359E+002
    349.72324   1.99606480E+002
    349.84995   1.99095192E+002
    349.97666   1.98583509E+002
    350.10337   1.98071445E+002
    350.23008   1.97559016E+002
    350.35679   1.97046234E+002
    350.48349   1.96533116E+002
    350.61020   1.96019674E+002
    350.73691   1.95505924E+002
    350.86362   1.94991879E+002
    350.99033   1.94477554E+002
    351.11704   1.93962962E+002
    351.24375   1.93448117E+002
    351.37046   1.92933033E+002
    351.49717   1.92417724E+002
    351.62387   1.91902203E+002
    351.75058   1.91386483E+002
    351.87729   1.90870579E+002
    352.00400   1.90354504E+002
    352.13071   1.89838270E+002
    352.25742   1.89321892E+002
    352.38413   1.88805381E+002
    352.51084   1.88288752E+002
    352.63755   1.87772017E+002
    352.76425   1.87255190E+002
    352.89096   1.86738282E+002
    353.01767   1.86221307E+002
    353.14438   1.85704276E+002
    353.27109   1.85187204E+002
    353.39780   1.84670102E+002
    353.52451   1.84152982E+002
    353.65122   1.83635858E+002
    353.77793   1.83118740E+002
    353.90463   1.82601642E+002
    354.03134   1.82084575E+002
    354.15805   1.81567551E+002
    354.28476   1.81050582E+002
    354.41147   1.80533681E+002
    354.53818   1.80016858E+002
    354.66489   1.79500125E+002
    354.79160   1.78983495E+002
    354.91831   1.78466978E+002
    355.04502   1.77950585E+002
    355.17172   1.77434329E+002
    355.29843   1.76918220E+002
    355.42514   1.76402270E+002
    355.55185   1.75886489E+002
    355.67856   1.75370889E+002
    355.80527   1.74855480E+002
    355.93198   1.74340274E+002
    356.05869   1.73825281E+002
    356.18540   1.73310512E+002
    356.31210   1.72795977E+002
    356.43881   1.72281687E+002
    356.56552   1.71767653E+002
    356.69223   1.71253884E+002
    356.81894   1.70740391E+002
    356.94565   1.70227184E+002
    357.07236   1.69714274E+002
    357.19907   1.69201670E+002
    357.32578   1.68689383E+002
    357.45248   1.68177422E+002
    357.57919   1.67665797E+002
    357.70590   1.67154517E+002
    357.83261   1.66643593E+002
    357.95932   1.66133034E+002
    358.08603   1.65622850E+002
    358.21274   1.65113049E+002
    358.33945   1.64603642E+002
    358.46616   1.64094637E+002
    358.59286   1.63586044E+002
    358.71957   1.63077872E+002
    358.84628   1.62570130E+002
    358.97299   1.62062826E+002
    359.09970   1.61555971E+002
    359.22641   1.61049571E+002
    359.35312   1.60543637E+002
    359.47983   1.60038177E+002
    359.60654   1.59533200E+002
    359.73324   1.59028713E+002
    359.85995   1.58524726E+002
    359.98666   1.58021246E+002
    360.11337   1.57518283E+002
    360.24008   1.57015844E+002
    360.36679   1.56513937E+002
    360.49350   1.56012571E+002
    360.62021   1.55511753E+002
    360.74692   1.55011491E+002
    360.87362   1.54511794E+002
    361.00033   1.54012668E+002
    361.12704   1.53514123E+002
    361.25375   1.53016164E+002
    361.38046   1.52518800E+002
    361.50717   1.52022039E+002
    361.63388   1.51525887E+002
    361.76059   1.51030352E+002
    361.88730   1.50535442E+002
    362.01400   1.50041163E+002
    362.14071   1.49547523E+002
    362.26742   1.49054528E+002
    362.39413   1.48562186E+002
    362.52084   1.48070503E+002
    362.64755   1.47579487E+002
    362.77426   1.47089144E+002
    362.90097   1.46599480E+002
    363.02768   1.46110504E+002
    363.15438   1.45622220E+002
    363.28109   1.45134636E+002
    363.40780   1.44647757E+002
    363.53451   1.44161591E+002
    363.66122   1.43676144E+002
    363.78793   1.43191421E+002
    363.91464   1.42707430E+002
    364.04135   1.42224175E+002
    364.16806   1.41741664E+002
    364.29476   1.41259902E+002
    364.42147   1.40778894E+002
    364.54818   1.40298648E+002
    364.67489   1.39819168E+002
    364.80160   1.39340460E+002
    364.92831   1.38862530E+002
    365.05502   1.38385384E+002
    365.18173   1.37909026E+002
    365.30844   1.37433463E+002
    365.43515   1.36958699E+002
    365.56185   1.36484741E+002
    365.68856   1.36011593E+002
    365.81527   1.35539260E+002
    365.94198   1.35067748E+002
    366.06869   1.34597062E+002
    366.19540   1.34127206E+002
    366.32211   1.33658186E+002
    366.44882   1.33190007E+002
    366.57553   1.32722673E+002
    366.70223   1.32256188E+002
    366.82894   1.31790559E+002
    366.95565   1.31325789E+002
    367.08236   1.30861883E+002
    367.20907   1.30398845E+002
    367.33578   1.29936680E+002
    367.46249   1.29475393E+002
    367.58920   1.29014987E+002
    367.71591   1.28555467E+002
    367.84261   1.28096837E+002
    367.96932   1.27639102E+002
    368.09603   1.27182265E+002
    368.22274   1.26726330E+002
    368.34945   1.26271302E+002
    368.47616   1.25817184E+002
    368.60287   1.25363981E+002
    368.72958   1.24911695E+002
    368.85629   1.24460332E+002
    368.98299   1.24009893E+002
    369.10970   1.23560385E+002
    369.23641   1.23111808E+002
    369.36312   1.22664169E+002
    369.48983   1.22217469E+002
    369.61654   1.21771712E+002
    369.74325   1.21326902E+002
    369.86996   1.20883042E+002
    369.99667   1.20440135E+002
    370.12337   1.19998184E+002
    370.25008   1.19557194E+002
    370.37679   1.19117166E+002
    370.50350   1.18678104E+002
    370.63021   1.18240010E+002
    370.75692   1.17802889E+002
    370.88363   1.17366742E+002
    371.01034   1.16931573E+002
    371.13705   1.16497384E+002
    371.26375   1.16064178E+002
    371.39046   1.15631958E+002
    371.51717   1.15200727E+002
    371.64388   1.14770487E+002
    371.77059   1.14341240E+002
    371.89730   1.13912990E+002
    372.02401   1.13485738E+002
    372.15072   1.13059488E+002
    372.27743   1.12634241E+002
    372.40413   1.12210000E+002
    372.53084   1.11786767E+002
    372.65755   1.11364544E+002
    372.78426   1.10943333E+002
    372.91097   1.10523138E+002
    373.03768   1.10103958E+002
    373.16439   1.09685798E+002
    373.29110   1.09268659E+002
    373.41781   1.08852542E+002
    373.54451   1.08437450E+002
    373.67122   1.08023384E+002
    373.79793   1.07610346E+002
    373.92464   1.07198339E+002
    374.05135   1.06787364E+002
    374.17806   1.06377422E+002
    374.30477   1.05968515E+002
    374.43148   1.05560645E+002
    374.55819   1.05153813E+002
    374.68489   1.04748021E+002
    374.81160   1.04343270E+002
    374.93831   1.03939563E+002
    375.06502   1.03536899E+002
    375.19173   1.03135281E+002
    375.31844   1.02734710E+002
    375.44515   1.02335186E+002
    375.57186   1.01936713E+002
    375.69857   1.01539289E+002
    375.82528   1.01142918E+002
    375.95198   1.00747599E+002
    376.07869   1.00353334E+002
    376.20540   9.99601236E+001
    376.33211   9.95679695E+001
    376.45882   9.91768722E+001
    376.58553   9.87868327E+001
    376.71224   9.83978519E+001
    376.83895   9.80099306E+001
    376.96566   9.76230697E+001
    377.09236   9.72372698E+001
    377.21907   9.68525319E+001
    377.34578   9.64688564E+001
    377.47249   9.60862442E+001
    377.59920   9.57046959E+001
    377.72591   9.53242120E+001
    377.85262   9.49447931E+001
    377.97933   9.45664397E+001
    378.10604   9.41891524E+001
    378.23274   9.38129315E+001
    378.35945   9.34377775E+001
    378.48616   9.30636908E+001
    378.61287   9.26906717E+001
    378.73958   9.23187206E+001
    378.86629   9.19478378E+001
    378.99300   9.15780235E+001
    379.11971   9.12092778E+001
    379.24642   9.08416011E+001
    379.37312   9.04749935E+001
    379.49983   9.01094551E+001
    379.62654   8.97449860E+001
    379.75325   8.93815863E+001
    379.87996   8.90192560E+001
    380.00667   8.86579950E+001
    380.13338   8.82978035E+001
    380.26009   8.79386813E+001
    380.38680   8.75806283E+001
    380.51350   8.72236444E+001
    380.64021   8.68677295E+001
    380.76692   8.65128834E+001
    380.89363   8.61591059E+001
    381.02034   8.58063968E+001
    381.14705   8.54547558E+001
    381.27376   8.51041826E+001
    381.40047   8.47546769E+001
    381.52718   8.44062383E+001
    381.65388   8.40588665E+001
    381.78059   8.37125612E+001
    381.90730   8.33673217E+001
    382.03401   8.30231478E+001
    382.16072   8.26800390E+001
    382.28743   8.23379946E+001
    382.41414   8.19970143E+001
    382.54085   8.16570974E+001
    382.66756   8.13182434E+001
    382.79426   8.09804516E+001
    382.92097   8.06437214E+001
    383.04768   8.03080522E+001
    383.17439   7.99734433E+001
    383.30110   7.96398940E+001
    383.42781   7.93074036E+001
    383.55452   7.89759712E+001
    383.68123   7.86455962E+001
    383.80794   7.83162777E+001
    383.93464   7.79880149E+001
    384.06135   7.76608070E+001
    384.18806   7.73346530E+001
    384.31477   7.70095522E+001
    384.44148   7.66855035E+001
    384.56819   7.63625061E+001
    384.69490   7.60405590E+001
    384.82161   7.57196613E+001
    384.94832   7.53998118E+001
    385.07503   7.50810097E+001
    385.20173   7.47632538E+001
    385.32844   7.44465431E+001
    385.45515   7.41308765E+001
    385.58186   7.38162530E+001
    385.70857   7.35026713E+001
    385.83528   7.31901304E+001
    385.96199   7.28786291E+001
    386.08870   7.25681662E+001
    386.21541   7.22587405E+001
    386.34211   7.19503508E+001
    386.46882   7.16429958E+001
    386.59553   7.13366743E+001
    386.72224   7.10313850E+001
    386.84895   7.07271267E+001
    386.97566   7.04238980E+001
    387.10237   7.01216975E+001
    387.22908   6.98205240E+001
    387.35579   6.95203761E+001
    387.48249   6.92212523E+001
    387.60920   6.89231514E+001
    387.73591   6.86260718E+001
    387.86262   6.83300122E+001
    387.98933   6.80349711E+001
    388.11604   6.77409470E+001
    388.24275   6.74479385E+001
    388.36946   6.71559440E+001
    388.49617   6.68649621E+001
    388.62287   6.65749911E+001
    388.74958   6.62860297E+001
    388.87629   6.59980762E+001
    389.00300   6.57111290E+001
    389.12971   6.54251866E+001
    389.25642   6.51402474E+001
    389.38313   6.48563097E+001
    389.50984   6.45733719E+001
    389.63655   6.42914324E+001
    389.76325   6.40104895E+001
    389.88996   6.37305415E+001
    390.01667   6.34515868E+001
    390.14338   6.31736237E+001
    390.27009   6.28966504E+001
    390.39680   6.26206652E+001
    390.52351   6.23456664E+001
    390.65022   6.20716522E+001
    390.77693   6.17986209E+001
    390.90363   6.15265707E+001
    391.03034   6.12554998E+001
    391.15705   6.09854065E+001
    391.28376   6.07162888E+001
    391.41047   6.04481450E+001
    391.53718   6.01809733E+001
    391.66389   5.99147718E+001
    391.79060   5.96495386E+001
    391.91731   5.93852719E+001
    392.04401   5.91219698E+001
    392.17072   5.88596304E+001
    392.29743   5.85982519E+001
    392.42414   5.83378322E+001
    392.55085   5.80783696E+001
    392.67756   5.78198620E+001
    392.80427   5.75623075E+001
    392.93098   5.73057042E+001
    393.05769   5.70500502E+001
    393.18439   5.67953433E+001
    393.31110   5.65415818E+001
    393.43781   5.62887635E+001
    393.56452   5.60368866E+001
    393.69123   5.57859489E+001
    393.81794   5.55359485E+001
    393.94465   5.52868834E+001
    394.07136   5.50387515E+001
    394.19807   5.47915508E+001
    394.32477   5.45452792E+001
    394.45148   5.42999347E+001
    394.57819   5.40555153E+001
    394.70490   5.38120188E+001
    394.83161   5.35694432E+001
    394.95832   5.33277864E+001
    395.08503   5.30870463E+001
    395.21174   5.28472208E+001
    395.33845   5.26083079E+001
    395.46516   5.23703053E+001
    395.59186   5.21332110E+001
    395.71857   5.18970229E+001
    395.84528   5.16617388E+001
    395.97199   5.14273565E+001
    396.09870   5.11938740E+001
    396.22541   5.09612891E+001
    396.35212   5.07295996E+001
    396.47883   5.04988034E+001
    396.60554   5.02688983E+001
    396.73224   5.00398820E+001
    396.85895   4.98117526E+001
    396.98566   4.95845077E+001
    397.11237   4.93581452E+001
    397.23908   4.91326628E+001
    397.36579   4.89080584E+001
    397.49250   4.86843298E+001
    397.61921   4.84614748E+001
    397.74592   4.82394911E+001
    397.87262   4.80183765E+001
    397.99933   4.77981288E+001
    398.12604   4.75787458E+001
    398.25275   4.73602253E+001
    398.37946   4.71425649E+001
    398.50617   4.69257625E+001
    398.63288   4.67098159E+001
    398.75959   4.64947227E+001
    398.88630   4.62804807E+001
    399.01300   4.60670877E+001
    399.13971   4.58545414E+001
    399.26642   4.56428396E+001
    399.39313   4.54319800E+001
    399.51984   4.52219602E+001
    399.64655   4.50127781E+001
    399.77326   4.48044314E+001
    399.89997   4.45969178E+001
    400.02668   4.43902350E+001
    400.15338   4.41843807E+001
    400.28009   4.39793526E+001
    400.40680   4.37751485E+001
    400.53351   4.35717661E+001
    400.66022   4.33692031E+001
    400.78693   4.31674571E+001
    400.91364   4.29665260E+001
    401.04035   4.27664073E+001
    401.16706   4.25670988E+001
    401.29376   4.23685982E+001
    401.42047   4.21709032E+001
    401.54718   4.19740114E+001
    401.67389   4.17779207E+001
    401.80060   4.15826285E+001
    401.92731   4.13881328E+001
    402.05402   4.11944311E+001
    402.18073   4.10015211E+001
    402.30744   4.08094005E+001
    402.43414   4.06180670E+001
    402.56085   4.04275184E+001
    402.68756   4.02377522E+001
    402.81427   4.00487661E+001
    402.94098   3.98605579E+001
    403.06769   3.96731252E+001
    403.19440   3.94864657E+001
    403.32111   3.93005771E+001
    403.44782   3.91154571E+001
    403.57452   3.89311033E+001
    403.70123   3.87475135E+001
    403.82794   3.85646852E+001
    403.95465   3.83826162E+001
    404.08136   3.82013042E+001
    404.20807   3.80207469E+001
    404.33478   3.78409419E+001
    404.46149   3.76618868E+001
    404.58820   3.74835795E+001
    404.71490   3.73060176E+001
    404.84161   3.71291987E+001
    404.96832   3.69531205E+001
    405.09503   3.67777808E+001
    405.22174   3.66031771E+001
    405.34845   3.64293073E+001
    405.47516   3.62561689E+001
    405.60187   3.60837596E+001
    405.72858   3.59120773E+001
    405.85529   3.57411194E+001
    405.98199   3.55708838E+001
    406.10870   3.54013681E+001
    406.23541   3.52325700E+001
    406.36212   3.50644872E+001
    406.48883   3.48971174E+001
    406.61554   3.47304582E+001
    406.74225   3.45645075E+001
    406.86896   3.43992628E+001
    406.99567   3.42347219E+001
    407.12237   3.40708825E+001
    407.24908   3.39077423E+001
    407.37579   3.37452990E+001
    407.50250   3.35835503E+001
    407.62921   3.34224938E+001
    407.75592   3.32621274E+001
    407.88263   3.31024488E+001
    408.00934   3.29434555E+001
    408.13605   3.27851455E+001
    408.26275   3.26275163E+001
    408.38946   3.24705657E+001
    408.51617   3.23142914E+001
    408.64288   3.21586912E+001
    408.76959   3.20037627E+001
    408.89630   3.18495038E+001
    409.02301   3.16959120E+001
    409.14972   3.15429853E+001
    409.27643   3.13907213E+001
    409.40313   3.12391177E+001
    409.52984   3.10881723E+001
    409.65655   3.09378828E+001
    409.78326   3.07882470E+001
    409.90997   3.06392627E+001
    410.03668   3.04909275E+001
    410.16339   3.03432393E+001
    410.29010   3.01961957E+001
    410.41681   3.00497947E+001
    410.54351   2.99040338E+001
    410.67022   2.97589110E+001
    410.79693   2.96144239E+001
    410.92364   2.94705704E+001
    411.05035   2.93273482E+001
    411.17706   2.91847551E+001
    411.30377   2.90427888E+001
    411.43048   2.89014473E+001
    411.55719   2.87607282E+001
    411.68389   2.86206293E+001
    411.81060   2.84811485E+001
    411.93731   2.83422835E+001
    412.06402   2.82040322E+001
    412.19073   2.80663924E+001
    412.31744   2.79293618E+001
    412.44415   2.77929383E+001
    412.57086   2.76571197E+001
    412.69757   2.75219038E+001
    412.82427   2.73872885E+001
    412.95098   2.72532715E+001
    413.07769   2.71198508E+001
    413.20440   2.69870241E+001
    413.33111   2.68547893E+001
    413.45782   2.67231442E+001
    413.58453   2.65920867E+001
    413.71124   2.64616146E+001
    413.83795   2.63317258E+001
    413.96465   2.62024182E+001
    414.09136   2.60736895E+001
    414.21807   2.59455377E+001
    414.34478   2.58179607E+001
    414.47149   2.56909563E+001
    414.59820   2.55645224E+001
    414.72491   2.54386568E+001
    414.85162   2.53133576E+001
    414.97833   2.51886225E+001
    415.10504   2.50644494E+001
    415.23174   2.49408363E+001
    415.35845   2.48177811E+001
    415.48516   2.46952816E+001
    415.61187   2.45733359E+001
    415.73858   2.44519417E+001
    415.86529   2.43310970E+001
    415.99200   2.42107998E+001
    416.11871   2.40910480E+001
    416.24542   2.39718395E+001
    416.37212   2.38531723E+001
    416.49883   2.37350442E+001
    416.62554   2.36174533E+001
    416.75225   2.35003975E+001
    416.87896   2.33838747E+001
    417.00567   2.32678830E+001
    417.13238   2.31524202E+001
    417.25909   2.30374844E+001
    417.38580   2.29230736E+001
    417.51250   2.28091856E+001
    417.63921   2.26958185E+001
    417.76592   2.25829703E+001
    417.89263   2.24706390E+001
    418.01934   2.23588226E+001
    418.14605   2.22475190E+001
    418.27276   2.21367263E+001
    418.39947   2.20264426E+001
    418.52618   2.19166657E+001
    418.65288   2.18073938E+001
    418.77959   2.16986248E+001
    418.90630   2.15903569E+001
    419.03301   2.14825880E+001
    419.15972   2.13753161E+001
    419.28643   2.12685394E+001
    419.41314   2.11622559E+001
    419.53985   2.10564635E+001
    419.66656   2.09511605E+001
    419.79326   2.08463448E+001
    419.91997   2.07420146E+001
    420.04668   2.06381678E+001
    420.17339   2.05348027E+001
    420.30010   2.04319172E+001
    420.42681   2.03295095E+001
    420.55352   2.02275776E+001
    420.68023   2.01261197E+001
    420.80694   2.00251338E+001
    420.93364   1.99246181E+001
    421.06035   1.98245707E+001
    421.18706   1.97249897E+001
    421.31377   1.96258732E+001
    421.44048   1.95272194E+001
    421.56719   1.94290264E+001
    421.69390   1.93312923E+001
    421.82061   1.92340153E+001
    421.94732   1.91371936E+001
    422.07402   1.90408252E+001
    422.20073   1.89449084E+001
    422.32744   1.88494413E+001
    422.45415   1.87544220E+001
    422.58086   1.86598489E+001
    422.70757   1.85657200E+001
    422.83428   1.84720335E+001
    422.96099   1.83787876E+001
    423.08770   1.82859806E+001
    423.21440   1.81936106E+001
    423.34111   1.81016758E+001
    423.46782   1.80101744E+001
    423.59453   1.79191047E+001
    423.72124   1.78284649E+001
    423.84795   1.77382532E+001
    423.97466   1.76484678E+001
    424.10137   1.75591070E+001
    424.22808   1.74701690E+001
    424.35478   1.73816521E+001
    424.48149   1.72935545E+001
    424.60820   1.72058745E+001
    424.73491   1.71186103E+001
    424.86162   1.70317602E+001
    424.98833   1.69453226E+001
    425.11504   1.68592955E+001
    425.24175   1.67736775E+001
    425.36846   1.66884666E+001
    425.49517   1.66036614E+001
    425.62187   1.65192599E+001
    425.74858   1.64352606E+001
    425.87529   1.63516617E+001
    426.00200   1.62684616E+001
    426.12871   1.61856585E+001
    426.25542   1.61032509E+001
    426.38213   1.60212370E+001
    426.50884   1.59396152E+001
    426.63555   1.58583839E+001
    426.76225   1.57775412E+001
    426.88896   1.56970857E+001
    427.01567   1.56170157E+001
    427.14238   1.55373295E+001
    427.26909   1.54580256E+001
    427.39580   1.53791022E+001
    427.52251   1.53005577E+001
    427.64922   1.52223906E+001
    427.77593   1.51445993E+001
    427.90263   1.50671820E+001
    428.02934   1.49901373E+001
    428.15605   1.49134635E+001
    428.28276   1.48371590E+001
    428.40947   1.47612223E+001
    428.53618   1.46856517E+001
    428.66289   1.46104458E+001
    428.78960   1.45356028E+001
    428.91631   1.44611213E+001
    429.04301   1.43869997E+001
    429.16972   1.43132365E+001
    429.29643   1.42398300E+001
    429.42314   1.41667788E+001
    429.54985   1.40940813E+001
    429.67656   1.40217360E+001
    429.80327   1.39497414E+001
    429.92998   1.38780958E+001
    430.05669   1.38067979E+001
    430.18339   1.37358460E+001
    430.31010   1.36652388E+001
    430.43681   1.35949746E+001
    430.56352   1.35250520E+001
    430.69023   1.34554694E+001
    430.81694   1.33862255E+001
    430.94365   1.33173187E+001
    431.07036   1.32487476E+001
    431.19707   1.31805106E+001
    431.32377   1.31126063E+001
    431.45048   1.30450333E+001
    431.57719   1.29777900E+001
    431.70390   1.29108751E+001
    431.83061   1.28442870E+001
    431.95732   1.27780244E+001
    432.08403   1.27120858E+001
    432.21074   1.26464698E+001
    432.33745   1.25811749E+001
    432.46415   1.25161997E+001
    432.59086   1.24515428E+001
    432.71757   1.23872029E+001
    432.84428   1.23231784E+001
    432.97099   1.22594680E+001
    433.09770   1.21960703E+001
    433.22441   1.21329839E+001
    433.35112   1.20702074E+001
    433.47783   1.20077394E+001
    433.60453   1.19455786E+001
    433.73124   1.18837235E+001
    433.85795   1.18221729E+001
    433.98466   1.17609253E+001
    434.11137   1.16999794E+001
    434.23808   1.16393339E+001
    434.36479   1.15789874E+001
    434.49150   1.15189385E+001
    434.61821   1.14591859E+001
    434.74491   1.13997283E+001
    434.87162   1.13405644E+001
    434.99833   1.12816927E+001
    435.12504   1.12231122E+001
    435.25175   1.11648213E+001
    435.37846   1.11068188E+001
    435.50517   1.10491034E+001
    435.63188   1.09916737E+001
    435.75859   1.09345286E+001
    435.88530   1.08776667E+001
    436.01200   1.08210867E+001
    436.13871   1.07647874E+001
    436.26542   1.07087674E+001
    436.39213   1.06530256E+001
    436.51884   1.05975606E+001
    436.64555   1.05423711E+001
    436.77226   1.04874560E+001
    436.89897   1.04328140E+001
    437.02568   1.03784437E+001
    437.15238   1.03243441E+001
    437.27909   1.02705138E+001
    437.40580   1.02169517E+001
    437.53251   1.01636564E+001
    437.65922   1.01106268E+001
    437.78593   1.00578616E+001
    437.91264   1.00053597E+001
    438.03935   9.95311984E+000
    438.16606   9.90114079E+000
    438.29276   9.84942136E+000
    438.41947   9.79796037E+000
    438.54618   9.74675662E+000
    438.67289   9.69580893E+000
    438.79960   9.64511612E+000
    438.92631   9.59467702E+000
    439.05302   9.54449044E+000
    439.17973   9.49455524E+000
    439.30644   9.44487023E+000
    439.43314   9.39543427E+000
    439.55985   9.34624620E+000
    439.68656   9.29730488E+000
    439.81327   9.24860916E+000
    439.93998   9.20015790E+000
    440.06669   9.15194996E+000
    440.19340   9.10398422E+000
    440.32011   9.05625955E+000
    440.44682   9.00877482E+000
    440.57352   8.96152893E+000
    440.70023   8.91452075E+000
    440.82694   8.86774919E+000
    440.95365   8.82121312E+000
    441.08036   8.77491147E+000
    441.20707   8.72884313E+000
    441.33378   8.68300700E+000
    441.46049   8.63740201E+000
    441.58720   8.59202707E+000
    441.71390   8.54688111E+000
    441.84061   8.50196305E+000
    441.96732   8.45727182E+000
    442.09403   8.41280636E+000
    442.22074   8.36856561E+000
    442.34745   8.32454850E+000
    442.47416   8.28075400E+000
    442.60087   8.23718105E+000
    442.72758   8.19382861E+000
    442.85428   8.15069564E+000
    442.98099   8.10778110E+000
    443.10770   8.06508397E+000
    443.23441   8.02260322E+000
    443.36112   7.98033782E+000
    443.48783   7.93828677E+000
    443.61454   7.89644904E+000
    443.74125   7.85482362E+000
    443.86796   7.81340951E+000
    443.99466   7.77220571E+000
    444.12137   7.73121123E+000
    444.24808   7.69042506E+000
    444.37479   7.64984622E+000
    444.50150   7.60947373E+000
    444.62821   7.56930660E+000
    444.75492   7.52934385E+000
    444.88163   7.48958452E+000
    445.00834   7.45002764E+000
    445.13505   7.41067224E+000
    445.26175   7.37151736E+000
    445.38846   7.33256205E+000
    445.51517   7.29380535E+000
    445.64188   7.25524631E+000
    445.76859   7.21688399E+000
    445.89530   7.17871745E+000
    446.02201   7.14074575E+000
    446.14872   7.10296797E+000
    446.27543   7.06538316E+000
    446.40213   7.02799041E+000
    446.52884   6.99078879E+000
    446.65555   6.95377739E+000
    446.78226   6.91695530E+000
    446.90897   6.88032160E+000
    447.03568   6.84387539E+000
    447.16239   6.80761577E+000
    447.28910   6.77154184E+000
    447.41581   6.73565271E+000
    447.54251   6.69994748E+000
    447.66922   6.66442528E+000
    447.79593   6.62908521E+000
    447.92264   6.59392640E+000
    448.04935   6.55894798E+000
    448.17606   6.52414907E+000
    448.30277   6.48952881E+000
    448.42948   6.45508633E+000
    448.55619   6.42082077E+000
    448.68289   6.38673127E+000
    448.80960   6.35281699E+000
    448.93631   6.31907707E+000
    449.06302   6.28551067E+000
    449.18973   6.25211695E+000
    449.31644   6.21889506E+000
    449.44315   6.18584418E+000
    449.56986   6.15296348E+000
    449.69657   6.12025212E+000
    449.82327   6.08770928E+000
    449.94998   6.05533415E+000
    450.07669   6.02312590E+000
    450.20340   5.99108373E+000
    450.33011   5.95920682E+000
    450.45682   5.92749437E+000
    450.58353   5.89594557E+000
    450.71024   5.86455964E+000
    450.83695   5.83333576E+000
    450.96365   5.80227316E+000
    451.09036   5.77137104E+000
    451.21707   5.74062861E+000
    451.34378   5.71004510E+000
    451.47049   5.67961973E+000
    451.59720   5.64935173E+000
    451.72391   5.61924031E+000
    451.85062   5.58928473E+000
    451.97733   5.55948420E+000
    452.10403   5.52983797E+000
    452.23074   5.50034528E+000
    452.35745   5.47100538E+000
    452.48416   5.44181752E+000
    452.61087   5.41278095E+000
    452.73758   5.38389492E+000
    452.86429   5.35515870E+000
    452.99100   5.32657155E+000
    453.11771   5.29813272E+000
    453.24441   5.26984150E+000
    453.37112   5.24169716E+000
    453.49783   5.21369896E+000
    453.62454   5.18584619E+000
    453.75125   5.15813813E+000
    453.87796   5.13057407E+000
    454.00467   5.10315329E+000
    454.13138   5.07587509E+000
    454.25809   5.04873875E+000
    454.38479   5.02174359E+000
    454.51150   4.99488889E+000
    454.63821   4.96817397E+000
    454.76492   4.94159812E+000
    454.89163   4.91516067E+000
    455.01834   4.88886093E+000
    455.14505   4.86269820E+000
    455.27176   4.83667182E+000
    455.39847   4.81078110E+000
    455.52518   4.78502537E+000
    455.65188   4.75940396E+000
    455.77859   4.73391621E+000
    455.90530   4.70856144E+000
    456.03201   4.68333899E+000
    456.15872   4.65824821E+000
    456.28543   4.63328844E+000
    456.41214   4.60845903E+000
    456.53885   4.58375932E+000
    456.66556   4.55918868E+000
    456.79226   4.53474645E+000
    456.91897   4.51043199E+000
    457.04568   4.48624468E+000
    457.17239   4.46218386E+000
    457.29910   4.43824892E+000
    457.42581   4.41443922E+000
    457.55252   4.39075413E+000
    457.67923   4.36719303E+000
    457.80594   4.34375530E+000
    457.93264   4.32044032E+000
    458.05935   4.29724748E+000
    458.18606   4.27417616E+000
    458.31277   4.25122576E+000
    458.43948   4.22839567E+000
    458.56619   4.20568528E+000
    458.69290   4.18309400E+000
    458.81961   4.16062122E+000
    458.94632   4.13826635E+000
    459.07302   4.11602880E+000
    459.19973   4.09390798E+000
    459.32644   4.07190330E+000
    459.45315   4.05001417E+000
    459.57986   4.02824002E+000
    459.70657   4.00658026E+000
    459.83328   3.98503433E+000
    459.95999   3.96360164E+000
    460.08670   3.94228162E+000
    460.21340   3.92107371E+000
    460.34011   3.89997734E+000
    460.46682   3.87899195E+000
    460.59353   3.85811698E+000
    460.72024   3.83735186E+000
    460.84695   3.81669605E+000
    460.97366   3.79614899E+000
    461.10037   3.77571013E+000
    461.22708   3.75537893E+000
    461.35378   3.73515483E+000
    461.48049   3.71503731E+000
    461.60720   3.69502581E+000
    461.73391   3.67511980E+000
    461.86062   3.65531875E+000
    461.98733   3.63562212E+000
    462.11404   3.61602938E+000
    462.24075   3.59654001E+000
    462.36746   3.57715349E+000
    462.49416   3.55786928E+000
    462.62087   3.53868687E+000
    462.74758   3.51960575E+000
    462.87429   3.50062540E+000
    463.00100   3.48174530E+000
    463.12771   3.46296495E+000
    463.25442   3.44428383E+000
    463.38113   3.42570145E+000
    463.50784   3.40721730E+000
    463.63454   3.38883088E+000
    463.76125   3.37054170E+000
    463.88796   3.35234925E+000
    464.01467   3.33425304E+000
    464.14138   3.31625259E+000
    464.26809   3.29834740E+000
    464.39480   3.28053699E+000
    464.52151   3.26282087E+000
    464.64822   3.24519857E+000
    464.77492   3.22766960E+000
    464.90163   3.21023348E+000
    465.02834   3.19288975E+000
    465.15505   3.17563793E+000
    465.28176   3.15847754E+000
    465.40847   3.14140813E+000
    465.53518   3.12442922E+000
    465.66189   3.10754036E+000
    465.78860   3.09074107E+000
    465.91531   3.07403091E+000
    466.04201   3.05740941E+000
    466.16872   3.04087613E+000
    466.29543   3.02443060E+000
    466.42214   3.00807238E+000
    466.54885   2.99180102E+000
    466.67556   2.97561607E+000
    466.80227   2.95951709E+000
    466.92898   2.94350364E+000
    467.05569   2.92757528E+000
    467.18239   2.91173158E+000
    467.30910   2.89597209E+000
    467.43581   2.88029638E+000
    467.56252   2.86470402E+000
    467.68923   2.84919459E+000
    467.81594   2.83376765E+000
    467.94265   2.81842279E+000
    468.06936   2.80315957E+000
    468.19607   2.78797759E+000
    468.32277   2.77287641E+000
    468.44948   2.75785562E+000
    468.57619   2.74291482E+000
    468.70290   2.72805358E+000
    468.82961   2.71327149E+000
    468.95632   2.69856815E+000
    469.08303   2.68394315E+000
    469.20974   2.66939609E+000
    469.33645   2.65492655E+000
    469.46315   2.64053415E+000
    469.58986   2.62621849E+000
    469.71657   2.61197916E+000
    469.84328   2.59781577E+000
    469.96999   2.58372793E+000
    470.09670   2.56971525E+000
    470.22341   2.55577733E+000
    470.35012   2.54191380E+000
    470.47683   2.52812427E+000
    470.60353   2.51440834E+000
    470.73024   2.50076565E+000
    470.85695   2.48719581E+000
    470.98366   2.47369845E+000
    471.11037   2.46027318E+000
    471.23708   2.44691963E+000
    471.36379   2.43363744E+000
    471.49050   2.42042623E+000
    471.61721   2.40728563E+000
    471.74391   2.39421528E+000
    471.87062   2.38121481E+000
    471.99733   2.36828386E+000
    472.12404   2.35542206E+000
    472.25075   2.34262906E+000
    472.37746   2.32990450E+000
    472.50417   2.31724803E+000
    472.63088   2.30465928E+000
    472.75759   2.29213791E+000
    472.88429   2.27968356E+000
    473.01100   2.26729589E+000
    473.13771   2.25497455E+000
    473.26442   2.24271919E+000
    473.39113   2.23052948E+000
    473.51784   2.21840506E+000
    473.64455   2.20634559E+000
    473.77126   2.19435075E+000
    473.89797   2.18242018E+000
    474.02467   2.17055357E+000
    474.15138   2.15875056E+000
    474.27809   2.14701083E+000
    474.40480   2.13533406E+000
    474.53151   2.12371990E+000
    474.65822   2.11216803E+000
    474.78493   2.10067814E+000
    474.91164   2.08924988E+000
    475.03835   2.07788295E+000
    475.16506   2.06657702E+000
    475.29176   2.05533177E+000
    475.41847   2.04414689E+000
    475.54518   2.03302205E+000
    475.67189   2.02195695E+000
    475.79860   2.01095126E+000
    475.92531   2.00000469E+000
    476.05202   1.98911692E+000
    476.17873   1.97828764E+000
    476.30544   1.96751654E+000
    476.43214   1.95680332E+000
    476.55885   1.94614768E+000
    476.68556   1.93554932E+000
    476.81227   1.92500793E+000
    476.93898   1.91452321E+000
    477.06569   1.90409488E+000
    477.19240   1.89372262E+000
    477.31911   1.88340615E+000
    477.44582   1.87314518E+000
    477.57252   1.86293940E+000
    477.69923   1.85278855E+000
    477.82594   1.84269231E+000
    477.95265   1.83265041E+000
    478.07936   1.82266256E+000
    478.20607   1.81272848E+000
    478.33278   1.80284789E+000
    478.45949   1.79302049E+000
    478.58620   1.78324602E+000
    478.71290   1.77352419E+000
    478.83961   1.76385473E+000
    478.96632   1.75423736E+000
    479.09303   1.74467180E+000
    479.21974   1.73515779E+000
    479.34645   1.72569505E+000
    479.47316   1.71628332E+000
    479.59987   1.70692231E+000
    479.72658   1.69761177E+000
    479.85328   1.68835143E+000
    479.97999   1.67914102E+000
    480.10670   1.66998029E+000
    480.23341   1.66086896E+000
    480.36012   1.65180678E+000
    480.48683   1.64279349E+000
    480.61354   1.63382883E+000
    480.74025   1.62491254E+000
    480.86696   1.61604437E+000
    480.99366   1.60722406E+000
    481.12037   1.59845136E+000
    481.24708   1.58972602E+000
    481.37379   1.58104779E+000
    481.50050   1.57241642E+000
    481.62721   1.56383166E+000
    481.75392   1.55529326E+000
    481.88063   1.54680098E+000
    482.00734   1.53835458E+000
    482.13404   1.52995381E+000
    482.26075   1.52159843E+000
    482.38746   1.51328820E+000
    482.51417   1.50502288E+000
    482.64088   1.49680223E+000
    482.76759   1.48862602E+000
    482.89430   1.48049402E+000
    483.02101   1.47240597E+000
    483.14772   1.46436166E+000
    483.27442   1.45636086E+000
    483.40113   1.44840332E+000
    483.52784   1.44048882E+000
    483.65455   1.43261714E+000
    483.78126   1.42478804E+000
    483.90797   1.41700130E+000
    484.03468   1.40925670E+000
    484.16139   1.40155401E+000
    484.28810   1.39389300E+000
    484.41480   1.38627346E+000
    484.54151   1.37869517E+000
    484.66822   1.37115790E+000
    484.79493   1.36366145E+000
    484.92164   1.35620558E+000
    485.04835   1.34879010E+000
    485.17506   1.34141477E+000
    485.30177   1.33407939E+000
    485.42848   1.32678375E+000
    485.55519   1.31952763E+000
    485.68189   1.31231083E+000
    485.80860   1.30513312E+000
    485.93531   1.29799432E+000
    486.06202   1.29089420E+000
    486.18873   1.28383257E+000
    486.31544   1.27680922E+000
    486.44215   1.26982394E+000
    486.56886   1.26287653E+000
    486.69557   1.25596679E+000
    486.82227   1.24909452E+000
    486.94898   1.24225951E+000
    487.07569   1.23546158E+000
    487.20240   1.22870052E+000
    487.32911   1.22197614E+000
    487.45582   1.21528823E+000
    487.58253   1.20863662E+000
    487.70924   1.20202109E+000
    487.83595   1.19544146E+000
    487.96265   1.18889754E+000
    488.08936   1.18238914E+000
    488.21607   1.17591606E+000
    488.34278   1.16947813E+000
    488.46949   1.16307514E+000
    488.59620   1.15670692E+000
    488.72291   1.15037327E+000
    488.84962   1.14407402E+000
    488.97633   1.13780898E+000
    489.10303   1.13157797E+000
    489.22974   1.12538080E+000
    489.35645   1.11921729E+000
    489.48316   1.11308727E+000
    489.60987   1.10699055E+000
    489.73658   1.10092696E+000
    489.86329   1.09489632E+000
    489.99000   1.08889845E+000
    490.11671   1.08293318E+000
    490.24341   1.07700033E+000
    490.37012   1.07109973E+000
    490.49683   1.06523121E+000
    490.62354   1.05939459E+000
    490.75025   1.05358971E+000
    490.87696   1.04781639E+000
    491.00367   1.04207446E+000
    491.13038   1.03636376E+000
    491.25709   1.03068412E+000
    491.38379   1.02503537E+000
    491.51050   1.01941735E+000
    491.63721   1.01382989E+000
    491.76392   1.00827283E+000
    491.89063   1.00274601E+000
    492.01734   9.97249256E-001
    492.14405   9.91782415E-001
    492.27076   9.86345325E-001
    492.39747   9.80937827E-001
    492.52417   9.75559761E-001
    492.65088   9.70210970E-001
    492.77759   9.64891296E-001
    492.90430   9.59600582E-001
    493.03101   9.54338675E-001
    493.15772   9.49105417E-001
    493.28443   9.43900657E-001
    493.41114   9.38724240E-001
    493.53785   9.33576015E-001
    493.66455   9.28455829E-001
    493.79126   9.23363532E-001
    493.91797   9.18298974E-001
    494.04468   9.13262007E-001
    494.17139   9.08252480E-001
    494.29810   9.03270248E-001
    494.42481   8.98315163E-001
    494.55152   8.93387079E-001
    494.67823   8.88485851E-001
    494.80493   8.83611334E-001
    494.93164   8.78763384E-001
    495.05835   8.73941860E-001
    495.18506   8.69146617E-001
    495.31177   8.64377515E-001
    495.43848   8.59634413E-001
    495.56519   8.54917171E-001
    495.69190   8.50225650E-001
    495.81861   8.45559711E-001
    495.94532   8.40919217E-001
    496.07202   8.36304029E-001
    496.19873   8.31714012E-001
    496.32544   8.27149031E-001
    496.45215   8.22608949E-001
    496.57886   8.18093634E-001
    496.70557   8.13602951E-001
    496.83228   8.09136768E-001
    496.95899   8.04694952E-001
    497.08570   8.00277372E-001
    497.21240   7.95883898E-001
    497.33911   7.91514398E-001
    497.46582   7.87168745E-001
    497.59253   7.82846809E-001
    497.71924   7.78548462E-001
    497.84595   7.74273577E-001
    497.97266   7.70022028E-001
    498.09937   7.65793687E-001
    498.22608   7.61588431E-001
    498.35278   7.57406134E-001
    498.47949   7.53246672E-001
    498.60620   7.49109922E-001
    498.73291   7.44995761E-001
    498.85962   7.40904068E-001
    498.98633   7.36834720E-001
    499.11304   7.32787597E-001
    499.23975   7.28762580E-001
    499.36646   7.24759548E-001
    499.49316   7.20778382E-001
    499.61987   7.16818965E-001
    499.74658   7.12881179E-001
    499.87329   7.08964906E-001
    500.00000   7.05070031E-001
