       229.80890   0.00000000E+000
       229.80890   1.30085000E+001
       229.80890   0.00000000E+000
       220.26364   0.00000000E+000
       220.26364  -4.18840000E+000
       220.26364   0.00000000E+000
       208.63629   0.00000000E+000
       208.63629  -1.35279000E+001
       208.63629   0.00000000E+000
       197.07873   0.00000000E+000
       197.07873   6.16660000E+000
       197.07873   0.00000000E+000
       192.38165   0.00000000E+000
       192.38165   9.01850000E+000
       192.38165   0.00000000E+000
       179.33118   0.00000000E+000
       179.33118  -8.01770000E+000
       179.33118   0.00000000E+000
       168.10049   0.00000000E+000
       168.10049  -2.80974000E+001
       168.10049   0.00000000E+000
       165.08775   0.00000000E+000
       165.08775  -3.24206000E+001
       165.08775   0.00000000E+000
       163.77497   0.00000000E+000
       163.77497  -2.77734000E+001
       163.77497   0.00000000E+000
       160.96200   0.00000000E+000
       160.96200   3.71270000E+001
       160.96200   0.00000000E+000
       157.09912   0.00000000E+000
       157.09912   3.61370000E+000
       157.09912   0.00000000E+000
       156.22025   0.00000000E+000
       156.22025   5.59241000E+001
       156.22025   0.00000000E+000
       155.34531   0.00000000E+000
       155.34531  -6.92850000E+000
       155.34531   0.00000000E+000
       152.55463   0.00000000E+000
       152.55463  -8.02700000E-001
       152.55463   0.00000000E+000
       151.92839   0.00000000E+000
       151.92839   1.89988000E+001
       151.92839   0.00000000E+000
       149.96033   0.00000000E+000
       149.96033  -6.93580000E+000
       149.96033   0.00000000E+000
       148.70312   0.00000000E+000
       148.70312   3.52850000E+000
       148.70312   0.00000000E+000
       145.83631   0.00000000E+000
       145.83631  -2.82100000E-001
       145.83631   0.00000000E+000
       144.82951   0.00000000E+000
       144.82951  -2.05905000E+001
       144.82951   0.00000000E+000
       144.12410   0.00000000E+000
       144.12410  -2.57560000E+000
       144.12410   0.00000000E+000
       143.32771   0.00000000E+000
       143.32771  -3.32909000E+001
       143.32771   0.00000000E+000
       141.91356   0.00000000E+000
       141.91356   3.79409000E+001
       141.91356   0.00000000E+000
       141.07710   0.00000000E+000
       141.07710   1.88265000E+001
       141.07710   0.00000000E+000
       138.73755   0.00000000E+000
       138.73755  -4.88920000E+000
       138.73755   0.00000000E+000
       138.11318   0.00000000E+000
       138.11318   5.92900000E-001
       138.11318   0.00000000E+000
       137.80309   0.00000000E+000
       137.80309  -3.48600000E+000
       137.80309   0.00000000E+000
       136.89323   0.00000000E+000
       136.89323   5.68660000E+000
       136.89323   0.00000000E+000
       136.63827   0.00000000E+000
       136.63827  -5.87010000E+000
       136.63827   0.00000000E+000
       135.54185   0.00000000E+000
       135.54185  -5.80680000E+000
       135.54185   0.00000000E+000
       132.27662   0.00000000E+000
       132.27662  -1.37970000E+000
       132.27662   0.00000000E+000
 
