   4000.00000   7.19145056E-002
   3998.66622   7.21349964E-002
   3997.33244   7.23565521E-002
   3995.99867   7.25791797E-002
   3994.66489   7.28028863E-002
   3993.33111   7.30276789E-002
   3991.99733   7.32535647E-002
   3990.66355   7.34805508E-002
   3989.32978   7.37086445E-002
   3987.99600   7.39378531E-002
   3986.66222   7.41681840E-002
   3985.32844   7.43996447E-002
   3983.99466   7.46322426E-002
   3982.66089   7.48659853E-002
   3981.32711   7.51008804E-002
   3979.99333   7.53369356E-002
   3978.65955   7.55741587E-002
   3977.32578   7.58125574E-002
   3975.99200   7.60521397E-002
   3974.65822   7.62929136E-002
   3973.32444   7.65348869E-002
   3971.99066   7.67780679E-002
   3970.65689   7.70224647E-002
   3969.32311   7.72680854E-002
   3967.98933   7.75149385E-002
   3966.65555   7.77630322E-002
   3965.32177   7.80123750E-002
   3963.98800   7.82629753E-002
   3962.65422   7.85148419E-002
   3961.32044   7.87679833E-002
   3959.98666   7.90224082E-002
   3958.65288   7.92781255E-002
   3957.31911   7.95351441E-002
   3955.98533   7.97934728E-002
   3954.65155   8.00531207E-002
   3953.31777   8.03140970E-002
   3951.98399   8.05764109E-002
   3950.65022   8.08400715E-002
   3949.31644   8.11050882E-002
   3947.98266   8.13714706E-002
   3946.64888   8.16392280E-002
   3945.31511   8.19083702E-002
   3943.98133   8.21789067E-002
   3942.64755   8.24508473E-002
   3941.31377   8.27242020E-002
   3939.97999   8.29989806E-002
   3938.64622   8.32751931E-002
   3937.31244   8.35528498E-002
   3935.97866   8.38319607E-002
   3934.64488   8.41125362E-002
   3933.31110   8.43945867E-002
   3931.97733   8.46781226E-002
   3930.64355   8.49631546E-002
   3929.30977   8.52496933E-002
   3927.97599   8.55377494E-002
   3926.64221   8.58273339E-002
   3925.30844   8.61184576E-002
   3923.97466   8.64111317E-002
   3922.64088   8.67053673E-002
   3921.30710   8.70011756E-002
   3919.97332   8.72985681E-002
   3918.63955   8.75975562E-002
   3917.30577   8.78981514E-002
   3915.97199   8.82003654E-002
   3914.63821   8.85042100E-002
   3913.30443   8.88096971E-002
   3911.97066   8.91168387E-002
   3910.63688   8.94256469E-002
   3909.30310   8.97361340E-002
   3907.96932   9.00483121E-002
   3906.63555   9.03621939E-002
   3905.30177   9.06777917E-002
   3903.96799   9.09951184E-002
   3902.63421   9.13141868E-002
   3901.30043   9.16350096E-002
   3899.96666   9.19576000E-002
   3898.63288   9.22819711E-002
   3897.29910   9.26081362E-002
   3895.96532   9.29361087E-002
   3894.63154   9.32659021E-002
   3893.29777   9.35975300E-002
   3891.96399   9.39310063E-002
   3890.63021   9.42663449E-002
   3889.29643   9.46035598E-002
   3887.96265   9.49426651E-002
   3886.62888   9.52836753E-002
   3885.29510   9.56266047E-002
   3883.96132   9.59714679E-002
   3882.62754   9.63182797E-002
   3881.29376   9.66670548E-002
   3879.95999   9.70178084E-002
   3878.62621   9.73705556E-002
   3877.29243   9.77253117E-002
   3875.95865   9.80820920E-002
   3874.62487   9.84409123E-002
   3873.29110   9.88017882E-002
   3871.95732   9.91647357E-002
   3870.62354   9.95297708E-002
   3869.28976   9.98969096E-002
   3867.95599   1.00266169E-001
   3866.62221   1.00637564E-001
   3865.28843   1.01011114E-001
   3863.95465   1.01386833E-001
   3862.62087   1.01764740E-001
   3861.28710   1.02144851E-001
   3859.95332   1.02527184E-001
   3858.61954   1.02911756E-001
   3857.28576   1.03298585E-001
   3855.95198   1.03687689E-001
   3854.61821   1.04079086E-001
   3853.28443   1.04472795E-001
   3851.95065   1.04868832E-001
   3850.61687   1.05267218E-001
   3849.28309   1.05667971E-001
   3847.94932   1.06071110E-001
   3846.61554   1.06476655E-001
   3845.28176   1.06884623E-001
   3843.94798   1.07295036E-001
   3842.61420   1.07707912E-001
   3841.28043   1.08123272E-001
   3839.94665   1.08541136E-001
   3838.61287   1.08961524E-001
   3837.27909   1.09384457E-001
   3835.94532   1.09809956E-001
   3834.61154   1.10238041E-001
   3833.27776   1.10668734E-001
   3831.94398   1.11102057E-001
   3830.61020   1.11538030E-001
   3829.27643   1.11976675E-001
   3827.94265   1.12418016E-001
   3826.60887   1.12862074E-001
   3825.27509   1.13308871E-001
   3823.94131   1.13758432E-001
   3822.60754   1.14210777E-001
   3821.27376   1.14665932E-001
   3819.93998   1.15123918E-001
   3818.60620   1.15584761E-001
   3817.27242   1.16048484E-001
   3815.93865   1.16515111E-001
   3814.60487   1.16984668E-001
   3813.27109   1.17457178E-001
   3811.93731   1.17932666E-001
   3810.60353   1.18411159E-001
   3809.26976   1.18892681E-001
   3807.93598   1.19377259E-001
   3806.60220   1.19864919E-001
   3805.26842   1.20355686E-001
   3803.93464   1.20849589E-001
   3802.60087   1.21346653E-001
   3801.26709   1.21846906E-001
   3799.93331   1.22350375E-001
   3798.59953   1.22857090E-001
   3797.26576   1.23367076E-001
   3795.93198   1.23880364E-001
   3794.59820   1.24396982E-001
   3793.26442   1.24916959E-001
   3791.93064   1.25440324E-001
   3790.59687   1.25967108E-001
   3789.26309   1.26497340E-001
   3787.92931   1.27031051E-001
   3786.59553   1.27568271E-001
   3785.26175   1.28109031E-001
   3783.92798   1.28653364E-001
   3782.59420   1.29201301E-001
   3781.26042   1.29752873E-001
   3779.92664   1.30308114E-001
   3778.59286   1.30867056E-001
   3777.25909   1.31429733E-001
   3775.92531   1.31996178E-001
   3774.59153   1.32566426E-001
   3773.25775   1.33140509E-001
   3771.92397   1.33718464E-001
   3770.59020   1.34300326E-001
   3769.25642   1.34886130E-001
   3767.92264   1.35475912E-001
   3766.58886   1.36069708E-001
   3765.25509   1.36667555E-001
   3763.92131   1.37269491E-001
   3762.58753   1.37875553E-001
   3761.25375   1.38485779E-001
   3759.91997   1.39100208E-001
   3758.58620   1.39718878E-001
   3757.25242   1.40341830E-001
   3755.91864   1.40969103E-001
   3754.58486   1.41600737E-001
   3753.25108   1.42236773E-001
   3751.91731   1.42877253E-001
   3750.58353   1.43522219E-001
   3749.24975   1.44171712E-001
   3747.91597   1.44825775E-001
   3746.58219   1.45484452E-001
   3745.24842   1.46147787E-001
   3743.91464   1.46815823E-001
   3742.58086   1.47488607E-001
   3741.24708   1.48166182E-001
   3739.91330   1.48848596E-001
   3738.57953   1.49535894E-001
   3737.24575   1.50228124E-001
   3735.91197   1.50925334E-001
   3734.57819   1.51627571E-001
   3733.24441   1.52334884E-001
   3731.91064   1.53047323E-001
   3730.57686   1.53764938E-001
   3729.24308   1.54487779E-001
   3727.90930   1.55215898E-001
   3726.57553   1.55949346E-001
   3725.24175   1.56688176E-001
   3723.90797   1.57432441E-001
   3722.57419   1.58182195E-001
   3721.24041   1.58937493E-001
   3719.90664   1.59698389E-001
   3718.57286   1.60464939E-001
   3717.23908   1.61237201E-001
   3715.90530   1.62015230E-001
   3714.57152   1.62799086E-001
   3713.23775   1.63588827E-001
   3711.90397   1.64384512E-001
   3710.57019   1.65186201E-001
   3709.23641   1.65993956E-001
   3707.90263   1.66807838E-001
   3706.56886   1.67627910E-001
   3705.23508   1.68454235E-001
   3703.90130   1.69286878E-001
   3702.56752   1.70125902E-001
   3701.23374   1.70971375E-001
   3699.89997   1.71823362E-001
   3698.56619   1.72681932E-001
   3697.23241   1.73547152E-001
   3695.89863   1.74419092E-001
   3694.56485   1.75297823E-001
   3693.23108   1.76183415E-001
   3691.89730   1.77075940E-001
   3690.56352   1.77975471E-001
   3689.22974   1.78882083E-001
   3687.89597   1.79795850E-001
   3686.56219   1.80716848E-001
   3685.22841   1.81645155E-001
   3683.89463   1.82580848E-001
   3682.56085   1.83524006E-001
   3681.22708   1.84474710E-001
   3679.89330   1.85433040E-001
   3678.55952   1.86399079E-001
   3677.22574   1.87372910E-001
   3675.89196   1.88354618E-001
   3674.55819   1.89344288E-001
   3673.22441   1.90342008E-001
   3671.89063   1.91347865E-001
   3670.55685   1.92361949E-001
   3669.22307   1.93384349E-001
   3667.88930   1.94415159E-001
   3666.55552   1.95454470E-001
   3665.22174   1.96502377E-001
   3663.88796   1.97558976E-001
   3662.55418   1.98624364E-001
   3661.22041   1.99698638E-001
   3659.88663   2.00781899E-001
   3658.55285   2.01874247E-001
   3657.21907   2.02975786E-001
   3655.88530   2.04086618E-001
   3654.55152   2.05206851E-001
   3653.21774   2.06336589E-001
   3651.88396   2.07475942E-001
   3650.55018   2.08625020E-001
   3649.21641   2.09783935E-001
   3647.88263   2.10952799E-001
   3646.54885   2.12131728E-001
   3645.21507   2.13320838E-001
   3643.88129   2.14520246E-001
   3642.54752   2.15730074E-001
   3641.21374   2.16950443E-001
   3639.87996   2.18181475E-001
   3638.54618   2.19423297E-001
   3637.21240   2.20676036E-001
   3635.87863   2.21939820E-001
   3634.54485   2.23214780E-001
   3633.21107   2.24501050E-001
   3631.87729   2.25798764E-001
   3630.54351   2.27108058E-001
   3629.20974   2.28429073E-001
   3627.87596   2.29761948E-001
   3626.54218   2.31106827E-001
   3625.20840   2.32463856E-001
   3623.87462   2.33833181E-001
   3622.54085   2.35214952E-001
   3621.20707   2.36609322E-001
   3619.87329   2.38016445E-001
   3618.53951   2.39436478E-001
   3617.20574   2.40869579E-001
   3615.87196   2.42315911E-001
   3614.53818   2.43775637E-001
   3613.20440   2.45248924E-001
   3611.87062   2.46735942E-001
   3610.53685   2.48236862E-001
   3609.20307   2.49751860E-001
   3607.86929   2.51281112E-001
   3606.53551   2.52824798E-001
   3605.20173   2.54383103E-001
   3603.86796   2.55956211E-001
   3602.53418   2.57544312E-001
   3601.20040   2.59147598E-001
   3599.86662   2.60766263E-001
   3598.53284   2.62400507E-001
   3597.19907   2.64050530E-001
   3595.86529   2.65716537E-001
   3594.53151   2.67398737E-001
   3593.19773   2.69097340E-001
   3591.86395   2.70812561E-001
   3590.53018   2.72544620E-001
   3589.19640   2.74293738E-001
   3587.86262   2.76060140E-001
   3586.52884   2.77844057E-001
   3585.19507   2.79645722E-001
   3583.86129   2.81465371E-001
   3582.52751   2.83303246E-001
   3581.19373   2.85159592E-001
   3579.85995   2.87034659E-001
   3578.52618   2.88928700E-001
   3577.19240   2.90841973E-001
   3575.85862   2.92774741E-001
   3574.52484   2.94727269E-001
   3573.19106   2.96699831E-001
   3571.85729   2.98692702E-001
   3570.52351   3.00706162E-001
   3569.18973   3.02740498E-001
   3567.85595   3.04795999E-001
   3566.52217   3.06872963E-001
   3565.18840   3.08971690E-001
   3563.85462   3.11092487E-001
   3562.52084   3.13235664E-001
   3561.18706   3.15401540E-001
   3559.85328   3.17590438E-001
   3558.51951   3.19802685E-001
   3557.18573   3.22038617E-001
   3555.85195   3.24298574E-001
   3554.51817   3.26582903E-001
   3553.18439   3.28891958E-001
   3551.85062   3.31226096E-001
   3550.51684   3.33585686E-001
   3549.18306   3.35971098E-001
   3547.84928   3.38382714E-001
   3546.51551   3.40820919E-001
   3545.18173   3.43286107E-001
   3543.84795   3.45778680E-001
   3542.51417   3.48299046E-001
   3541.18039   3.50847621E-001
   3539.84662   3.53424830E-001
   3538.51284   3.56031104E-001
   3537.17906   3.58666884E-001
   3535.84528   3.61332619E-001
   3534.51150   3.64028765E-001
   3533.17773   3.66755789E-001
   3531.84395   3.69514166E-001
   3530.51017   3.72304380E-001
   3529.17639   3.75126925E-001
   3527.84261   3.77982303E-001
   3526.50884   3.80871028E-001
   3525.17506   3.83793623E-001
   3523.84128   3.86750622E-001
   3522.50750   3.89742567E-001
   3521.17372   3.92770015E-001
   3519.83995   3.95833531E-001
   3518.50617   3.98933692E-001
   3517.17239   4.02071087E-001
   3515.83861   4.05246317E-001
   3514.50483   4.08459995E-001
   3513.17106   4.11712745E-001
   3511.83728   4.15005206E-001
   3510.50350   4.18338030E-001
   3509.16972   4.21711881E-001
   3507.83595   4.25127437E-001
   3506.50217   4.28585391E-001
   3505.16839   4.32086450E-001
   3503.83461   4.35631336E-001
   3502.50083   4.39220786E-001
   3501.16706   4.42855552E-001
   3499.83328   4.46536403E-001
   3498.49950   4.50264123E-001
   3497.16572   4.54039516E-001
   3495.83194   4.57863399E-001
   3494.49817   4.61736609E-001
   3493.16439   4.65660002E-001
   3491.83061   4.69634450E-001
   3490.49683   4.73660847E-001
   3489.16305   4.77740104E-001
   3487.82928   4.81873154E-001
   3486.49550   4.86060950E-001
   3485.16172   4.90304466E-001
   3483.82794   4.94604699E-001
   3482.49416   4.98962666E-001
   3481.16039   5.03379410E-001
   3479.82661   5.07855995E-001
   3478.49283   5.12393511E-001
   3477.15905   5.16993073E-001
   3475.82528   5.21655819E-001
   3474.49150   5.26382918E-001
   3473.15772   5.31175561E-001
   3471.82394   5.36034970E-001
   3470.49016   5.40962396E-001
   3469.15639   5.45959117E-001
   3467.82261   5.51026444E-001
   3466.48883   5.56165716E-001
   3465.15505   5.61378307E-001
   3463.82127   5.66665623E-001
   3462.48750   5.72029102E-001
   3461.15372   5.77470221E-001
   3459.81994   5.82990489E-001
   3458.48616   5.88591453E-001
   3457.15238   5.94274700E-001
   3455.81861   6.00041854E-001
   3454.48483   6.05894580E-001
   3453.15105   6.11834586E-001
   3451.81727   6.17863620E-001
   3450.48349   6.23983477E-001
   3449.14972   6.30195996E-001
   3447.81594   6.36503063E-001
   3446.48216   6.42906612E-001
   3445.14838   6.49408628E-001
   3443.81460   6.56011147E-001
   3442.48083   6.62716257E-001
   3441.14705   6.69526103E-001
   3439.81327   6.76442882E-001
   3438.47949   6.83468855E-001
   3437.14572   6.90606338E-001
   3435.81194   6.97857712E-001
   3434.47816   7.05225421E-001
   3433.14438   7.12711975E-001
   3431.81060   7.20319952E-001
   3430.47683   7.28052002E-001
   3429.14305   7.35910845E-001
   3427.80927   7.43899278E-001
   3426.47549   7.52020177E-001
   3425.14171   7.60276496E-001
   3423.80794   7.68671272E-001
   3422.47416   7.77207631E-001
   3421.14038   7.85888784E-001
   3419.80660   7.94718037E-001
   3418.47282   8.03698789E-001
   3417.13905   8.12834537E-001
   3415.80527   8.22128882E-001
   3414.47149   8.31585530E-001
   3413.13771   8.41208294E-001
   3411.80393   8.51001103E-001
   3410.47016   8.60968000E-001
   3409.13638   8.71113152E-001
   3407.80260   8.81440851E-001
   3406.46882   8.91955518E-001
   3405.13505   9.02661710E-001
   3403.80127   9.13564126E-001
   3402.46749   9.24667607E-001
   3401.13371   9.35977147E-001
   3399.79993   9.47497895E-001
   3398.46616   9.59235165E-001
   3397.13238   9.71194438E-001
   3395.79860   9.83381368E-001
   3394.46482   9.95801795E-001
   3393.13104   1.00846175E+000
   3391.79727   1.02136744E+000
   3390.46349   1.03452531E+000
   3389.12971   1.04794200E+000
   3387.79593   1.06162436E+000
   3386.46215   1.07557949E+000
   3385.12838   1.08981471E+000
   3383.79460   1.10433761E+000
   3382.46082   1.11915601E+000
   3381.12704   1.13427804E+000
   3379.79326   1.14971207E+000
   3378.45949   1.16546679E+000
   3377.12571   1.18155119E+000
   3375.79193   1.19797456E+000
   3374.45815   1.21474655E+000
   3373.12437   1.23187714E+000
   3371.79060   1.24937668E+000
   3370.45682   1.26725588E+000
   3369.12304   1.28552587E+000
   3367.78926   1.30419817E+000
   3366.45549   1.32328475E+000
   3365.12171   1.34279801E+000
   3363.78793   1.36275083E+000
   3362.45415   1.38315658E+000
   3361.12037   1.40402915E+000
   3359.78660   1.42538297E+000
   3358.45282   1.44723303E+000
   3357.11904   1.46959491E+000
   3355.78526   1.49248481E+000
   3354.45148   1.51591958E+000
   3353.11771   1.53991676E+000
   3351.78393   1.56449461E+000
   3350.45015   1.58967211E+000
   3349.11637   1.61546906E+000
   3347.78259   1.64190607E+000
   3346.44882   1.66900465E+000
   3345.11504   1.69678718E+000
   3343.78126   1.72527703E+000
   3342.44748   1.75449859E+000
   3341.11370   1.78447731E+000
   3339.77993   1.81523976E+000
   3338.44615   1.84681369E+000
   3337.11237   1.87922811E+000
   3335.77859   1.91251334E+000
   3334.44481   1.94670111E+000
   3333.11104   1.98182460E+000
   3331.77726   2.01791855E+000
   3330.44348   2.05501933E+000
   3329.10970   2.09316507E+000
   3327.77593   2.13239572E+000
   3326.44215   2.17275318E+000
   3325.10837   2.21428141E+000
   3323.77459   2.25702657E+000
   3322.44081   2.30103712E+000
   3321.10704   2.34636400E+000
   3319.77326   2.39306077E+000
   3318.43948   2.44118374E+000
   3317.10570   2.49079223E+000
   3315.77192   2.54194866E+000
   3314.43815   2.59471885E+000
   3313.10437   2.64917216E+000
   3311.77059   2.70538180E+000
   3310.43681   2.76342504E+000
   3309.10303   2.82338351E+000
   3307.76926   2.88534350E+000
   3306.43548   2.94939627E+000
   3305.10170   3.01563847E+000
   3303.76792   3.08417242E+000
   3302.43414   3.15510663E+000
   3301.10037   3.22855622E+000
   3299.76659   3.30464337E+000
   3298.43281   3.38349797E+000
   3297.09903   3.46525811E+000
   3295.76526   3.55007078E+000
   3294.43148   3.63809259E+000
   3293.09770   3.72949051E+000
   3291.76392   3.82444279E+000
   3290.43014   3.92313981E+000
   3289.09637   4.02578524E+000
   3287.76259   4.13259707E+000
   3286.42881   4.24380897E+000
   3285.09503   4.35967164E+000
   3283.76125   4.48045440E+000
   3282.42748   4.60644691E+000
   3281.09370   4.73796113E+000
   3279.75992   4.87533345E+000
   3278.42614   5.01892712E+000
   3277.09236   5.16913497E+000
   3275.75859   5.32638245E+000
   3274.42481   5.49113110E+000
   3273.09103   5.66388238E+000
   3271.75725   5.84518216E+000
   3270.42347   6.03562566E+000
   3269.08970   6.23586323E+000
   3267.75592   6.44660688E+000
   3266.42214   6.66863781E+000
   3265.08836   6.90281507E+000
   3263.75458   7.15008567E+000
   3262.42081   7.41149617E+000
   3261.08703   7.68820639E+000
   3259.75325   7.98150541E+000
   3258.41947   8.29283042E+000
   3257.08570   8.62378910E+000
   3255.75192   8.97618634E+000
   3254.41814   9.35205624E+000
   3253.08436   9.75370076E+000
   3251.75058   1.01837368E+001
   3250.41681   1.06451538E+001
   3249.08303   1.11413851E+001
   3247.74925   1.16763962E+001
   3246.41547   1.22547972E+001
   3245.08169   1.28819839E+001
   3243.74792   1.35643201E+001
   3242.41414   1.43093747E+001
   3241.08036   1.51262329E+001
   3239.74658   1.60259118E+001
   3238.41280   1.70219233E+001
   3237.07903   1.81310491E+001
   3235.74525   1.93744245E+001
   3234.41147   2.07790879E+001
   3233.07769   2.23802376E+001
   3231.74391   2.42246001E+001
   3230.41014   2.63755826E+001
   3229.07636   2.89213788E+001
   3227.74258   3.19881218E+001
   3226.40880   3.57619580E+001
   3225.07503   4.05274992E+001
   3223.74125   4.67375282E+001
   3222.40747   5.51446275E+001
   3221.07369   6.70588846E+001
   3219.73991   8.48596617E+001
   3218.40614   1.12943880E+002
   3217.07236   1.58753427E+002
   3215.73858   2.28479699E+002
   3214.40480   2.96547647E+002
   3213.07102   2.89815772E+002
   3211.73725   2.23478966E+002
   3210.40347   1.67249129E+002
   3209.06969   1.35128721E+002
   3207.73591   1.19639794E+002
   3206.40213   1.14394626E+002
   3205.06836   1.16023229E+002
   3203.73458   1.23075926E+002
   3202.40080   1.35276118E+002
   3201.06702   1.53231453E+002
   3199.73324   1.78471461E+002
   3198.39947   2.13799864E+002
   3197.06569   2.64110531E+002
   3195.73191   3.38062091E+002
   3194.39813   4.51403479E+002
   3193.06435   6.32802446E+002
   3191.73058   9.27399174E+002
   3190.39680   1.35279988E+003
   3189.06302   1.70369814E+003
   3187.72924   1.65550937E+003
   3186.39547   1.46222865E+003
   3185.06169   1.47937093E+003
   3183.72791   1.77661420E+003
   3182.39413   2.17828523E+003
   3181.06035   2.33202148E+003
   3179.72658   2.19263721E+003
   3178.39280   1.75633102E+003
   3177.05902   1.28830283E+003
   3175.72524   1.01500576E+003
   3174.39146   9.13579526E+002
   3173.05769   8.36764277E+002
   3171.72391   6.67777664E+002
   3170.39013   4.93637061E+002
   3169.05635   3.76897177E+002
   3167.72257   3.10309595E+002
   3166.38880   2.80584590E+002
   3165.05502   2.83453315E+002
   3163.72124   3.20353508E+002
   3162.38746   3.80135070E+002
   3161.05368   4.04557771E+002
   3159.71991   3.50649419E+002
   3158.38613   2.62836458E+002
   3157.05235   1.89512616E+002
   3155.71857   1.41143918E+002
   3154.38479   1.10205302E+002
   3153.05102   8.95896932E+001
   3151.71724   7.51085437E+001
   3150.38346   6.44416983E+001
   3149.04968   5.62706291E+001
   3147.71591   4.98108329E+001
   3146.38213   4.45728153E+001
   3145.04835   4.02374735E+001
   3143.71457   3.65885466E+001
   3142.38079   3.34744162E+001
   3141.04702   3.07856055E+001
   3139.71324   2.84410170E+001
   3138.37946   2.63792238E+001
   3137.04568   2.45527853E+001
   3135.71190   2.29244339E+001
   3134.37813   2.14644522E+001
   3133.04435   2.01488279E+001
   3131.71057   1.89579295E+001
   3130.37679   1.78755382E+001
   3129.04301   1.68881287E+001
   3127.70924   1.59843262E+001
   3126.37546   1.51544912E+001
   3125.04168   1.43903985E+001
   3123.70790   1.36849849E+001
   3122.37412   1.30321502E+001
   3121.04035   1.24265980E+001
   3119.70657   1.18637070E+001
   3118.37279   1.13394273E+001
   3117.03901   1.08501941E+001
   3115.70524   1.03928582E+001
   3114.37146   9.96462681E+000
   3113.03768   9.56301508E+000
   3111.70390   9.18580505E+000
   3110.37012   8.83101106E+000
   3109.03635   8.49685040E+000
   3107.70257   8.18171832E+000
   3106.36879   7.88416659E+000
   3105.03501   7.60288520E+000
   3103.70123   7.33668640E+000
   3102.36746   7.08449103E+000
   3101.03368   6.84531658E+000
   3099.69990   6.61826677E+000
   3098.36612   6.40252246E+000
   3097.03234   6.19733370E+000
   3095.69857   6.00201271E+000
   3094.36479   5.81592767E+000
   3093.03101   5.63849729E+000
   3091.69723   5.46918595E+000
   3090.36345   5.30749941E+000
   3089.02968   5.15298096E+000
   3087.69590   5.00520802E+000
   3086.36212   4.86378908E+000
   3085.02834   4.72836096E+000
   3083.69456   4.59858637E+000
   3082.36079   4.47415168E+000
   3081.02701   4.35476495E+000
   3079.69323   4.24015414E+000
   3078.35945   4.13006546E+000
   3077.02568   4.02426192E+000
   3075.69190   3.92252201E+000
   3074.35812   3.82463849E+000
   3073.02434   3.73041726E+000
   3071.69056   3.63967640E+000
   3070.35679   3.55224524E+000
   3069.02301   3.46796353E+000
   3067.68923   3.38668069E+000
   3066.35545   3.30825508E+000
   3065.02167   3.23255340E+000
   3063.68790   3.15945010E+000
   3062.35412   3.08882682E+000
   3061.02034   3.02057191E+000
   3059.68656   2.95457998E+000
   3058.35278   2.89075149E+000
   3057.01901   2.82899231E+000
   3055.68523   2.76921346E+000
   3054.35145   2.71133067E+000
   3053.01767   2.65526417E+000
   3051.68389   2.60093834E+000
   3050.35012   2.54828150E+000
   3049.01634   2.49722562E+000
   3047.68256   2.44770614E+000
   3046.34878   2.39966173E+000
   3045.01501   2.35303410E+000
   3043.68123   2.30776784E+000
   3042.34745   2.26381023E+000
   3041.01367   2.22111108E+000
   3039.67989   2.17962261E+000
   3038.34612   2.13929929E+000
   3037.01234   2.10009773E+000
   3035.67856   2.06197652E+000
   3034.34478   2.02489620E+000
   3033.01100   1.98881905E+000
   3031.67723   1.95370910E+000
   3030.34345   1.91953195E+000
   3029.00967   1.88625474E+000
   3027.67589   1.85384604E+000
   3026.34211   1.82227579E+000
   3025.00834   1.79151523E+000
   3023.67456   1.76153682E+000
   3022.34078   1.73231418E+000
   3021.00700   1.70382205E+000
   3019.67322   1.67603621E+000
   3018.33945   1.64893345E+000
   3017.00567   1.62249150E+000
   3015.67189   1.59668900E+000
   3014.33811   1.57150545E+000
   3013.00433   1.54692114E+000
   3011.67056   1.52291719E+000
   3010.33678   1.49947542E+000
   3009.00300   1.47657838E+000
   3007.66922   1.45420928E+000
   3006.33545   1.43235199E+000
   3005.00167   1.41099097E+000
   3003.66789   1.39011130E+000
   3002.33411   1.36969858E+000
   3001.00033   1.34973898E+000
   2999.66656   1.33021916E+000
   2998.33278   1.31112627E+000
   2996.99900   1.29244794E+000
   2995.66522   1.27417222E+000
   2994.33144   1.25628763E+000
   2992.99767   1.23878306E+000
   2991.66389   1.22164781E+000
   2990.33011   1.20487154E+000
   2988.99633   1.18844430E+000
   2987.66255   1.17235645E+000
   2986.32878   1.15659870E+000
   2984.99500   1.14116208E+000
   2983.66122   1.12603790E+000
   2982.32744   1.11121779E+000
   2980.99366   1.09669365E+000
   2979.65989   1.08245764E+000
   2978.32611   1.06850219E+000
   2976.99233   1.05481997E+000
   2975.65855   1.04140389E+000
   2974.32477   1.02824708E+000
   2972.99100   1.01534292E+000
   2971.65722   1.00268497E+000
   2970.32344   9.90267009E-001
   2968.98966   9.78083005E-001
   2967.65589   9.66127119E-001
   2966.32211   9.54393692E-001
   2964.98833   9.42877241E-001
   2963.65455   9.31572450E-001
   2962.32077   9.20474165E-001
   2960.98700   9.09577390E-001
   2959.65322   8.98877277E-001
   2958.31944   8.88369124E-001
   2956.98566   8.78048372E-001
   2955.65188   8.67910592E-001
   2954.31811   8.57951489E-001
   2952.98433   8.48166891E-001
   2951.65055   8.38552750E-001
   2950.31677   8.29105132E-001
   2948.98299   8.19820219E-001
   2947.64922   8.10694299E-001
   2946.31544   8.01723768E-001
   2944.98166   7.92905124E-001
   2943.64788   7.84234959E-001
   2942.31410   7.75709966E-001
   2940.98033   7.67326927E-001
   2939.64655   7.59082711E-001
   2938.31277   7.50974277E-001
   2936.97899   7.42998663E-001
   2935.64522   7.35152991E-001
   2934.31144   7.27434459E-001
   2932.97766   7.19840340E-001
   2931.64388   7.12367980E-001
   2930.31010   7.05014795E-001
   2928.97633   6.97778272E-001
   2927.64255   6.90655962E-001
   2926.30877   6.83645478E-001
   2924.97499   6.76744500E-001
   2923.64121   6.69950764E-001
   2922.30744   6.63262065E-001
   2920.97366   6.56676256E-001
   2919.63988   6.50191244E-001
   2918.30610   6.43804988E-001
   2916.97232   6.37515500E-001
   2915.63855   6.31320841E-001
   2914.30477   6.25219121E-001
   2912.97099   6.19208497E-001
   2911.63721   6.13287170E-001
   2910.30343   6.07453387E-001
   2908.96966   6.01705437E-001
   2907.63588   5.96041652E-001
   2906.30210   5.90460402E-001
   2904.96832   5.84960099E-001
   2903.63454   5.79539191E-001
   2902.30077   5.74196165E-001
   2900.96699   5.68929542E-001
   2899.63321   5.63737879E-001
   2898.29943   5.58619767E-001
   2896.96566   5.53573829E-001
   2895.63188   5.48598723E-001
   2894.29810   5.43693135E-001
   2892.96432   5.38855783E-001
   2891.63054   5.34085413E-001
   2890.29677   5.29380802E-001
   2888.96299   5.24740753E-001
   2887.62921   5.20164096E-001
   2886.29543   5.15649690E-001
   2884.96165   5.11196417E-001
   2883.62788   5.06803185E-001
   2882.29410   5.02468926E-001
   2880.96032   4.98192596E-001
   2879.62654   4.93973174E-001
   2878.29276   4.89809661E-001
   2876.95899   4.85701081E-001
   2875.62521   4.81646478E-001
   2874.29143   4.77644918E-001
   2872.95765   4.73695486E-001
   2871.62387   4.69797287E-001
   2870.29010   4.65949445E-001
   2868.95632   4.62151104E-001
   2867.62254   4.58401425E-001
   2866.28876   4.54699587E-001
   2864.95498   4.51044785E-001
   2863.62121   4.47436234E-001
   2862.28743   4.43873162E-001
   2860.95365   4.40354815E-001
   2859.61987   4.36880454E-001
   2858.28610   4.33449356E-001
   2856.95232   4.30060812E-001
   2855.61854   4.26714128E-001
   2854.28476   4.23408623E-001
   2852.95098   4.20143631E-001
   2851.61721   4.16918500E-001
   2850.28343   4.13732589E-001
   2848.94965   4.10585273E-001
   2847.61587   4.07475935E-001
   2846.28209   4.04403975E-001
   2844.94832   4.01368802E-001
   2843.61454   3.98369837E-001
   2842.28076   3.95406513E-001
   2840.94698   3.92478275E-001
   2839.61320   3.89584576E-001
   2838.27943   3.86724882E-001
   2836.94565   3.83898669E-001
   2835.61187   3.81105423E-001
   2834.27809   3.78344638E-001
   2832.94431   3.75615821E-001
   2831.61054   3.72918486E-001
   2830.27676   3.70252156E-001
   2828.94298   3.67616366E-001
   2827.60920   3.65010656E-001
   2826.27543   3.62434576E-001
   2824.94165   3.59887686E-001
   2823.60787   3.57369553E-001
   2822.27409   3.54879751E-001
   2820.94031   3.52417863E-001
   2819.60654   3.49983479E-001
   2818.27276   3.47576198E-001
   2816.93898   3.45195625E-001
   2815.60520   3.42841373E-001
   2814.27142   3.40513060E-001
   2812.93765   3.38210314E-001
   2811.60387   3.35932768E-001
   2810.27009   3.33680061E-001
   2808.93631   3.31451840E-001
   2807.60253   3.29247757E-001
   2806.26876   3.27067470E-001
   2804.93498   3.24910646E-001
   2803.60120   3.22776953E-001
   2802.26742   3.20666069E-001
   2800.93364   3.18577676E-001
   2799.59987   3.16511461E-001
   2798.26609   3.14467118E-001
   2796.93231   3.12444344E-001
   2795.59853   3.10442844E-001
   2794.26475   3.08462326E-001
   2792.93098   3.06502504E-001
   2791.59720   3.04563097E-001
   2790.26342   3.02643827E-001
   2788.92964   3.00744423E-001
   2787.59587   2.98864618E-001
   2786.26209   2.97004149E-001
   2784.92831   2.95162757E-001
   2783.59453   2.93340189E-001
   2782.26075   2.91536194E-001
   2780.92698   2.89750527E-001
   2779.59320   2.87982947E-001
   2778.25942   2.86233215E-001
   2776.92564   2.84501099E-001
   2775.59186   2.82786367E-001
   2774.25809   2.81088795E-001
   2772.92431   2.79408160E-001
   2771.59053   2.77744243E-001
   2770.25675   2.76096829E-001
   2768.92297   2.74465706E-001
   2767.58920   2.72850666E-001
   2766.25542   2.71251504E-001
   2764.92164   2.69668018E-001
   2763.58786   2.68100009E-001
   2762.25408   2.66547283E-001
   2760.92031   2.65009648E-001
   2759.58653   2.63486913E-001
   2758.25275   2.61978893E-001
   2756.91897   2.60485404E-001
   2755.58520   2.59006266E-001
   2754.25142   2.57541302E-001
   2752.91764   2.56090337E-001
   2751.58386   2.54653198E-001
   2750.25008   2.53229717E-001
   2748.91631   2.51819725E-001
   2747.58253   2.50423060E-001
   2746.24875   2.49039559E-001
   2744.91497   2.47669063E-001
   2743.58119   2.46311415E-001
   2742.24742   2.44966461E-001
   2740.91364   2.43634048E-001
   2739.57986   2.42314027E-001
   2738.24608   2.41006250E-001
   2736.91230   2.39710572E-001
   2735.57853   2.38426849E-001
   2734.24475   2.37154941E-001
   2732.91097   2.35894709E-001
   2731.57719   2.34646015E-001
   2730.24341   2.33408725E-001
   2728.90964   2.32182706E-001
   2727.57586   2.30967828E-001
   2726.24208   2.29763960E-001
   2724.90830   2.28570976E-001
   2723.57452   2.27388751E-001
   2722.24075   2.26217161E-001
   2720.90697   2.25056085E-001
   2719.57319   2.23905402E-001
   2718.23941   2.22764995E-001
   2716.90564   2.21634747E-001
   2715.57186   2.20514544E-001
   2714.23808   2.19404271E-001
   2712.90430   2.18303819E-001
   2711.57052   2.17213076E-001
   2710.23675   2.16131934E-001
   2708.90297   2.15060287E-001
   2707.56919   2.13998029E-001
   2706.23541   2.12945056E-001
   2704.90163   2.11901266E-001
   2703.56786   2.10866557E-001
   2702.23408   2.09840832E-001
   2700.90030   2.08823990E-001
   2699.56652   2.07815935E-001
   2698.23274   2.06816572E-001
   2696.89897   2.05825807E-001
   2695.56519   2.04843547E-001
   2694.23141   2.03869700E-001
   2692.89763   2.02904175E-001
   2691.56385   2.01946885E-001
   2690.23008   2.00997740E-001
   2688.89630   2.00056655E-001
   2687.56252   1.99123543E-001
   2686.22874   1.98198320E-001
   2684.89496   1.97280903E-001
   2683.56119   1.96371211E-001
   2682.22741   1.95469161E-001
   2680.89363   1.94574674E-001
   2679.55985   1.93687671E-001
   2678.22608   1.92808075E-001
   2676.89230   1.91935808E-001
   2675.55852   1.91070796E-001
   2674.22474   1.90212962E-001
   2672.89096   1.89362233E-001
   2671.55719   1.88518537E-001
   2670.22341   1.87681801E-001
   2668.88963   1.86851956E-001
   2667.55585   1.86028930E-001
   2666.22207   1.85212654E-001
   2664.88830   1.84403061E-001
   2663.55452   1.83600084E-001
   2662.22074   1.82803655E-001
   2660.88696   1.82013709E-001
   2659.55318   1.81230182E-001
   2658.21941   1.80453009E-001
   2656.88563   1.79682128E-001
   2655.55185   1.78917476E-001
   2654.21807   1.78158992E-001
   2652.88429   1.77406615E-001
   2651.55052   1.76660285E-001
   2650.21674   1.75919943E-001
   2648.88296   1.75185531E-001
   2647.54918   1.74456990E-001
   2646.21541   1.73734265E-001
   2644.88163   1.73017298E-001
   2643.54785   1.72306034E-001
   2642.21407   1.71600418E-001
   2640.88029   1.70900397E-001
   2639.54652   1.70205916E-001
   2638.21274   1.69516923E-001
   2636.87896   1.68833365E-001
   2635.54518   1.68155192E-001
   2634.21140   1.67482351E-001
   2632.87763   1.66814794E-001
   2631.54385   1.66152470E-001
   2630.21007   1.65495329E-001
   2628.87629   1.64843325E-001
   2627.54251   1.64196408E-001
   2626.20874   1.63554532E-001
   2624.87496   1.62917650E-001
   2623.54118   1.62285715E-001
   2622.20740   1.61658683E-001
   2620.87362   1.61036507E-001
   2619.53985   1.60419144E-001
   2618.20607   1.59806550E-001
   2616.87229   1.59198680E-001
   2615.53851   1.58595493E-001
   2614.20473   1.57996946E-001
   2612.87096   1.57402997E-001
   2611.53718   1.56813604E-001
   2610.20340   1.56228727E-001
   2608.86962   1.55648324E-001
   2607.53585   1.55072357E-001
   2606.20207   1.54500786E-001
   2604.86829   1.53933572E-001
   2603.53451   1.53370675E-001
   2602.20073   1.52812059E-001
   2600.86696   1.52257684E-001
   2599.53318   1.51707515E-001
   2598.19940   1.51161514E-001
   2596.86562   1.50619646E-001
   2595.53184   1.50081873E-001
   2594.19807   1.49548160E-001
   2592.86429   1.49018473E-001
   2591.53051   1.48492777E-001
   2590.19673   1.47971036E-001
   2588.86295   1.47453218E-001
   2587.52918   1.46939289E-001
   2586.19540   1.46429216E-001
   2584.86162   1.45922965E-001
   2583.52784   1.45420506E-001
   2582.19406   1.44921804E-001
   2580.86029   1.44426829E-001
   2579.52651   1.43935550E-001
   2578.19273   1.43447936E-001
   2576.85895   1.42963955E-001
   2575.52518   1.42483578E-001
   2574.19140   1.42006775E-001
   2572.85762   1.41533516E-001
   2571.52384   1.41063772E-001
   2570.19006   1.40597513E-001
   2568.85629   1.40134713E-001
   2567.52251   1.39675341E-001
   2566.18873   1.39219371E-001
   2564.85495   1.38766774E-001
   2563.52117   1.38317523E-001
   2562.18740   1.37871592E-001
   2560.85362   1.37428953E-001
   2559.51984   1.36989579E-001
   2558.18606   1.36553446E-001
   2556.85228   1.36120526E-001
   2555.51851   1.35690795E-001
   2554.18473   1.35264227E-001
   2552.85095   1.34840797E-001
   2551.51717   1.34420480E-001
   2550.18339   1.34003251E-001
   2548.84962   1.33589088E-001
   2547.51584   1.33177965E-001
   2546.18206   1.32769859E-001
   2544.84828   1.32364746E-001
   2543.51450   1.31962604E-001
   2542.18073   1.31563409E-001
   2540.84695   1.31167139E-001
   2539.51317   1.30773771E-001
   2538.17939   1.30383283E-001
   2536.84562   1.29995654E-001
   2535.51184   1.29610861E-001
   2534.17806   1.29228882E-001
   2532.84428   1.28849698E-001
   2531.51050   1.28473286E-001
   2530.17673   1.28099626E-001
   2528.84295   1.27728698E-001
   2527.50917   1.27360480E-001
   2526.17539   1.26994954E-001
   2524.84161   1.26632098E-001
   2523.50784   1.26271893E-001
   2522.17406   1.25914321E-001
   2520.84028   1.25559360E-001
   2519.50650   1.25206993E-001
   2518.17272   1.24857201E-001
   2516.83895   1.24509964E-001
   2515.50517   1.24165265E-001
   2514.17139   1.23823084E-001
   2512.83761   1.23483405E-001
   2511.50383   1.23146208E-001
   2510.17006   1.22811477E-001
   2508.83628   1.22479194E-001
   2507.50250   1.22149341E-001
   2506.16872   1.21821902E-001
   2504.83494   1.21496858E-001
   2503.50117   1.21174195E-001
   2502.16739   1.20853894E-001
   2500.83361   1.20535939E-001
   2499.49983   1.20220315E-001
   2498.16606   1.19907004E-001
   2496.83228   1.19595992E-001
   2495.49850   1.19287262E-001
   2494.16472   1.18980799E-001
   2492.83094   1.18676587E-001
   2491.49717   1.18374612E-001
   2490.16339   1.18074857E-001
   2488.82961   1.17777307E-001
   2487.49583   1.17481950E-001
   2486.16205   1.17188768E-001
   2484.82828   1.16897748E-001
   2483.49450   1.16608876E-001
   2482.16072   1.16322138E-001
   2480.82694   1.16037518E-001
   2479.49316   1.15755005E-001
   2478.15939   1.15474582E-001
   2476.82561   1.15196238E-001
   2475.49183   1.14919959E-001
   2474.15805   1.14645730E-001
   2472.82427   1.14373540E-001
   2471.49050   1.14103375E-001
   2470.15672   1.13835221E-001
   2468.82294   1.13569067E-001
   2467.48916   1.13304900E-001
   2466.15539   1.13042707E-001
   2464.82161   1.12782475E-001
   2463.48783   1.12524193E-001
   2462.15405   1.12267848E-001
   2460.82027   1.12013428E-001
   2459.48650   1.11760921E-001
   2458.15272   1.11510316E-001
   2456.81894   1.11261602E-001
   2455.48516   1.11014765E-001
   2454.15138   1.10769796E-001
   2452.81761   1.10526682E-001
   2451.48383   1.10285413E-001
   2450.15005   1.10045977E-001
   2448.81627   1.09808364E-001
   2447.48249   1.09572563E-001
   2446.14872   1.09338563E-001
   2444.81494   1.09106353E-001
   2443.48116   1.08875923E-001
   2442.14738   1.08647263E-001
   2440.81360   1.08420362E-001
   2439.47983   1.08195211E-001
   2438.14605   1.07971798E-001
   2436.81227   1.07750115E-001
   2435.47849   1.07530151E-001
   2434.14471   1.07311897E-001
   2432.81094   1.07095342E-001
   2431.47716   1.06880478E-001
   2430.14338   1.06667295E-001
   2428.80960   1.06455784E-001
   2427.47583   1.06245935E-001
   2426.14205   1.06037740E-001
   2424.80827   1.05831189E-001
   2423.47449   1.05626273E-001
   2422.14071   1.05422984E-001
   2420.80694   1.05221312E-001
   2419.47316   1.05021249E-001
   2418.13938   1.04822787E-001
   2416.80560   1.04625917E-001
   2415.47182   1.04430631E-001
   2414.13805   1.04236920E-001
   2412.80427   1.04044776E-001
   2411.47049   1.03854191E-001
   2410.13671   1.03665157E-001
   2408.80293   1.03477666E-001
   2407.46916   1.03291711E-001
   2406.13538   1.03107282E-001
   2404.80160   1.02924374E-001
   2403.46782   1.02742978E-001
   2402.13404   1.02563086E-001
   2400.80027   1.02384692E-001
   2399.46649   1.02207787E-001
   2398.13271   1.02032366E-001
   2396.79893   1.01858419E-001
   2395.46516   1.01685941E-001
   2394.13138   1.01514924E-001
   2392.79760   1.01345362E-001
   2391.46382   1.01177247E-001
   2390.13004   1.01010572E-001
   2388.79627   1.00845332E-001
   2387.46249   1.00681519E-001
   2386.12871   1.00519126E-001
   2384.79493   1.00358148E-001
   2383.46115   1.00198578E-001
   2382.12738   1.00040409E-001
   2380.79360   9.98836357E-002
   2379.45982   9.97282513E-002
   2378.12604   9.95742499E-002
   2376.79226   9.94216253E-002
   2375.45849   9.92703716E-002
   2374.12471   9.91204830E-002
   2372.79093   9.89719536E-002
   2371.45715   9.88247775E-002
   2370.12337   9.86789492E-002
   2368.78960   9.85344630E-002
   2367.45582   9.83913133E-002
   2366.12204   9.82494947E-002
   2364.78826   9.81090016E-002
   2363.45448   9.79698289E-002
   2362.12071   9.78319711E-002
   2360.78693   9.76954231E-002
   2359.45315   9.75601797E-002
   2358.11937   9.74262359E-002
   2356.78560   9.72935865E-002
   2355.45182   9.71622266E-002
   2354.11804   9.70321513E-002
   2352.78426   9.69033559E-002
   2351.45048   9.67758355E-002
   2350.11671   9.66495854E-002
   2348.78293   9.65246009E-002
   2347.44915   9.64008776E-002
   2346.11537   9.62784108E-002
   2344.78159   9.61571962E-002
   2343.44782   9.60372292E-002
   2342.11404   9.59185057E-002
   2340.78026   9.58010212E-002
   2339.44648   9.56847716E-002
   2338.11270   9.55697528E-002
   2336.77893   9.54559606E-002
   2335.44515   9.53433910E-002
   2334.11137   9.52320400E-002
   2332.77759   9.51219037E-002
   2331.44381   9.50129782E-002
   2330.11004   9.49052598E-002
   2328.77626   9.47987446E-002
   2327.44248   9.46934290E-002
   2326.10870   9.45893095E-002
   2324.77492   9.44863823E-002
   2323.44115   9.43846439E-002
   2322.10737   9.42840910E-002
   2320.77359   9.41847201E-002
   2319.43981   9.40865279E-002
   2318.10604   9.39895110E-002
   2316.77226   9.38936663E-002
   2315.43848   9.37989905E-002
   2314.10470   9.37054805E-002
   2312.77092   9.36131333E-002
   2311.43715   9.35219459E-002
   2310.10337   9.34319152E-002
   2308.76959   9.33430383E-002
   2307.43581   9.32553125E-002
   2306.10203   9.31687349E-002
   2304.76826   9.30833027E-002
   2303.43448   9.29990133E-002
   2302.10070   9.29158641E-002
   2300.76692   9.28338523E-002
   2299.43314   9.27529757E-002
   2298.09937   9.26732315E-002
   2296.76559   9.25946175E-002
   2295.43181   9.25171311E-002
   2294.09803   9.24407702E-002
   2292.76425   9.23655325E-002
   2291.43048   9.22914157E-002
   2290.09670   9.22184176E-002
   2288.76292   9.21465362E-002
   2287.42914   9.20757694E-002
   2286.09537   9.20061152E-002
   2284.76159   9.19375716E-002
   2283.42781   9.18701368E-002
   2282.09403   9.18038088E-002
   2280.76025   9.17385859E-002
   2279.42648   9.16744664E-002
   2278.09270   9.16114484E-002
   2276.75892   9.15495305E-002
   2275.42514   9.14887110E-002
   2274.09136   9.14289883E-002
   2272.75759   9.13703610E-002
   2271.42381   9.13128276E-002
   2270.09003   9.12563868E-002
   2268.75625   9.12010371E-002
   2267.42247   9.11467774E-002
   2266.08870   9.10936064E-002
   2264.75492   9.10415229E-002
   2263.42114   9.09905257E-002
   2262.08736   9.09406139E-002
   2260.75358   9.08917863E-002
   2259.41981   9.08440420E-002
   2258.08603   9.07973801E-002
   2256.75225   9.07517997E-002
   2255.41847   9.07072999E-002
   2254.08469   9.06638801E-002
   2252.75092   9.06215394E-002
   2251.41714   9.05802773E-002
   2250.08336   9.05400931E-002
   2248.74958   9.05009862E-002
   2247.41581   9.04629561E-002
   2246.08203   9.04260024E-002
   2244.74825   9.03901247E-002
   2243.41447   9.03553227E-002
   2242.08069   9.03215959E-002
   2240.74692   9.02889442E-002
   2239.41314   9.02573674E-002
   2238.07936   9.02268653E-002
   2236.74558   9.01974378E-002
   2235.41180   9.01690849E-002
   2234.07803   9.01418067E-002
   2232.74425   9.01156031E-002
   2231.41047   9.00904743E-002
   2230.07669   9.00664205E-002
   2228.74291   9.00434420E-002
   2227.40914   9.00215389E-002
   2226.07536   9.00007116E-002
   2224.74158   8.99809606E-002
   2223.40780   8.99622863E-002
   2222.07402   8.99446891E-002
   2220.74025   8.99281697E-002
   2219.40647   8.99127286E-002
   2218.07269   8.98983665E-002
   2216.73891   8.98850842E-002
   2215.40514   8.98728824E-002
   2214.07136   8.98617619E-002
   2212.73758   8.98517237E-002
   2211.40380   8.98427687E-002
   2210.07002   8.98348979E-002
   2208.73625   8.98281123E-002
   2207.40247   8.98224132E-002
   2206.06869   8.98178016E-002
   2204.73491   8.98142788E-002
   2203.40113   8.98118461E-002
   2202.06736   8.98105049E-002
   2200.73358   8.98102566E-002
   2199.39980   8.98111026E-002
   2198.06602   8.98130445E-002
   2196.73224   8.98160838E-002
   2195.39847   8.98202223E-002
   2194.06469   8.98254617E-002
   2192.73091   8.98318037E-002
   2191.39713   8.98392501E-002
   2190.06335   8.98478030E-002
   2188.72958   8.98574641E-002
   2187.39580   8.98682357E-002
   2186.06202   8.98801197E-002
   2184.72824   8.98931183E-002
   2183.39446   8.99072338E-002
   2182.06069   8.99224684E-002
   2180.72691   8.99388245E-002
   2179.39313   8.99563045E-002
   2178.05935   8.99749109E-002
   2176.72558   8.99946462E-002
   2175.39180   9.00155131E-002
   2174.05802   9.00375142E-002
   2172.72424   9.00606523E-002
   2171.39046   9.00849303E-002
   2170.05669   9.01103510E-002
   2168.72291   9.01369174E-002
   2167.38913   9.01646326E-002
   2166.05535   9.01934996E-002
   2164.72157   9.02235217E-002
   2163.38780   9.02547020E-002
   2162.05402   9.02870440E-002
   2160.72024   9.03205510E-002
   2159.38646   9.03552265E-002
   2158.05268   9.03910741E-002
   2156.71891   9.04280974E-002
   2155.38513   9.04663001E-002
   2154.05135   9.05056860E-002
   2152.71757   9.05462590E-002
   2151.38379   9.05880229E-002
   2150.05002   9.06309820E-002
   2148.71624   9.06751402E-002
   2147.38246   9.07205018E-002
   2146.04868   9.07670709E-002
   2144.71490   9.08148521E-002
   2143.38113   9.08638497E-002
   2142.04735   9.09140683E-002
   2140.71357   9.09655124E-002
   2139.37979   9.10181869E-002
   2138.04602   9.10720964E-002
   2136.71224   9.11272458E-002
   2135.37846   9.11836402E-002
   2134.04468   9.12412846E-002
   2132.71090   9.13001842E-002
   2131.37713   9.13603442E-002
   2130.04335   9.14217699E-002
   2128.70957   9.14844668E-002
   2127.37579   9.15484405E-002
   2126.04201   9.16136965E-002
   2124.70824   9.16802407E-002
   2123.37446   9.17480788E-002
   2122.04068   9.18172168E-002
   2120.70690   9.18876608E-002
   2119.37312   9.19594168E-002
   2118.03935   9.20324912E-002
   2116.70557   9.21068903E-002
   2115.37179   9.21826206E-002
   2114.03801   9.22596886E-002
   2112.70423   9.23381011E-002
   2111.37046   9.24178648E-002
   2110.03668   9.24989867E-002
   2108.70290   9.25814738E-002
   2107.36912   9.26653332E-002
   2106.03535   9.27505723E-002
   2104.70157   9.28371984E-002
   2103.36779   9.29252191E-002
   2102.03401   9.30146419E-002
   2100.70023   9.31054746E-002
   2099.36646   9.31977252E-002
   2098.03268   9.32914016E-002
   2096.69890   9.33865120E-002
   2095.36512   9.34830647E-002
   2094.03134   9.35810680E-002
   2092.69757   9.36805307E-002
   2091.36379   9.37814612E-002
   2090.03001   9.38838685E-002
   2088.69623   9.39877616E-002
   2087.36245   9.40931495E-002
   2086.02868   9.42000416E-002
   2084.69490   9.43084472E-002
   2083.36112   9.44183759E-002
   2082.02734   9.45298375E-002
   2080.69356   9.46428417E-002
   2079.35979   9.47573988E-002
   2078.02601   9.48735187E-002
   2076.69223   9.49912120E-002
   2075.35845   9.51104891E-002
   2074.02467   9.52313607E-002
   2072.69090   9.53538377E-002
   2071.35712   9.54779310E-002
   2070.02334   9.56036521E-002
   2068.68956   9.57310121E-002
   2067.35579   9.58600227E-002
   2066.02201   9.59906957E-002
   2064.68823   9.61230430E-002
   2063.35445   9.62570767E-002
   2062.02067   9.63928092E-002
   2060.68690   9.65302530E-002
   2059.35312   9.66694208E-002
   2058.01934   9.68103255E-002
   2056.68556   9.69529804E-002
   2055.35178   9.70973987E-002
   2054.01801   9.72435940E-002
   2052.68423   9.73915801E-002
   2051.35045   9.75413710E-002
   2050.01667   9.76929810E-002
   2048.68289   9.78464245E-002
   2047.34912   9.80017161E-002
   2046.01534   9.81588709E-002
   2044.68156   9.83179040E-002
   2043.34778   9.84788307E-002
   2042.01400   9.86416669E-002
   2040.68023   9.88064284E-002
   2039.34645   9.89731314E-002
   2038.01267   9.91417924E-002
   2036.67889   9.93124280E-002
   2035.34512   9.94850552E-002
   2034.01134   9.96596914E-002
   2032.67756   9.98363541E-002
   2031.34378   1.00015061E-001
   2030.01000   1.00195831E-001
   2028.67623   1.00378681E-001
   2027.34245   1.00563631E-001
   2026.00867   1.00750700E-001
   2024.67489   1.00939907E-001
   2023.34111   1.01131271E-001
   2022.00734   1.01324814E-001
   2020.67356   1.01520554E-001
   2019.33978   1.01718514E-001
   2018.00600   1.01918713E-001
   2016.67222   1.02121174E-001
   2015.33845   1.02325918E-001
   2014.00467   1.02532967E-001
   2012.67089   1.02742344E-001
   2011.33711   1.02954072E-001
   2010.00333   1.03168174E-001
   2008.66956   1.03384673E-001
   2007.33578   1.03603595E-001
   2006.00200   1.03824963E-001
   2004.66822   1.04048802E-001
   2003.33444   1.04275137E-001
   2002.00067   1.04503996E-001
   2000.66689   1.04735403E-001
   1999.33311   1.04969386E-001
   1997.99933   1.05205972E-001
   1996.66556   1.05445188E-001
   1995.33178   1.05687064E-001
   1993.99800   1.05931626E-001
   1992.66422   1.06178906E-001
   1991.33044   1.06428932E-001
   1989.99667   1.06681734E-001
   1988.66289   1.06937345E-001
   1987.32911   1.07195794E-001
   1985.99533   1.07457114E-001
   1984.66155   1.07721338E-001
   1983.32778   1.07988499E-001
   1981.99400   1.08258630E-001
   1980.66022   1.08531766E-001
   1979.32644   1.08807941E-001
   1977.99266   1.09087193E-001
   1976.65889   1.09369556E-001
   1975.32511   1.09655069E-001
   1973.99133   1.09943768E-001
   1972.65755   1.10235692E-001
   1971.32377   1.10530881E-001
   1969.99000   1.10829375E-001
   1968.65622   1.11131213E-001
   1967.32244   1.11436438E-001
   1965.98866   1.11745093E-001
   1964.65488   1.12057219E-001
   1963.32111   1.12372862E-001
   1961.98733   1.12692065E-001
   1960.65355   1.13014876E-001
   1959.31977   1.13341340E-001
   1957.98600   1.13671505E-001
   1956.65222   1.14005420E-001
   1955.31844   1.14343134E-001
   1953.98466   1.14684698E-001
   1952.65088   1.15030164E-001
   1951.31711   1.15379583E-001
   1949.98333   1.15733010E-001
   1948.64955   1.16090500E-001
   1947.31577   1.16452108E-001
   1945.98199   1.16817893E-001
   1944.64822   1.17187911E-001
   1943.31444   1.17562223E-001
   1941.98066   1.17940890E-001
   1940.64688   1.18323973E-001
   1939.31310   1.18711537E-001
   1937.97933   1.19103646E-001
   1936.64555   1.19500366E-001
   1935.31177   1.19901766E-001
   1933.97799   1.20307914E-001
   1932.64421   1.20718881E-001
   1931.31044   1.21134740E-001
   1929.97666   1.21555564E-001
   1928.64288   1.21981429E-001
   1927.30910   1.22412413E-001
   1925.97533   1.22848594E-001
   1924.64155   1.23290053E-001
   1923.30777   1.23736874E-001
   1921.97399   1.24189140E-001
   1920.64021   1.24646939E-001
   1919.30644   1.25110359E-001
   1917.97266   1.25579491E-001
   1916.63888   1.26054428E-001
   1915.30510   1.26535265E-001
   1913.97132   1.27022099E-001
   1912.63755   1.27515030E-001
   1911.30377   1.28014161E-001
   1909.96999   1.28519595E-001
   1908.63621   1.29031441E-001
   1907.30243   1.29549809E-001
   1905.96866   1.30074810E-001
   1904.63488   1.30606561E-001
   1903.30110   1.31145180E-001
   1901.96732   1.31690788E-001
   1900.63354   1.32243511E-001
   1899.29977   1.32803475E-001
   1897.96599   1.33370812E-001
   1896.63221   1.33945657E-001
   1895.29843   1.34528148E-001
   1893.96465   1.35118426E-001
   1892.63088   1.35716637E-001
   1891.29710   1.36322931E-001
   1889.96332   1.36937460E-001
   1888.62954   1.37560384E-001
   1887.29577   1.38191863E-001
   1885.96199   1.38832065E-001
   1884.62821   1.39481160E-001
   1883.29443   1.40139325E-001
   1881.96065   1.40806740E-001
   1880.62688   1.41483593E-001
   1879.29310   1.42170073E-001
   1877.95932   1.42866379E-001
   1876.62554   1.43572714E-001
   1875.29176   1.44289285E-001
   1873.95799   1.45016309E-001
   1872.62421   1.45754006E-001
   1871.29043   1.46502604E-001
   1869.95665   1.47262340E-001
   1868.62287   1.48033454E-001
   1867.28910   1.48816197E-001
   1865.95532   1.49610826E-001
   1864.62154   1.50417606E-001
   1863.28776   1.51236813E-001
   1861.95398   1.52068727E-001
   1860.62021   1.52913642E-001
   1859.28643   1.53771858E-001
   1857.95265   1.54643686E-001
   1856.61887   1.55529449E-001
   1855.28510   1.56429478E-001
   1853.95132   1.57344115E-001
   1852.61754   1.58273718E-001
   1851.28376   1.59218651E-001
   1849.94998   1.60179295E-001
   1848.61621   1.61156043E-001
   1847.28243   1.62149301E-001
   1845.94865   1.63159492E-001
   1844.61487   1.64187049E-001
   1843.28109   1.65232427E-001
   1841.94732   1.66296093E-001
   1840.61354   1.67378532E-001
   1839.27976   1.68480249E-001
   1837.94598   1.69601766E-001
   1836.61220   1.70743626E-001
   1835.27843   1.71906390E-001
   1833.94465   1.73090645E-001
   1832.61087   1.74296998E-001
   1831.27709   1.75526081E-001
   1829.94331   1.76778550E-001
   1828.60954   1.78055088E-001
   1827.27576   1.79356406E-001
   1825.94198   1.80683245E-001
   1824.60820   1.82036375E-001
   1823.27442   1.83416598E-001
   1821.94065   1.84824753E-001
   1820.60687   1.86261711E-001
   1819.27309   1.87728384E-001
   1817.93931   1.89225722E-001
   1816.60554   1.90754717E-001
   1815.27176   1.92316406E-001
   1813.93798   1.93911873E-001
   1812.60420   1.95542251E-001
   1811.27042   1.97208726E-001
   1809.93665   1.98912539E-001
   1808.60287   2.00654990E-001
   1807.26909   2.02437441E-001
   1805.93531   2.04261321E-001
   1804.60153   2.06128127E-001
   1803.26776   2.08039432E-001
   1801.93398   2.09996888E-001
   1800.60020   2.12002230E-001
   1799.26642   2.14057284E-001
   1797.93264   2.16163969E-001
   1796.59887   2.18324307E-001
   1795.26509   2.20540428E-001
   1793.93131   2.22814577E-001
   1792.59753   2.25149121E-001
   1791.26375   2.27546562E-001
   1789.92998   2.30009539E-001
   1788.59620   2.32540845E-001
   1787.26242   2.35143434E-001
   1785.92864   2.37820432E-001
   1784.59486   2.40575151E-001
   1783.26109   2.43411107E-001
   1781.92731   2.46332025E-001
   1780.59353   2.49341868E-001
   1779.25975   2.52444844E-001
   1777.92598   2.55645432E-001
   1776.59220   2.58948403E-001
   1775.25842   2.62358841E-001
   1773.92464   2.65882170E-001
   1772.59086   2.69524186E-001
   1771.25709   2.73291081E-001
   1769.92331   2.77189485E-001
   1768.58953   2.81226501E-001
   1767.25575   2.85409744E-001
   1765.92197   2.89747393E-001
   1764.58820   2.94248240E-001
   1763.25442   2.98921746E-001
   1761.92064   3.03778109E-001
   1760.58686   3.08828330E-001
   1759.25308   3.14084295E-001
   1757.91931   3.19558865E-001
   1756.58553   3.25265970E-001
   1755.25175   3.31220727E-001
   1753.91797   3.37439561E-001
   1752.58419   3.43940348E-001
   1751.25042   3.50742573E-001
   1749.91664   3.57867513E-001
   1748.58286   3.65338439E-001
   1747.24908   3.73180853E-001
   1745.91531   3.81422750E-001
   1744.58153   3.90094923E-001
   1743.24775   3.99231313E-001
   1741.91397   4.08869411E-001
   1740.58019   4.19050714E-001
   1739.24642   4.29821268E-001
   1737.91264   4.41232284E-001
   1736.57886   4.53340860E-001
   1735.24508   4.66210831E-001
   1733.91130   4.79913756E-001
   1732.57753   4.94530087E-001
   1731.24375   5.10150553E-001
   1729.90997   5.26877799E-001
   1728.57619   5.44828343E-001
   1727.24241   5.64134928E-001
   1725.90864   5.84949353E-001
   1724.57486   6.07445901E-001
   1723.24108   6.31825528E-001
   1721.90730   6.58320986E-001
   1720.57352   6.87203165E-001
   1719.23975   7.18788961E-001
   1717.90597   7.53451143E-001
   1716.57219   7.91630801E-001
   1715.23841   8.33853205E-001
   1713.90463   8.80748187E-001
   1712.57086   9.33076597E-001
   1711.23708   9.91765031E-001
   1709.90330   1.05795194E+000
   1708.56952   1.13304968E+000
   1707.23575   1.21882911E+000
   1705.90197   1.31753690E+000
   1704.56819   1.43206076E+000
   1703.23441   1.56616694E+000
   1701.90063   1.72484851E+000
   1700.56686   1.91484860E+000
   1699.23308   2.14546729E+000
   1697.89930   2.42984342E+000
   1696.56552   2.78705947E+000
   1695.23174   3.24572828E+000
   1693.89797   3.85035581E+000
   1692.56419   4.67310849E+000
   1691.23041   5.83637969E+000
   1689.89663   7.55649095E+000
   1688.56285   1.02204812E+001
   1687.22908   1.44444757E+001
   1685.89530   2.05943761E+001
   1684.56152   2.66119491E+001
   1683.22774   2.96549502E+001
   1681.89396   3.37548516E+001
   1680.56019   4.13806311E+001
   1679.22641   4.43469878E+001
   1677.89263   3.67990732E+001
   1676.55885   2.82400747E+001
   1675.22508   2.42694440E+001
   1673.89130   2.52136114E+001
   1672.55752   3.11482223E+001
   1671.22374   4.04346428E+001
   1669.88996   4.34881482E+001
   1668.55619   3.43442740E+001
   1667.22241   2.32676195E+001
   1665.88863   1.57596080E+001
   1664.55485   1.12220205E+001
   1663.22107   8.44413426E+000
   1661.88730   6.67684980E+000
   1660.55352   5.51498190E+000
   1659.21974   4.74059859E+000
   1657.88596   4.23619497E+000
   1656.55218   3.94274400E+000
   1655.21841   3.84220894E+000
   1653.88463   3.95597708E+000
   1652.55085   4.35907562E+000
   1651.21707   5.21493006E+000
   1649.88329   6.81402128E+000
   1648.54952   9.39122215E+000
   1647.21574   1.18700333E+001
   1645.88196   1.12875705E+001
   1644.54818   8.33501938E+000
   1643.21440   5.80091123E+000
   1641.88063   4.21097735E+000
   1640.54685   3.24931869E+000
   1639.21307   2.64643652E+000
   1637.87929   2.24981508E+000
   1636.54552   1.97714491E+000
   1635.21174   1.78284848E+000
   1633.87796   1.64060713E+000
   1632.54418   1.53457888E+000
   1631.21040   1.45489516E+000
   1629.87663   1.39528020E+000
   1628.54285   1.35177139E+000
   1627.20907   1.32206126E+000
   1625.87529   1.30525871E+000
   1624.54151   1.30204668E+000
   1623.20774   1.31538634E+000
   1621.87396   1.35205113E+000
   1620.54018   1.42441208E+000
   1619.20640   1.54341625E+000
   1617.87262   1.66618445E+000
   1616.53885   1.66260010E+000
   1615.20507   1.55303300E+000
   1613.87129   1.46243299E+000
   1612.53751   1.41757907E+000
   1611.20373   1.40520860E+000
   1609.86996   1.41359048E+000
   1608.53618   1.43627660E+000
   1607.20240   1.47008298E+000
   1605.86862   1.51360384E+000
   1604.53484   1.56644747E+000
   1603.20107   1.62887272E+000
   1601.86729   1.70162950E+000
   1600.53351   1.78590930E+000
   1599.19973   1.88336423E+000
   1597.86596   1.99618009E+000
   1596.53218   2.12720363E+000
   1595.19840   2.28013600E+000
   1593.86462   2.45981634E+000
   1592.53084   2.67263635E+000
   1591.19707   2.92715263E+000
   1589.86329   3.23500705E+000
   1588.52951   3.61234035E+000
   1587.19573   4.08201924E+000
   1585.86195   4.67724660E+000
   1584.52818   5.44760439E+000
   1583.19440   6.46953273E+000
   1581.86062   7.86521526E+000
   1580.52684   9.83800849E+000
   1579.19306   1.27414389E+001
   1577.85929   1.72164436E+001
   1576.52551   2.44534602E+001
   1575.19173   3.65501960E+001
   1573.85795   5.58896778E+001
   1572.52417   7.79823607E+001
   1571.19040   8.10275842E+001
   1569.85662   6.09133009E+001
   1568.52284   4.04594677E+001
   1567.18906   2.73821974E+001
   1565.85529   1.97405208E+001
   1564.52151   1.52742804E+001
   1563.18773   1.26864644E+001
   1561.85395   1.13364255E+001
   1560.52017   1.09729978E+001
   1559.18640   1.15560689E+001
   1557.85262   1.27821335E+001
   1556.51884   1.32356049E+001
   1555.18506   1.23186169E+001
   1553.85128   1.15837848E+001
   1552.51751   1.18128185E+001
   1551.18373   1.31219135E+001
   1549.84995   1.57607401E+001
   1548.51617   2.04040566E+001
   1547.18239   2.84084461E+001
   1545.84862   4.17376192E+001
   1544.51484   5.94858766E+001
   1543.18106   6.78975775E+001
   1541.84728   5.58963787E+001
   1540.51350   3.93275548E+001
   1539.17973   2.82945124E+001
   1537.84595   2.23007697E+001
   1536.51217   1.95544334E+001
   1535.17839   1.90704745E+001
   1533.84461   2.06081459E+001
   1532.51084   2.45833147E+001
   1531.17706   3.22351908E+001
   1529.84328   4.58891408E+001
   1528.50950   6.74797919E+001
   1527.17573   8.83948868E+001
   1525.84195   8.44396917E+001
   1524.50817   6.08671867E+001
   1523.17439   4.05483484E+001
   1521.84061   2.79171141E+001
   1520.50684   2.04139527E+001
   1519.17306   1.58360188E+001
   1517.83928   1.29378820E+001
   1516.50550   1.10504980E+001
   1515.17172   9.80673477E+000
   1513.83795   8.99809963E+000
   1512.50417   8.50289969E+000
   1511.17039   8.24961294E+000
   1509.83661   8.19775455E+000
   1508.50283   8.32782922E+000
   1507.16906   8.63636168E+000
   1505.83528   9.13413594E+000
   1504.50150   9.84691609E+000
   1503.16772   1.08186772E+001
   1501.83394   1.21180944E+001
   1500.50017   1.38500340E+001
   1499.16639   1.61755177E+001
   1497.83261   1.93469800E+001
   1496.49883   2.37724989E+001
   1495.16506   3.01371823E+001
   1493.83128   3.96402891E+001
   1492.49750   5.44621921E+001
   1491.16372   7.86025594E+001
   1489.82994   1.18594754E+002
   1488.49617   1.78717096E+002
   1487.16239   2.37273860E+002
   1485.82861   2.50564902E+002
   1484.49483   2.13436429E+002
   1483.16105   1.50571870E+002
   1481.82728   9.91381118E+001
   1480.49350   6.67880106E+001
   1479.15972   4.72043264E+001
   1477.82594   3.49668308E+001
   1476.49216   2.69733381E+001
   1475.15839   2.15363185E+001
   1473.82461   1.77170903E+001
   1472.49083   1.49748150E+001
   1471.15705   1.29897397E+001
   1469.82327   1.15741319E+001
   1468.48950   1.06293023E+001
   1467.15572   1.01312805E+001
   1465.82194   1.01417548E+001
   1464.48816   1.08496550E+001
   1463.15438   1.26290236E+001
   1461.82061   1.58640982E+001
   1460.48683   1.94158347E+001
   1459.15305   1.90894427E+001
   1457.81927   1.48921121E+001
   1456.48550   1.09962717E+001
   1455.15172   8.50834645E+000
   1453.81794   7.01920696E+000
   1452.48416   6.12749116E+000
   1451.15038   5.60994937E+000
   1449.81661   5.36095626E+000
   1448.48283   5.34834174E+000
   1447.14905   5.60045613E+000
   1445.81527   6.22060856E+000
   1444.48149   7.42730062E+000
   1443.14772   9.55942748E+000
   1441.81394   1.25838289E+001
   1440.48016   1.43622549E+001
   1439.14638   1.25321509E+001
   1437.81260   9.57051449E+000
   1436.47883   7.53992573E+000
   1435.14505   6.45158249E+000
   1433.81127   5.98372776E+000
   1432.47749   5.94583269E+000
   1431.14371   6.27489551E+000
   1429.80994   7.00675907E+000
   1428.47616   8.28376904E+000
   1427.14238   1.04108225E+001
   1425.80860   1.39821442E+001
   1424.47482   2.00611961E+001
   1423.14105   2.98682638E+001
   1421.80727   4.11450220E+001
   1420.47349   4.27527307E+001
   1419.13971   3.24615215E+001
   1417.80594   2.19658725E+001
   1416.47216   1.52820695E+001
   1415.13838   1.14412250E+001
   1413.80460   9.31292041E+000
   1412.47082   8.28697827E+000
   1411.13705   8.14078013E+000
   1409.80327   8.92726158E+000
   1408.46949   1.07706002E+001
   1407.13571   1.28298629E+001
   1405.80193   1.25008199E+001
   1404.46816   1.00191435E+001
   1403.13438   7.90360437E+000
   1401.80060   6.77320570E+000
   1400.46682   6.43782387E+000
   1399.13304   6.79487244E+000
   1397.79927   7.97104837E+000
   1396.46549   1.03279263E+001
   1395.13171   1.40563975E+001
   1393.79793   1.71506144E+001
   1392.46415   1.56478889E+001
   1391.13038   1.15047769E+001
   1389.79660   8.23968820E+000
   1388.46282   6.25228605E+000
   1387.12904   5.08195221E+000
   1385.79527   4.38132613E+000
   1384.46149   3.95858701E+000
   1383.12771   3.71248841E+000
   1381.79393   3.59047436E+000
   1380.46015   3.56710911E+000
   1379.12638   3.62618858E+000
   1377.79260   3.72645611E+000
   1376.45882   3.81951826E+000
   1375.12504   3.94392517E+000
   1373.79126   4.14484154E+000
   1372.45749   4.43421804E+000
   1371.12371   4.82192366E+000
   1369.78993   5.32719315E+000
   1368.45615   5.98192254E+000
   1367.12237   6.83531390E+000
   1365.78860   7.96261229E+000
   1364.45482   9.48090713E+000
   1363.12104   1.15779176E+001
   1361.78726   1.45660585E+001
   1360.45348   1.89876050E+001
   1359.11971   2.58238969E+001
   1357.78593   3.68981382E+001
   1356.45215   5.54573989E+001
   1355.11837   8.54789592E+001
   1353.78459   1.21459923E+002
   1352.45082   1.29747249E+002
   1351.11704   9.87076456E+001
   1349.78326   6.47310670E+001
   1348.44948   4.24843924E+001
   1347.11571   2.92298512E+001
   1345.78193   2.11783005E+001
   1344.44815   1.60646824E+001
   1343.11437   1.26676122E+001
   1341.78059   1.03205502E+001
   1340.44682   8.64526856E+000
   1339.11304   7.41768468E+000
   1337.77926   6.49957277E+000
   1336.44548   5.80258100E+000
   1335.11170   5.26850690E+000
   1333.77793   4.85806419E+000
   1332.44415   4.54426300E+000
   1331.11037   4.30839583E+000
   1329.77659   4.13755418E+000
   1328.44281   4.02308385E+000
   1327.10904   3.95964805E+000
   1325.77526   3.94471844E+000
   1324.44148   3.97840952E+000
   1323.10770   4.06364688E+000
   1321.77392   4.20673728E+000
   1320.44015   4.41852058E+000
   1319.10637   4.71647813E+000
   1317.77259   5.12855274E+000
   1316.43881   5.70022256E+000
   1315.10504   6.50803726E+000
   1313.77126   7.68620412E+000
   1312.43748   9.47783860E+000
   1311.10370   1.23141338E+001
   1309.76992   1.67746755E+001
   1308.43615   2.24820741E+001
   1307.10237   2.54482685E+001
   1305.76859   2.34088869E+001
   1304.43481   2.12039974E+001
   1303.10103   2.16439681E+001
   1301.76726   2.52434400E+001
   1300.43348   3.29232403E+001
   1299.09970   4.69375995E+001
   1297.76592   7.03765546E+001
   1296.43214   9.93788816E+001
   1295.09837   1.07403104E+002
   1293.76459   8.29436103E+001
   1292.43081   5.50867716E+001
   1291.09703   3.66924880E+001
   1289.76325   2.57479320E+001
   1288.42948   1.91412004E+001
   1287.09570   1.49934050E+001
   1285.76192   1.22915907E+001
   1284.42814   1.04854139E+001
   1283.09436   9.26558937E+000
   1281.76059   8.45250265E+000
   1280.42681   7.93990783E+000
   1279.09303   7.66580303E+000
   1277.75925   7.59723101E+000
   1276.42548   7.72275901E+000
   1275.09170   8.04979656E+000
   1273.75792   8.60576311E+000
   1272.42414   9.44344726E+000
   1271.09036   1.06523852E+001
   1269.75659   1.23805024E+001
   1268.42281   1.48749950E+001
   1267.08903   1.85613530E+001
   1265.75525   2.42000417E+001
   1264.42147   3.31959250E+001
   1263.08770   4.81317287E+001
   1261.75392   7.29942048E+001
   1260.42014   1.08389817E+002
   1259.08636   1.32062152E+002
   1257.75258   1.13689315E+002
   1256.41881   7.86630188E+001
   1255.08503   5.33195443E+001
   1253.75125   3.87989844E+001
   1252.41747   3.13680455E+001
   1251.08369   2.88151594E+001
   1249.74992   3.05479523E+001
   1248.41614   3.63861204E+001
   1247.08236   4.23484392E+001
   1245.74858   4.02408489E+001
   1244.41480   3.33257340E+001
   1243.08103   2.77743827E+001
   1241.74725   2.29805359E+001
   1240.41347   1.95965380E+001
   1239.07969   1.87759166E+001
   1237.74592   2.08000066E+001
   1236.41214   2.50803451E+001
   1235.07836   2.71938175E+001
   1233.74458   2.28741932E+001
   1232.41080   1.68259226E+001
   1231.07703   1.26031947E+001
   1229.74325   1.01072161E+001
   1228.40947   8.70300874E+000
   1227.07569   8.00079612E+000
   1225.74191   7.83215732E+000
   1224.40814   8.18831325E+000
   1223.07436   9.21882497E+000
   1221.74058   1.12859671E+001
   1220.40680   1.49432762E+001
   1219.07302   1.99629715E+001
   1217.73925   2.24211976E+001
   1216.40547   1.89164630E+001
   1215.07169   1.39621136E+001
   1213.73791   1.05956122E+001
   1212.40413   8.68577977E+000
   1211.07036   7.67689166E+000
   1209.73658   7.22370984E+000
   1208.40280   7.15522219E+000
   1207.06902   7.40384836E+000
   1205.73525   7.97028835E+000
   1204.40147   8.91635351E+000
   1203.06769   1.03815252E+001
   1201.73391   1.26309144E+001
   1200.40013   1.61588461E+001
   1199.06636   2.18906412E+001
   1197.73258   3.14594982E+001
   1196.39880   4.67271308E+001
   1195.06502   6.42642313E+001
   1193.73124   6.73655119E+001
   1192.39747   5.30683757E+001
   1191.06369   3.91272186E+001
   1189.72991   3.15489771E+001
   1188.39613   2.83274976E+001
   1187.06235   2.79230939E+001
   1185.72858   3.13753072E+001
   1184.39480   3.99917128E+001
   1183.06102   5.18580867E+001
   1181.72724   5.61320521E+001
   1180.39346   4.94430705E+001
   1179.05969   4.42910346E+001
   1177.72591   4.36006793E+001
   1176.39213   3.93150277E+001
   1175.05835   3.00785699E+001
   1173.72457   2.23334307E+001
   1172.39080   1.76606530E+001
   1171.05702   1.51989813E+001
   1169.72324   1.42141660E+001
   1168.38946   1.43783407E+001
   1167.05569   1.56846516E+001
   1165.72191   1.84385934E+001
   1164.38813   2.33868515E+001
   1163.05435   3.20247647E+001
   1161.72057   4.69139780E+001
   1160.38680   6.99309725E+001
   1159.05302   9.10905443E+001
   1157.71924   8.53646320E+001
   1156.38546   6.05150529E+001
   1155.05168   3.97175288E+001
   1153.71791   2.68195649E+001
   1152.38413   1.90914737E+001
   1151.05035   1.42948425E+001
   1149.71657   1.11713266E+001
   1148.38279   9.04296569E+000
   1147.04902   7.53461590E+000
   1145.71524   6.42967979E+000
   1144.38146   5.59754094E+000
   1143.04768   4.95620585E+000
   1141.71390   4.45232841E+000
   1140.38013   4.05009084E+000
   1139.04635   3.72477268E+000
   1137.71257   3.45889767E+000
   1136.37879   3.23985081E+000
   1135.04502   3.05836178E+000
   1133.71124   2.90751508E+000
   1132.37746   2.78208937E+000
   1131.04368   2.67810792E+000
   1129.70990   2.59252790E+000
   1128.37613   2.52302333E+000
   1127.04235   2.46783268E+000
   1125.70857   2.42565286E+000
   1124.37479   2.39556755E+000
   1123.04101   2.37700305E+000
   1121.70724   2.36970771E+000
   1120.37346   2.37375464E+000
   1119.03968   2.38957067E+000
   1117.70590   2.41799906E+000
   1116.37212   2.46041134E+000
   1115.03835   2.51889669E+000
   1113.70457   2.59658304E+000
   1112.37079   2.69819488E+000
   1111.03701   2.83105965E+000
   1109.70323   3.00699663E+000
   1108.36946   3.24595018E+000
   1107.03568   3.58266079E+000
   1105.70190   4.07473221E+000
   1104.36812   4.78069436E+000
   1103.03434   5.57501951E+000
   1101.70057   6.00972006E+000
   1100.36679   6.18984913E+000
   1099.03301   6.67751863E+000
   1097.69923   7.74393555E+000
   1096.36546   9.63792918E+000
   1095.03168   1.28641030E+001
   1093.69790   1.82951302E+001
   1092.36412   2.64212020E+001
   1091.03034   3.32747292E+001
   1089.69657   3.07331865E+001
   1088.36279   2.26616262E+001
   1087.02901   1.63522711E+001
   1085.69523   1.26965658E+001
   1084.36145   1.07786312E+001
   1083.02768   9.91334900E+000
   1081.69390   9.74536320E+000
   1080.36012   1.01222366E+001
   1079.02634   1.10182649E+001
   1077.69256   1.25097753E+001
   1076.35879   1.47900300E+001
   1075.02501   1.82292047E+001
   1073.69123   2.35092571E+001
   1072.35745   3.18998867E+001
   1071.02367   4.57561666E+001
   1069.68990   6.88964193E+001
   1068.35612   1.03201279E+002
   1067.02234   1.31041366E+002
   1065.68856   1.19003331E+002
   1064.35478   8.53701057E+001
   1063.02101   6.01635495E+001
   1061.68723   4.70197496E+001
   1060.35345   4.30193934E+001
   1059.01967   4.69521204E+001
   1057.68590   5.84428225E+001
   1056.35212   6.99076796E+001
   1055.01834   6.41770983E+001
   1053.68456   4.62609850E+001
   1052.35078   3.14217058E+001
   1051.01701   2.20854633E+001
   1049.68323   1.63600488E+001
   1048.34945   1.27090549E+001
   1047.01567   1.02634730E+001
   1045.68189   8.54993585E+000
   1044.34812   7.30283260E+000
   1043.01434   6.36633072E+000
   1041.68056   5.64480057E+000
   1040.34678   5.07709533E+000
   1039.01300   4.62267152E+000
   1037.67923   4.25378232E+000
   1036.34545   3.95091035E+000
   1035.01167   3.69999756E+000
   1033.67789   3.49070968E+000
   1032.34411   3.31531696E+000
   1031.01034   3.16795362E+000
   1029.67656   3.04411683E+000
   1028.34278   2.94032121E+000
   1027.00900   2.85385713E+000
   1025.67523   2.78261971E+000
   1024.34145   2.72498784E+000
   1023.00767   2.67973942E+000
   1021.67389   2.64599430E+000
   1020.34011   2.62317978E+000
   1019.00634   2.61101627E+000
   1017.67256   2.60952319E+000
   1016.33878   2.61904788E+000
   1015.00500   2.64032397E+000
   1013.67122   2.67457099E+000
   1012.33745   2.72365603E+000
   1011.00367   2.79035357E+000
   1009.66989   2.87876799E+000
   1008.33611   2.99503662E+000
   1007.00233   3.14853608E+000
   1005.66856   3.35402947E+000
   1004.33478   3.63564283E+000
   1003.00100   4.03451709E+000
   1001.66722   4.62389803E+000
   1000.33344   5.53799549E+000
    998.99967   7.01355376E+000
    997.66589   9.34253410E+000
    996.33211   1.21843202E+001
    994.99833   1.34648637E+001
    993.66455   1.27541787E+001
    992.33078   1.19182511E+001
    990.99700   1.05229405E+001
    989.66322   8.71721421E+000
    988.32944   7.48261799E+000
    986.99567   6.92017009E+000
    985.66189   6.85028167E+000
    984.32811   7.16790701E+000
    982.99433   7.86891088E+000
    981.66055   9.04815744E+000
    980.32678   1.09324876E+001
    978.99300   1.39611380E+001
    977.65922   1.88477790E+001
    976.32544   2.60644380E+001
    974.99166   3.39978638E+001
    973.65789   4.08177454E+001
    972.32411   4.48245134E+001
    970.99033   4.00054565E+001
    969.65655   3.15989497E+001
    968.32277   2.67367963E+001
    966.98900   2.64549057E+001
    965.65522   3.07992038E+001
    964.32144   4.00107293E+001
    962.98766   5.01548922E+001
    961.65388   5.02221522E+001
    960.32011   4.19234094E+001
    958.98633   3.62514346E+001
    957.65255   3.41156568E+001
    956.31877   3.23753338E+001
    954.98499   3.29275145E+001
    953.65122   3.70863430E+001
    952.31744   3.89861018E+001
    950.98366   3.35934537E+001
    949.64988   2.75292931E+001
    948.31611   2.54595093E+001
    946.98233   2.74280915E+001
    945.64855   3.00092634E+001
    944.31477   2.69566230E+001
    942.98099   2.02671702E+001
    941.64722   1.49400222E+001
    940.31344   1.15980748E+001
    938.97966   9.54265958E+000
    937.64588   8.23449410E+000
    936.31210   7.36897782E+000
    934.97833   6.77886707E+000
    933.64455   6.36936317E+000
    932.31077   6.08430860E+000
    930.97699   5.88898607E+000
    929.64321   5.76112441E+000
    928.30944   5.68600438E+000
    926.97566   5.65368467E+000
    925.64188   5.65736937E+000
    924.30810   5.69241539E+000
    922.97432   5.75571328E+000
    921.64055   5.84529433E+000
    920.30677   5.96008048E+000
    918.97299   6.09972855E+000
    917.63921   6.26454021E+000
    916.30544   6.45542140E+000
    914.97166   6.67388259E+000
    913.63788   6.92207661E+000
    912.30410   7.20287590E+000
    910.97032   7.51999488E+000
    909.63655   7.87816893E+000
    908.30277   8.28340831E+000
    906.96899   8.74335561E+000
    905.63521   9.26779075E+000
    904.30143   9.86935220E+000
    902.96766   1.05645826E+001
    901.63388   1.13754738E+001
    900.30010   1.23317994E+001
    898.96632   1.34747258E+001
    897.63254   1.48625589E+001
    896.29877   1.65801779E+001
    894.96499   1.87550614E+001
    893.63121   2.15855558E+001
    892.29743   2.53927766E+001
    890.96365   3.07197916E+001
    889.62988   3.85273825E+001
    888.29610   5.05805247E+001
    886.96232   7.01205320E+001
    885.62854   1.02205713E+002
    884.29476   1.48032869E+002
    882.96099   1.80523149E+002
    881.62721   1.59802305E+002
    880.29343   1.16355571E+002
    878.95965   8.49172787E+001
    877.62588   6.74914579E+001
    876.29210   5.92538683E+001
    874.95832   5.71205415E+001
    873.62454   5.95246652E+001
    872.29076   6.39335603E+001
    870.95699   6.61926852E+001
    869.62321   6.77692895E+001
    868.28943   7.24852238E+001
    866.95565   8.15340493E+001
    865.62187   9.56638397E+001
    864.28810   1.16504729E+002
    862.95432   1.47221645E+002
    861.62054   1.93622600E+002
    860.28676   2.66452495E+002
    858.95298   3.85763410E+002
    857.61921   5.86199273E+002
    856.28543   9.01059994E+002
    854.95165   1.22848590E+003
    853.61787   1.21480310E+003
    852.28409   8.80526060E+002
    850.95032   5.74359319E+002
    849.61654   3.82417259E+002
    848.28276   2.69559564E+002
    846.94898   2.02461903E+002
    845.61521   1.62470305E+002
    844.28143   1.40400057E+002
    842.94765   1.32789864E+002
    841.61387   1.40380293E+002
    840.28009   1.66120349E+002
    838.94632   2.01933451E+002
    837.61254   2.05418572E+002
    836.27876   1.61882259E+002
    834.94498   1.15928084E+002
    833.61120   8.53319606E+001
    832.27743   6.65264795E+001
    830.94365   5.47212761E+001
    829.60987   4.70485239E+001
    828.27609   4.19613396E+001
    826.94231   3.86296139E+001
    825.60854   3.66160810E+001
    824.27476   3.57243328E+001
    822.94098   3.59435999E+001
    821.60720   3.74634460E+001
    820.27342   4.07648067E+001
    818.93965   4.67887847E+001
    817.60587   5.68769265E+001
    816.27209   7.04459604E+001
    814.93831   7.89419290E+001
    813.60453   7.69454537E+001
    812.27076   7.57131448E+001
    810.93698   8.29758196E+001
    809.60320   1.01941641E+002
    808.26942   1.37918391E+002
    806.93565   1.98034643E+002
    805.60187   2.75075444E+002
    804.26809   3.11039112E+002
    802.93431   2.57372114E+002
    801.60053   1.81241944E+002
    800.26676   1.29541304E+002
    798.93298   1.00619211E+002
    797.59920   8.61325518E+001
    796.26542   8.11871773E+001
    794.93164   8.40331434E+001
    793.59787   9.54081884E+001
    792.26409   1.18794184E+002
    790.93031   1.60905492E+002
    789.59653   2.26055309E+002
    788.26275   2.84592166E+002
    786.92898   2.72086375E+002
    785.59520   2.17848179E+002
    784.26142   1.83759622E+002
    782.92764   1.83142006E+002
    781.59386   2.17755942E+002
    780.26009   2.88501607E+002
    778.92631   3.56864427E+002
    777.59253   3.33280395E+002
    776.25875   2.44857964E+002
    774.92497   1.72559618E+002
    773.59120   1.29679135E+002
    772.25742   1.06864343E+002
    770.92364   9.69028507E+001
    769.58986   9.66439350E+001
    768.25609   1.06095530E+002
    766.92231   1.28306950E+002
    765.58853   1.69019085E+002
    764.25475   2.27530447E+002
    762.92097   2.65952058E+002
    761.58720   2.44771044E+002
    760.25342   2.11166633E+002
    758.91964   2.05595907E+002
    757.58586   2.36845585E+002
    756.25208   3.14985946E+002
    754.91831   4.54536633E+002
    753.58453   6.19187012E+002
    752.25075   6.38982382E+002
    750.91697   4.79098450E+002
    749.58319   3.16258142E+002
    748.24942   2.11022963E+002
    746.91564   1.48239779E+002
    745.58186   1.10069410E+002
    744.24808   8.60882620E+001
    742.91430   7.08200875E+001
    741.58053   6.15372496E+001
    740.24675   5.71913606E+001
    738.91297   5.79933677E+001
    737.57919   6.45513322E+001
    736.24542   7.28753409E+001
    734.91164   6.95714332E+001
    733.57786   5.46258400E+001
    732.24408   4.09697473E+001
    730.91030   3.19350859E+001
    729.57653   2.61767978E+001
    728.24275   2.24037825E+001
    726.90897   1.98898232E+001
    725.57519   1.81883730E+001
    724.24141   1.67403044E+001
    722.90764   1.51491070E+001
    721.57386   1.36905824E+001
    720.24008   1.25362242E+001
    718.90630   1.16324783E+001
    717.57252   1.09070458E+001
    716.23875   1.03118178E+001
    714.90497   9.81697825E+000
    713.57119   9.40357728E+000
    712.23741   9.05920629E+000
    710.90363   8.77569747E+000
    709.56986   8.54791579E+000
    708.23608   8.37316132E+000
    706.90230   8.25096342E+000
    705.56852   8.18319499E+000
    704.23474   8.17453777E+000
    702.90097   8.23344400E+000
    701.56719   8.37392384E+000
    700.23341   8.61884426E+000
    698.89963   9.00613524E+000
    697.56586   9.60048719E+000
    696.23208   1.05129140E+001
    694.89830   1.19103789E+001
    693.56452   1.38669219E+001
    692.23074   1.58331158E+001
    690.89697   1.73309607E+001
    689.56319   1.96371742E+001
    688.22941   2.42633089E+001
    686.89563   3.27406911E+001
    685.56185   4.67595599E+001
    684.22808   6.32220273E+001
    682.89430   6.61219266E+001
    681.56052   5.15088624E+001
    680.22674   3.63040517E+001
    678.89296   2.66221785E+001
    677.55919   2.10858436E+001
    676.22541   1.79936178E+001
    674.89163   1.63546252E+001
    673.55785   1.56569811E+001
    672.22407   1.56519619E+001
    670.89030   1.62423390E+001
    669.55652   1.74348534E+001
    668.22274   1.93308993E+001
    666.88896   2.21480479E+001
    665.55519   2.62806218E+001
    664.22141   3.24278171E+001
    662.88763   4.18541394E+001
    661.55385   5.69063456E+001
    660.22007   8.18945145E+001
    658.88630   1.23359487E+002
    657.55252   1.81515737E+002
    656.21874   2.17898080E+002
    654.88496   1.85428347E+002
    653.55118   1.28428932E+002
    652.21741   8.76871483E+001
    650.88363   6.39768283E+001
    649.54985   5.08710191E+001
    648.21607   4.41672377E+001
    646.88229   4.17891900E+001
    645.54852   4.29866387E+001
    644.21474   4.79819229E+001
    642.88096   5.80554243E+001
    641.54718   7.61078921E+001
    640.21340   1.07734758E+002
    638.87963   1.61148296E+002
    637.54585   2.33794701E+002
    636.21207   2.70557132E+002
    634.87829   2.20773055E+002
    633.54451   1.48045294E+002
    632.21074   9.71686007E+001
    630.87696   6.65499491E+001
    629.54318   4.80111068E+001
    628.20940   3.62863532E+001
    626.87563   2.85121452E+001
    625.54185   2.31354821E+001
    624.20807   1.92837922E+001
    622.87429   1.64460123E+001
    621.54051   1.43116484E+001
    620.20674   1.26875542E+001
    618.87296   1.14543104E+001
    617.53918   1.05446932E+001
    616.20540   9.93725123E+000
    614.87162   9.66408205E+000
    613.53785   9.83016574E+000
    612.20407   1.05845906E+001
    610.87029   1.17003503E+001
    609.53651   1.17423164E+001
    608.20273   1.01114718E+001
    606.86896   8.35544128E+000
    605.53518   7.14192497E+000
    604.20140   6.35610128E+000
    602.86762   5.82848514E+000
    601.53384   5.45610642E+000
    600.20007   5.18252562E+000
    598.86629   4.97630436E+000
    597.53251   4.81916850E+000
    596.19873   4.70002477E+000
    594.86495   4.61190323E+000
    593.53118   4.55034029E+000
    592.19740   4.51249121E+000
    590.86362   4.49662827E+000
    589.52984   4.50185320E+000
    588.19607   4.52793595E+000
    586.86229   4.57523414E+000
    585.52851   4.64466966E+000
    584.19473   4.73775281E+000
    582.86095   4.85665389E+000
    581.52718   5.00433196E+000
    580.19340   5.18474470E+000
    578.85962   5.40318709E+000
    577.52584   5.66684152E+000
    576.19206   5.98559312E+000
    574.85829   6.37240908E+000
    573.52451   6.83836530E+000
    572.19073   7.37903445E+000
    570.85695   8.00331077E+000
    569.52317   8.76782143E+000
    568.18940   9.73081297E+000
    566.85562   1.09545444E+001
    565.52184   1.25291386E+001
    564.18806   1.45930360E+001
    562.85428   1.73639734E+001
    561.52051   2.11957876E+001
    560.18673   2.66871204E+001
    558.85295   3.48957781E+001
    557.51917   4.77626847E+001
    556.18540   6.88623824E+001
    554.85162   1.03906547E+002
    553.51784   1.55213241E+002
    552.18406   1.95149697E+002
    550.85028   1.76471523E+002
    549.51651   1.29529645E+002
    548.18273   9.47757228E+001
    546.84895   7.19826236E+001
    545.51517   5.67217926E+001
    544.18139   4.90147712E+001
    542.84762   4.83327532E+001
    541.51384   5.48878552E+001
    540.18006   6.86666677E+001
    538.84628   8.07498946E+001
    537.51250   7.40624258E+001
    536.17873   5.67112483E+001
    534.84495   4.36534639E+001
    533.51117   3.66897754E+001
    532.17739   3.40446115E+001
    530.84361   3.45647403E+001
    529.50984   3.79970244E+001
    528.17606   4.49001166E+001
    526.84228   5.68427074E+001
    525.50850   7.70576336E+001
    524.17472   1.11626172E+002
    522.84095   1.69457843E+002
    521.50717   2.48167782E+002
    520.17339   2.89040840E+002
    518.83961   2.36373131E+002
    517.50584   1.58018952E+002
    516.17206   1.03043078E+002
    514.83828   6.99816508E+001
    513.50450   5.00021041E+001
    512.17072   3.73943868E+001
    510.83695   2.90522897E+001
    509.50317   2.32917690E+001
    508.16939   1.91666098E+001
    506.83561   1.61217444E+001
    505.50183   1.38179973E+001
    504.16806   1.20408508E+001
    502.83428   1.06514219E+001
    501.50050   9.55976813E+000
    500.16672   8.71058512E+000
    498.83294   8.07187848E+000
    497.49917   7.59666136E+000
    496.16539   7.14378973E+000
    494.83161   6.62932126E+000
    493.49783   6.17162091E+000
    492.16405   5.82873854E+000
    490.83028   5.58839889E+000
    489.49650   5.43487791E+000
    488.16272   5.36188164E+000
    486.82894   5.37184680E+000
    485.49517   5.47561954E+000
    484.16139   5.69424324E+000
    482.82761   6.06348363E+000
    481.49383   6.64270332E+000
    480.16005   7.53176736E+000
    478.82628   8.90385818E+000
    477.49250   1.10704959E+001
    476.15872   1.46077333E+001
    474.82494   2.05576010E+001
    473.49116   3.04290936E+001
    472.15739   4.39473147E+001
    470.82361   5.13653923E+001
    469.48983   4.26331622E+001
    468.15605   2.90713041E+001
    466.82227   1.94663822E+001
    465.48850   1.36825116E+001
    464.15472   1.01908297E+001
    462.82094   7.99208617E+000
    461.48716   6.54229946E+000
    460.15338   5.54721147E+000
    458.81961   4.84228556E+000
    457.48583   4.33196464E+000
    456.15205   3.95919253E+000
    454.81827   3.68995528E+000
    453.48449   3.50574462E+000
    452.15072   3.40096882E+000
    450.81694   3.38435777E+000
    449.48316   3.48167007E+000
    448.14938   3.71387440E+000
    446.81561   3.95662016E+000
    445.48183   3.88444513E+000
    444.14805   3.58182804E+000
    442.81427   3.35341912E+000
    441.48049   3.25653182E+000
    440.14672   3.26046709E+000
    438.81294   3.34213004E+000
    437.47916   3.49401922E+000
    436.14538   3.72034295E+000
    434.81160   4.03544607E+000
    433.47783   4.46539682E+000
    432.14405   5.05311093E+000
    430.81027   5.86888573E+000
    429.47649   7.03095452E+000
    428.14271   8.74595739E+000
    426.80894   1.13880906E+001
    425.47516   1.56340776E+001
    424.14138   2.25169891E+001
    422.80760   3.22297735E+001
    421.47382   3.95735154E+001
    420.14005   3.84463120E+001
    418.80627   3.62473412E+001
    417.47249   4.02637794E+001
    416.13871   5.00626813E+001
    414.80493   5.45860267E+001
    413.47116   4.42780406E+001
    412.13738   3.04913483E+001
    410.80360   2.10146526E+001
    409.46982   1.54282042E+001
    408.13605   1.22298248E+001
    406.80227   1.04931631E+001
    405.46849   9.77582968E+000
    404.13471   9.95096308E+000
    402.80093   1.11580885E+001
    401.46716   1.38655332E+001
    400.13338   1.89457533E+001
    398.79960   2.69211753E+001
    397.46582   3.37612417E+001
    396.13204   3.08369033E+001
    394.79827   2.18829015E+001
    393.46449   1.46644035E+001
    392.13071   1.01933142E+001
    390.79693   7.48586451E+000
    389.46315   5.77970505E+000
    388.12938   4.64903103E+000
    386.79560   3.86376674E+000
    385.46182   3.29586732E+000
    384.12804   2.87088983E+000
    382.79426   2.54360024E+000
    381.46049   2.28537159E+000
    380.12671   2.07741713E+000
    378.79293   1.90700642E+000
    377.45915   1.76526626E+000
    376.12538   1.64585646E+000
    374.79160   1.54414649E+000
    373.45782   1.45668846E+000
    372.12404   1.38087093E+000
    370.79026   1.31468606E+000
    369.45649   1.25656976E+000
    368.12271   1.20528979E+000
    366.78893   1.15986629E+000
    365.45515   1.11951441E+000
    364.12137   1.08360265E+000
    362.78760   1.05162236E+000
    361.45382   1.02316568E+000
    360.12004   9.97910003E-001
    358.78626   9.75608051E-001
    357.45248   9.56083309E-001
    356.11871   9.39231718E-001
    354.78493   9.25031906E-001
    353.45115   9.13569161E-001
    352.11737   9.05083953E-001
    350.78359   9.00067711E-001
    349.44982   8.99453582E-001
    348.11604   9.04997579E-001
    346.78226   9.19985707E-001
    345.44848   9.49996164E-001
    344.11470   9.99661390E-001
    342.78093   1.04982668E+000
    341.44715   1.04618910E+000
    340.11337   1.00084327E+000
    338.77959   9.65722987E-001
    337.44582   9.51266859E-001
    336.11204   9.52232418E-001
    334.77826   9.64315528E-001
    333.44448   9.85552198E-001
    332.11070   1.01552035E+000
    330.77693   1.05480614E+000
    329.44315   1.10480305E+000
    328.10937   1.16772830E+000
    326.77559   1.24680644E+000
    325.44181   1.34663248E+000
    324.10804   1.47378542E+000
    322.77426   1.63784155E+000
    321.44048   1.85307305E+000
    320.10670   2.14137846E+000
    318.77292   2.53752228E+000
    317.43915   3.09887767E+000
    316.10537   3.92425202E+000
    314.77159   5.19126078E+000
    313.43781   7.22921413E+000
    312.10403   1.06343679E+001
    310.77026   1.62290631E+001
    309.43648   2.35170182E+001
    308.10270   2.65729858E+001
    306.76892   2.11990510E+001
    305.43515   1.41503345E+001
    304.10137   9.34707949E+000
    302.76759   6.47682207E+000
    301.43381   4.74543296E+000
    300.10003   3.65627693E+000
    298.76626   2.94049750E+000
    297.43248   2.45225851E+000
    296.09870   2.10960489E+000
    294.76492   1.86461433E+000
    293.43114   1.68830165E+000
    292.09737   1.56276187E+000
    290.76359   1.47696287E+000
    289.42981   1.42447356E+000
    288.09603   1.40230471E+000
    286.76225   1.41048869E+000
    285.42848   1.45229071E+000
    284.09470   1.53516679E+000
    282.76092   1.67287962E+000
    281.42714   1.88971967E+000
    280.09336   2.22887609E+000
    278.75959   2.76920780E+000
    277.42581   3.65788907E+000
    276.09203   5.16039384E+000
    274.75825   7.62756743E+000
    273.42447   1.07471187E+001
    272.09070   1.18154079E+001
    270.75692   9.33715656E+000
    269.42314   6.33852440E+000
    268.08936   4.33081396E+000
    266.75559   3.13343029E+000
    265.42181   2.41034914E+000
    264.08803   1.95564509E+000
    262.75425   1.65812595E+000
    261.42047   1.45743415E+000
    260.08670   1.31965334E+000
    258.75292   1.22502815E+000
    257.41914   1.16176156E+000
    256.08536   1.12280842E+000
    254.75158   1.10420514E+000
    253.41781   1.10425767E+000
    252.08403   1.12330383E+000
    250.75025   1.16401147E+000
    249.41647   1.23241605E+000
    248.08269   1.34025987E+000
    246.74892   1.50965224E+000
    245.41514   1.77996376E+000
    244.08136   2.20072403E+000
    242.74758   2.71644651E+000
    241.41380   2.94489606E+000
    240.08003   2.74443468E+000
    238.74625   2.55024193E+000
    237.41247   2.55896291E+000
    236.07869   2.76878700E+000
    234.74491   3.18128503E+000
    233.41114   3.84654607E+000
    232.07736   4.88379075E+000
    230.74358   6.52748959E+000
    229.40980   9.22354000E+000
    228.07603   1.37657008E+001
    226.74225   2.10786318E+001
    225.40847   2.95608330E+001
    224.07469   3.09265352E+001
    222.74091   2.32376941E+001
    221.40714   1.52492529E+001
    220.07336   1.00769382E+001
    218.73958   6.99522771E+000
    217.40580   5.11756216E+000
    216.07202   3.92062583E+000
    214.73825   3.12247167E+000
    213.40447   2.56893940E+000
    212.07069   2.17232770E+000
    210.73691   1.88054340E+000
    209.40313   1.66137325E+000
    208.06936   1.49417757E+000
    206.73558   1.36532573E+000
    205.40180   1.26558990E+000
    204.06802   1.18860434E+000
    202.73424   1.12992682E+000
    201.40047   1.08645299E+000
    200.06669   1.05604538E+000
    198.73291   1.03729808E+000
    197.39913   1.02939163E+000
    196.06536   1.03201204E+000
    194.73158   1.04532017E+000
    193.39780   1.06996634E+000
    192.06402   1.10715260E+000
    190.73024   1.15875289E+000
    189.39647   1.22751188E+000
    188.06269   1.31735973E+000
    186.72891   1.43390674E+000
    185.39513   1.58522911E+000
    184.06135   1.78314437E+000
    182.72758   2.04533919E+000
    181.39380   2.39903896E+000
    180.06002   2.88757426E+000
    178.72624   3.58260582E+000
    177.39246   4.60777336E+000
    176.05869   6.18566360E+000
    174.72491   8.72918140E+000
    173.39113   1.29835917E+001
    172.05735   1.99541297E+001
    170.72357   2.88876540E+001
    169.38980   3.22844747E+001
    168.05602   2.54628193E+001
    166.72224   1.68997313E+001
    165.38846   1.11385115E+001
    164.05468   7.73262501E+000
    162.72091   5.73335311E+000
    161.38713   4.57255414E+000
    160.05335   3.95867523E+000
    158.71957   3.64671908E+000
    157.38580   3.23574740E+000
    156.05202   2.63381294E+000
    154.71824   2.11499174E+000
    153.38446   1.75168443E+000
    152.05068   1.50061150E+000
    150.71691   1.32089283E+000
    149.38313   1.18756334E+000
    148.04935   1.08597016E+000
    146.71557   1.00721591E+000
    145.38179   9.45651855E-001
    144.04802   8.97552469E-001
    142.71424   8.60395290E-001
    141.38046   8.32453367E-001
    140.04668   8.12556304E-001
    138.71290   7.99947339E-001
    137.37913   7.94198885E-001
    136.04535   7.95166675E-001
    134.71157   8.02972424E-001
    133.37779   8.18010745E-001
    132.04401   8.40980399E-001
    130.71024   8.72943857E-001
    129.37646   9.15423879E-001
    128.04268   9.70552431E-001
    126.70890   1.04129773E+000
    125.37513   1.13181262E+000
    124.04135   1.24797808E+000
    122.70757   1.39827035E+000
    121.37379   1.59518397E+000
    120.04001   1.85764220E+000
    118.70624   2.21522984E+000
    117.37246   2.71592056E+000
    116.03868   3.44075699E+000
    114.70490   4.53271548E+000
    113.37112   6.25401646E+000
    112.03735   9.09058107E+000
    110.70357   1.38487599E+001
    109.36979   2.10630309E+001
    108.03601   2.74428205E+001
    106.70223   2.53938694E+001
    105.36846   1.77852361E+001
    104.03468   1.15524912E+001
    102.70090   7.71436969E+000
    101.36712   5.42472834E+000
    100.03334   4.01148838E+000
     98.69957   3.09893318E+000
     97.36579   2.48510915E+000
     96.03201   2.05876287E+000
     94.69823   1.75642817E+000
     93.36445   1.54102888E+000
     92.03068   1.39119271E+000
     90.69690   1.29616741E+000
     89.36312   1.25422255E+000
     88.02934   1.27416358E+000
     86.69557   1.38079360E+000
     85.36179   1.62369614E+000
     84.02801   2.06487614E+000
     82.69423   2.60915179E+000
     81.36045   2.70237237E+000
     80.02668   2.16355705E+000
     78.69290   1.58724058E+000
     77.35912   1.20764393E+000
     76.02534   9.78852583E-001
     74.69156   8.39135735E-001
     73.35779   7.51868209E-001
     72.02401   6.97628993E-001
     70.69023   6.66328714E-001
     69.35645   6.53008943E-001
     68.02267   6.55872866E-001
     66.68890   6.75527961E-001
     65.35512   7.15010462E-001
     64.02134   7.80555962E-001
     62.68756   8.83447167E-001
     61.35378   1.04382840E+000
     60.02001   1.29841287E+000
     58.68623   1.71549791E+000
     57.35245   2.41797912E+000
     56.01867   3.56891818E+000
     54.68489   5.03716812E+000
     53.35112   5.65793577E+000
     52.01734   4.83093860E+000
     50.68356   3.69096582E+000
     49.34978   2.65383572E+000
     48.01601   1.85834264E+000
     46.68223   1.34440628E+000
     45.34845   1.02319110E+000
     44.01467   8.15787777E-001
     42.68089   6.75592522E-001
     41.34712   5.76644911E-001
     40.01334   5.04150629E-001
     38.67956   4.49325891E-001
     37.34578   4.06731794E-001
     36.01200   3.72868640E-001
     34.67823   3.45406631E-001
     33.34445   3.22747834E-001
     32.01067   3.03767208E-001
     30.67689   2.87654174E-001
     29.34311   2.73812661E-001
     28.00934   2.61796278E-001
     26.67556   2.51265230E-001
     25.34178   2.41957027E-001
     24.00800   2.33666177E-001
     22.67422   2.26229848E-001
     21.34045   2.19517573E-001
     20.00667   2.13423750E-001
     18.67289   2.07862102E-001
     17.33911   2.02761522E-001
     16.00534   1.98062942E-001
     14.67156   1.93716924E-001
     13.33778   1.89681803E-001
     12.00400   1.85922237E-001
     10.67022   1.82408068E-001
      9.33645   1.79113411E-001
      8.00267   1.76015932E-001
      6.66889   1.73096265E-001
      5.33511   1.70337535E-001
      4.00133   1.67724976E-001
      2.66756   1.65245609E-001
      1.33378   1.62887983E-001
      0.00000   1.60641955E-001
