      9.00000      0.03052
      8.99900      0.03058
      8.99800      0.03063
      8.99700      0.03069
      8.99600      0.03075
      8.99500      0.03080
      8.99400      0.03086
      8.99300      0.03092
      8.99200      0.03098
      8.99100      0.03104
      8.99000      0.03110
      8.98900      0.03115
      8.98800      0.03121
      8.98700      0.03127
      8.98600      0.03133
      8.98499      0.03139
      8.98399      0.03145
      8.98299      0.03151
      8.98199      0.03157
      8.98099      0.03163
      8.97999      0.03169
      8.97899      0.03175
      8.97799      0.03181
      8.97699      0.03187
      8.97599      0.03193
      8.97499      0.03199
      8.97399      0.03206
      8.97299      0.03212
      8.97199      0.03218
      8.97099      0.03224
      8.96999      0.03230
      8.96899      0.03237
      8.96799      0.03243
      8.96699      0.03249
      8.96599      0.03255
      8.96499      0.03262
      8.96399      0.03268
      8.96299      0.03274
      8.96199      0.03281
      8.96099      0.03287
      8.95999      0.03294
      8.95899      0.03300
      8.95799      0.03307
      8.95699      0.03313
      8.95599      0.03320
      8.95498      0.03326
      8.95398      0.03333
      8.95298      0.03339
      8.95198      0.03346
      8.95098      0.03352
      8.94998      0.03359
      8.94898      0.03366
      8.94798      0.03372
      8.94698      0.03379
      8.94598      0.03386
      8.94498      0.03392
      8.94398      0.03399
      8.94298      0.03406
      8.94198      0.03413
      8.94098      0.03420
      8.93998      0.03426
      8.93898      0.03433
      8.93798      0.03440
      8.93698      0.03447
      8.93598      0.03454
      8.93498      0.03461
      8.93398      0.03468
      8.93298      0.03475
      8.93198      0.03482
      8.93098      0.03489
      8.92998      0.03496
      8.92898      0.03503
      8.92798      0.03510
      8.92698      0.03518
      8.92598      0.03525
      8.92497      0.03532
      8.92397      0.03539
      8.92297      0.03546
      8.92197      0.03554
      8.92097      0.03561
      8.91997      0.03568
      8.91897      0.03576
      8.91797      0.03583
      8.91697      0.03590
      8.91597      0.03598
      8.91497      0.03605
      8.91397      0.03613
      8.91297      0.03620
      8.91197      0.03628
      8.91097      0.03635
      8.90997      0.03643
      8.90897      0.03650
      8.90797      0.03658
      8.90697      0.03666
      8.90597      0.03673
      8.90497      0.03681
      8.90397      0.03689
      8.90297      0.03696
      8.90197      0.03704
      8.90097      0.03712
      8.89997      0.03720
      8.89897      0.03728
      8.89797      0.03736
      8.89697      0.03744
      8.89597      0.03751
      8.89496      0.03759
      8.89396      0.03767
      8.89296      0.03775
      8.89196      0.03784
      8.89096      0.03792
      8.88996      0.03800
      8.88896      0.03808
      8.88796      0.03816
      8.88696      0.03824
      8.88596      0.03832
      8.88496      0.03841
      8.88396      0.03849
      8.88296      0.03857
      8.88196      0.03866
      8.88096      0.03874
      8.87996      0.03882
      8.87896      0.03891
      8.87796      0.03899
      8.87696      0.03908
      8.87596      0.03916
      8.87496      0.03925
      8.87396      0.03933
      8.87296      0.03942
      8.87196      0.03951
      8.87096      0.03959
      8.86996      0.03968
      8.86896      0.03977
      8.86796      0.03986
      8.86696      0.03994
      8.86596      0.04003
      8.86495      0.04012
      8.86395      0.04021
      8.86295      0.04030
      8.86195      0.04039
      8.86095      0.04048
      8.85995      0.04057
      8.85895      0.04066
      8.85795      0.04075
      8.85695      0.04084
      8.85595      0.04093
      8.85495      0.04103
      8.85395      0.04112
      8.85295      0.04121
      8.85195      0.04131
      8.85095      0.04140
      8.84995      0.04149
      8.84895      0.04159
      8.84795      0.04168
      8.84695      0.04178
      8.84595      0.04187
      8.84495      0.04197
      8.84395      0.04206
      8.84295      0.04216
      8.84195      0.04226
      8.84095      0.04235
      8.83995      0.04245
      8.83895      0.04255
      8.83795      0.04265
      8.83695      0.04274
      8.83595      0.04284
      8.83494      0.04294
      8.83394      0.04304
      8.83294      0.04314
      8.83194      0.04324
      8.83094      0.04334
      8.82994      0.04344
      8.82894      0.04355
      8.82794      0.04365
      8.82694      0.04375
      8.82594      0.04385
      8.82494      0.04396
      8.82394      0.04406
      8.82294      0.04416
      8.82194      0.04427
      8.82094      0.04437
      8.81994      0.04448
      8.81894      0.04458
      8.81794      0.04469
      8.81694      0.04480
      8.81594      0.04490
      8.81494      0.04501
      8.81394      0.04512
      8.81294      0.04523
      8.81194      0.04534
      8.81094      0.04545
      8.80994      0.04556
      8.80894      0.04567
      8.80794      0.04578
      8.80694      0.04589
      8.80594      0.04600
      8.80493      0.04611
      8.80393      0.04622
      8.80293      0.04633
      8.80193      0.04645
      8.80093      0.04656
      8.79993      0.04668
      8.79893      0.04679
      8.79793      0.04691
      8.79693      0.04702
      8.79593      0.04714
      8.79493      0.04725
      8.79393      0.04737
      8.79293      0.04749
      8.79193      0.04761
      8.79093      0.04772
      8.78993      0.04784
      8.78893      0.04796
      8.78793      0.04808
      8.78693      0.04820
      8.78593      0.04832
      8.78493      0.04844
      8.78393      0.04857
      8.78293      0.04869
      8.78193      0.04881
      8.78093      0.04894
      8.77993      0.04906
      8.77893      0.04918
      8.77793      0.04931
      8.77693      0.04944
      8.77593      0.04956
      8.77492      0.04969
      8.77392      0.04982
      8.77292      0.04994
      8.77192      0.05007
      8.77092      0.05020
      8.76992      0.05033
      8.76892      0.05046
      8.76792      0.05059
      8.76692      0.05072
      8.76592      0.05085
      8.76492      0.05099
      8.76392      0.05112
      8.76292      0.05125
      8.76192      0.05139
      8.76092      0.05152
      8.75992      0.05166
      8.75892      0.05179
      8.75792      0.05193
      8.75692      0.05207
      8.75592      0.05220
      8.75492      0.05234
      8.75392      0.05248
      8.75292      0.05262
      8.75192      0.05276
      8.75092      0.05290
      8.74992      0.05304
      8.74892      0.05318
      8.74792      0.05333
      8.74692      0.05347
      8.74592      0.05362
      8.74491      0.05376
      8.74391      0.05391
      8.74291      0.05405
      8.74191      0.05420
      8.74091      0.05435
      8.73991      0.05449
      8.73891      0.05464
      8.73791      0.05479
      8.73691      0.05494
      8.73591      0.05509
      8.73491      0.05524
      8.73391      0.05540
      8.73291      0.05555
      8.73191      0.05570
      8.73091      0.05586
      8.72991      0.05601
      8.72891      0.05617
      8.72791      0.05633
      8.72691      0.05648
      8.72591      0.05664
      8.72491      0.05680
      8.72391      0.05696
      8.72291      0.05712
      8.72191      0.05728
      8.72091      0.05744
      8.71991      0.05761
      8.71891      0.05777
      8.71791      0.05793
      8.71691      0.05810
      8.71591      0.05826
      8.71490      0.05843
      8.71390      0.05860
      8.71290      0.05877
      8.71190      0.05894
      8.71090      0.05911
      8.70990      0.05928
      8.70890      0.05945
      8.70790      0.05962
      8.70690      0.05979
      8.70590      0.05997
      8.70490      0.06014
      8.70390      0.06032
      8.70290      0.06050
      8.70190      0.06067
      8.70090      0.06085
      8.69990      0.06103
      8.69890      0.06121
      8.69790      0.06139
      8.69690      0.06158
      8.69590      0.06176
      8.69490      0.06194
      8.69390      0.06213
      8.69290      0.06232
      8.69190      0.06250
      8.69090      0.06269
      8.68990      0.06288
      8.68890      0.06307
      8.68790      0.06326
      8.68690      0.06345
      8.68590      0.06365
      8.68489      0.06384
      8.68389      0.06403
      8.68289      0.06423
      8.68189      0.06443
      8.68089      0.06463
      8.67989      0.06482
      8.67889      0.06502
      8.67789      0.06523
      8.67689      0.06543
      8.67589      0.06563
      8.67489      0.06584
      8.67389      0.06604
      8.67289      0.06625
      8.67189      0.06646
      8.67089      0.06667
      8.66989      0.06688
      8.66889      0.06709
      8.66789      0.06730
      8.66689      0.06751
      8.66589      0.06773
      8.66489      0.06794
      8.66389      0.06816
      8.66289      0.06838
      8.66189      0.06860
      8.66089      0.06882
      8.65989      0.06904
      8.65889      0.06926
      8.65789      0.06949
      8.65689      0.06971
      8.65589      0.06994
      8.65488      0.07017
      8.65388      0.07040
      8.65288      0.07063
      8.65188      0.07086
      8.65088      0.07109
      8.64988      0.07133
      8.64888      0.07157
      8.64788      0.07180
      8.64688      0.07204
      8.64588      0.07228
      8.64488      0.07252
      8.64388      0.07277
      8.64288      0.07301
      8.64188      0.07326
      8.64088      0.07350
      8.63988      0.07375
      8.63888      0.07400
      8.63788      0.07426
      8.63688      0.07451
      8.63588      0.07476
      8.63488      0.07502
      8.63388      0.07528
      8.63288      0.07554
      8.63188      0.07580
      8.63088      0.07606
      8.62988      0.07632
      8.62888      0.07659
      8.62788      0.07686
      8.62688      0.07713
      8.62588      0.07740
      8.62487      0.07767
      8.62387      0.07794
      8.62287      0.07822
      8.62187      0.07849
      8.62087      0.07877
      8.61987      0.07905
      8.61887      0.07934
      8.61787      0.07962
      8.61687      0.07991
      8.61587      0.08019
      8.61487      0.08048
      8.61387      0.08078
      8.61287      0.08107
      8.61187      0.08136
      8.61087      0.08166
      8.60987      0.08196
      8.60887      0.08226
      8.60787      0.08256
      8.60687      0.08287
      8.60587      0.08317
      8.60487      0.08348
      8.60387      0.08379
      8.60287      0.08411
      8.60187      0.08442
      8.60087      0.08474
      8.59987      0.08506
      8.59887      0.08538
      8.59787      0.08570
      8.59687      0.08603
      8.59587      0.08635
      8.59486      0.08668
      8.59386      0.08701
      8.59286      0.08735
      8.59186      0.08768
      8.59086      0.08802
      8.58986      0.08836
      8.58886      0.08871
      8.58786      0.08905
      8.58686      0.08940
      8.58586      0.08975
      8.58486      0.09010
      8.58386      0.09046
      8.58286      0.09082
      8.58186      0.09118
      8.58086      0.09154
      8.57986      0.09190
      8.57886      0.09227
      8.57786      0.09264
      8.57686      0.09302
      8.57586      0.09339
      8.57486      0.09377
      8.57386      0.09415
      8.57286      0.09453
      8.57186      0.09492
      8.57086      0.09531
      8.56986      0.09570
      8.56886      0.09610
      8.56786      0.09649
      8.56686      0.09690
      8.56586      0.09730
      8.56485      0.09771
      8.56385      0.09812
      8.56285      0.09853
      8.56185      0.09894
      8.56085      0.09936
      8.55985      0.09978
      8.55885      0.10021
      8.55785      0.10064
      8.55685      0.10107
      8.55585      0.10150
      8.55485      0.10194
      8.55385      0.10238
      8.55285      0.10283
      8.55185      0.10328
      8.55085      0.10373
      8.54985      0.10418
      8.54885      0.10464
      8.54785      0.10511
      8.54685      0.10557
      8.54585      0.10604
      8.54485      0.10652
      8.54385      0.10699
      8.54285      0.10747
      8.54185      0.10796
      8.54085      0.10845
      8.53985      0.10894
      8.53885      0.10944
      8.53785      0.10994
      8.53685      0.11044
      8.53585      0.11095
      8.53484      0.11146
      8.53384      0.11198
      8.53284      0.11250
      8.53184      0.11303
      8.53084      0.11356
      8.52984      0.11409
      8.52884      0.11463
      8.52784      0.11517
      8.52684      0.11572
      8.52584      0.11628
      8.52484      0.11683
      8.52384      0.11740
      8.52284      0.11796
      8.52184      0.11853
      8.52084      0.11911
      8.51984      0.11969
      8.51884      0.12028
      8.51784      0.12087
      8.51684      0.12147
      8.51584      0.12207
      8.51484      0.12268
      8.51384      0.12329
      8.51284      0.12391
      8.51184      0.12454
      8.51084      0.12517
      8.50984      0.12580
      8.50884      0.12644
      8.50784      0.12709
      8.50684      0.12774
      8.50584      0.12840
      8.50483      0.12907
      8.50383      0.12974
      8.50283      0.13041
      8.50183      0.13110
      8.50083      0.13179
      8.49983      0.13248
      8.49883      0.13319
      8.49783      0.13390
      8.49683      0.13461
      8.49583      0.13534
      8.49483      0.13607
      8.49383      0.13680
      8.49283      0.13755
      8.49183      0.13830
      8.49083      0.13906
      8.48983      0.13982
      8.48883      0.14060
      8.48783      0.14138
      8.48683      0.14217
      8.48583      0.14297
      8.48483      0.14377
      8.48383      0.14458
      8.48283      0.14540
      8.48183      0.14623
      8.48083      0.14707
      8.47983      0.14792
      8.47883      0.14877
      8.47783      0.14964
      8.47683      0.15051
      8.47583      0.15139
      8.47482      0.15228
      8.47382      0.15319
      8.47282      0.15410
      8.47182      0.15502
      8.47082      0.15594
      8.46982      0.15688
      8.46882      0.15783
      8.46782      0.15879
      8.46682      0.15976
      8.46582      0.16074
      8.46482      0.16174
      8.46382      0.16274
      8.46282      0.16375
      8.46182      0.16478
      8.46082      0.16581
      8.45982      0.16686
      8.45882      0.16792
      8.45782      0.16899
      8.45682      0.17008
      8.45582      0.17117
      8.45482      0.17228
      8.45382      0.17340
      8.45282      0.17454
      8.45182      0.17568
      8.45082      0.17685
      8.44982      0.17802
      8.44882      0.17921
      8.44782      0.18041
      8.44682      0.18163
      8.44582      0.18286
      8.44481      0.18411
      8.44381      0.18537
      8.44281      0.18664
      8.44181      0.18794
      8.44081      0.18925
      8.43981      0.19057
      8.43881      0.19191
      8.43781      0.19327
      8.43681      0.19464
      8.43581      0.19604
      8.43481      0.19745
      8.43381      0.19887
      8.43281      0.20032
      8.43181      0.20179
      8.43081      0.20327
      8.42981      0.20477
      8.42881      0.20630
      8.42781      0.20784
      8.42681      0.20940
      8.42581      0.21099
      8.42481      0.21259
      8.42381      0.21422
      8.42281      0.21587
      8.42181      0.21754
      8.42081      0.21923
      8.41981      0.22095
      8.41881      0.22269
      8.41781      0.22446
      8.41681      0.22625
      8.41581      0.22807
      8.41480      0.22991
      8.41380      0.23177
      8.41280      0.23367
      8.41180      0.23559
      8.41080      0.23754
      8.40980      0.23952
      8.40880      0.24152
      8.40780      0.24356
      8.40680      0.24563
      8.40580      0.24772
      8.40480      0.24985
      8.40380      0.25201
      8.40280      0.25421
      8.40180      0.25644
      8.40080      0.25870
      8.39980      0.26099
      8.39880      0.26333
      8.39780      0.26570
      8.39680      0.26810
      8.39580      0.27055
      8.39480      0.27303
      8.39380      0.27555
      8.39280      0.27812
      8.39180      0.28072
      8.39080      0.28337
      8.38980      0.28606
      8.38880      0.28880
      8.38780      0.29158
      8.38680      0.29441
      8.38580      0.29729
      8.38479      0.30021
      8.38379      0.30319
      8.38279      0.30622
      8.38179      0.30930
      8.38079      0.31243
      8.37979      0.31562
      8.37879      0.31887
      8.37779      0.32217
      8.37679      0.32553
      8.37579      0.32895
      8.37479      0.33244
      8.37379      0.33599
      8.37279      0.33960
      8.37179      0.34329
      8.37079      0.34704
      8.36979      0.35086
      8.36879      0.35475
      8.36779      0.35872
      8.36679      0.36277
      8.36579      0.36689
      8.36479      0.37110
      8.36379      0.37538
      8.36279      0.37976
      8.36179      0.38422
      8.36079      0.38877
      8.35979      0.39341
      8.35879      0.39815
      8.35779      0.40298
      8.35679      0.40792
      8.35579      0.41295
      8.35478      0.41810
      8.35378      0.42335
      8.35278      0.42872
      8.35178      0.43420
      8.35078      0.43980
      8.34978      0.44553
      8.34878      0.45138
      8.34778      0.45736
      8.34678      0.46348
      8.34578      0.46974
      8.34478      0.47613
      8.34378      0.48268
      8.34278      0.48938
      8.34178      0.49623
      8.34078      0.50325
      8.33978      0.51044
      8.33878      0.51779
      8.33778      0.52533
      8.33678      0.53305
      8.33578      0.54096
      8.33478      0.54907
      8.33378      0.55738
      8.33278      0.56591
      8.33178      0.57465
      8.33078      0.58362
      8.32978      0.59282
      8.32878      0.60227
      8.32778      0.61196
      8.32678      0.62192
      8.32578      0.63214
      8.32477      0.64265
      8.32377      0.65345
      8.32277      0.66454
      8.32177      0.67595
      8.32077      0.68769
      8.31977      0.69976
      8.31877      0.71218
      8.31777      0.72497
      8.31677      0.73814
      8.31577      0.75170
      8.31477      0.76567
      8.31377      0.78007
      8.31277      0.79491
      8.31177      0.81022
      8.31077      0.82601
      8.30977      0.84231
      8.30877      0.85913
      8.30777      0.87650
      8.30677      0.89445
      8.30577      0.91299
      8.30477      0.93217
      8.30377      0.95200
      8.30277      0.97251
      8.30177      0.99375
      8.30077      1.01573
      8.29977      1.03851
      8.29877      1.06211
      8.29777      1.08658
      8.29677      1.11197
      8.29577      1.13831
      8.29476      1.16565
      8.29376      1.19406
      8.29276      1.22358
      8.29176      1.25427
      8.29076      1.28620
      8.28976      1.31944
      8.28876      1.35404
      8.28776      1.39011
      8.28676      1.42770
      8.28576      1.46693
      8.28476      1.50787
      8.28376      1.55063
      8.28276      1.59532
      8.28176      1.64206
      8.28076      1.69097
      8.27976      1.74219
      8.27876      1.79587
      8.27776      1.85217
      8.27676      1.91126
      8.27576      1.97332
      8.27476      2.03856
      8.27376      2.10720
      8.27276      2.17947
      8.27176      2.25564
      8.27076      2.33598
      8.26976      2.42081
      8.26876      2.51046
      8.26776      2.60530
      8.26676      2.70573
      8.26576      2.81220
      8.26475      2.92519
      8.26375      3.04525
      8.26275      3.17295
      8.26175      3.30897
      8.26075      3.45401
      8.25975      3.60888
      8.25875      3.77448
      8.25775      3.95179
      8.25675      4.14192
      8.25575      4.34611
      8.25475      4.56575
      8.25375      4.80238
      8.25275      5.05775
      8.25175      5.33384
      8.25075      5.63286
      8.24975      5.95734
      8.24875      6.31014
      8.24775      6.69450
      8.24675      7.11413
      8.24575      7.57326
      8.24475      8.07673
      8.24375      8.63009
      8.24275      9.23973
      8.24175      9.91299
      8.24075     10.65830
      8.23975     11.48542
      8.23875     12.40556
      8.23775     13.43162
      8.23675     14.57844
      8.23575     15.86293
      8.23474     17.30432
      8.23374     18.92419
      8.23274     20.74639
      8.23174     22.79658
      8.23074     25.10136
      8.22974     27.68646
      8.22874     30.57377
      8.22774     33.77659
      8.22674     37.29259
      8.22574     41.09413
      8.22474     45.11609
      8.22374     49.24304
      8.22274     53.29933
      8.22174     57.04846
      8.22074     60.20945
      8.21974     62.49473
      8.21874     63.66558
      8.21774     63.58932
      8.21674     62.27486
      8.21574     59.87029
      8.21474     56.62343
      8.21374     52.82378
      8.21274     48.74851
      8.21174     44.62721
      8.21074     40.62794
      8.20974     36.85943
      8.20874     33.38152
      8.20774     30.21821
      8.20674     27.36948
      8.20574     24.82064
      8.20473     22.54914
      8.20373     20.52901
      8.20273     18.73369
      8.20173     17.13769
      8.20073     15.71744
      8.19973     14.45164
      8.19873     13.32135
      8.19773     12.30990
      8.19673     11.40272
      8.19573     10.58711
      8.19473      9.85206
      8.19373      9.18798
      8.19273      8.58657
      8.19173      8.04061
      8.19073      7.54384
      8.18973      7.09078
      8.18873      6.67669
      8.18773      6.29739
      8.18673      5.94924
      8.18573      5.62904
      8.18473      5.33398
      8.18373      5.06158
      8.18273      4.80963
      8.18173      4.57621
      8.18073      4.35959
      8.17973      4.15824
      8.17873      3.97079
      8.17773      3.79603
      8.17673      3.63285
      8.17573      3.48029
      8.17472      3.33746
      8.17372      3.20357
      8.17272      3.07791
      8.17172      2.95983
      8.17072      2.84874
      8.16972      2.74412
      8.16872      2.64548
      8.16772      2.55239
      8.16672      2.46444
      8.16572      2.38128
      8.16472      2.30256
      8.16372      2.22799
      8.16272      2.15728
      8.16172      2.09019
      8.16072      2.02646
      8.15972      1.96589
      8.15872      1.90828
      8.15772      1.85344
      8.15672      1.80119
      8.15572      1.75140
      8.15472      1.70390
      8.15372      1.65856
      8.15272      1.61525
      8.15172      1.57387
      8.15072      1.53430
      8.14972      1.49644
      8.14872      1.46020
      8.14772      1.42549
      8.14672      1.39223
      8.14572      1.36033
      8.14471      1.32974
      8.14371      1.30038
      8.14271      1.27219
      8.14171      1.24511
      8.14071      1.21909
      8.13971      1.19408
      8.13871      1.17002
      8.13771      1.14688
      8.13671      1.12460
      8.13571      1.10315
      8.13471      1.08249
      8.13371      1.06258
      8.13271      1.04339
      8.13171      1.02490
      8.13071      1.00706
      8.12971      0.98985
      8.12871      0.97324
      8.12771      0.95721
      8.12671      0.94173
      8.12571      0.92678
      8.12471      0.91234
      8.12371      0.89839
      8.12271      0.88491
      8.12171      0.87187
      8.12071      0.85927
      8.11971      0.84708
      8.11871      0.83530
      8.11771      0.82389
      8.11671      0.81286
      8.11571      0.80218
      8.11470      0.79185
      8.11370      0.78185
      8.11270      0.77216
      8.11170      0.76279
      8.11070      0.75371
      8.10970      0.74492
      8.10870      0.73640
      8.10770      0.72815
      8.10670      0.72016
      8.10570      0.71242
      8.10470      0.70492
      8.10370      0.69765
      8.10270      0.69061
      8.10170      0.68379
      8.10070      0.67718
      8.09970      0.67078
      8.09870      0.66458
      8.09770      0.65857
      8.09670      0.65274
      8.09570      0.64710
      8.09470      0.64164
      8.09370      0.63635
      8.09270      0.63122
      8.09170      0.62626
      8.09070      0.62145
      8.08970      0.61680
      8.08870      0.61229
      8.08770      0.60793
      8.08670      0.60371
      8.08570      0.59963
      8.08469      0.59569
      8.08369      0.59187
      8.08269      0.58818
      8.08169      0.58461
      8.08069      0.58117
      8.07969      0.57784
      8.07869      0.57463
      8.07769      0.57153
      8.07669      0.56854
      8.07569      0.56566
      8.07469      0.56289
      8.07369      0.56022
      8.07269      0.55764
      8.07169      0.55517
      8.07069      0.55279
      8.06969      0.55051
      8.06869      0.54832
      8.06769      0.54622
      8.06669      0.54421
      8.06569      0.54229
      8.06469      0.54045
      8.06369      0.53870
      8.06269      0.53703
      8.06169      0.53544
      8.06069      0.53393
      8.05969      0.53250
      8.05869      0.53114
      8.05769      0.52987
      8.05669      0.52866
      8.05569      0.52753
      8.05468      0.52648
      8.05368      0.52549
      8.05268      0.52458
      8.05168      0.52373
      8.05068      0.52296
      8.04968      0.52225
      8.04868      0.52161
      8.04768      0.52103
      8.04668      0.52052
      8.04568      0.52008
      8.04468      0.51969
      8.04368      0.51938
      8.04268      0.51912
      8.04168      0.51893
      8.04068      0.51879
      8.03968      0.51872
      8.03868      0.51871
      8.03768      0.51876
      8.03668      0.51887
      8.03568      0.51904
      8.03468      0.51927
      8.03368      0.51955
      8.03268      0.51990
      8.03168      0.52030
      8.03068      0.52076
      8.02968      0.52127
      8.02868      0.52185
      8.02768      0.52248
      8.02668      0.52316
      8.02568      0.52391
      8.02467      0.52471
      8.02367      0.52556
      8.02267      0.52647
      8.02167      0.52744
      8.02067      0.52846
      8.01967      0.52954
      8.01867      0.53068
      8.01767      0.53187
      8.01667      0.53312
      8.01567      0.53442
      8.01467      0.53578
      8.01367      0.53720
      8.01267      0.53867
      8.01167      0.54020
      8.01067      0.54179
      8.00967      0.54343
      8.00867      0.54514
      8.00767      0.54689
      8.00667      0.54871
      8.00567      0.55059
      8.00467      0.55252
      8.00367      0.55451
      8.00267      0.55656
      8.00167      0.55867
      8.00067      0.56084
      7.99967      0.56307
      7.99867      0.56536
      7.99767      0.56772
      7.99667      0.57013
      7.99567      0.57261
      7.99466      0.57515
      7.99366      0.57775
      7.99266      0.58042
      7.99166      0.58315
      7.99066      0.58595
      7.98966      0.58881
      7.98866      0.59174
      7.98766      0.59474
      7.98666      0.59780
      7.98566      0.60094
      7.98466      0.60414
      7.98366      0.60742
      7.98266      0.61076
      7.98166      0.61418
      7.98066      0.61768
      7.97966      0.62124
      7.97866      0.62489
      7.97766      0.62860
      7.97666      0.63240
      7.97566      0.63628
      7.97466      0.64023
      7.97366      0.64427
      7.97266      0.64839
      7.97166      0.65259
      7.97066      0.65688
      7.96966      0.66125
      7.96866      0.66571
      7.96766      0.67026
      7.96666      0.67490
      7.96566      0.67963
      7.96465      0.68446
      7.96365      0.68938
      7.96265      0.69440
      7.96165      0.69952
      7.96065      0.70474
      7.95965      0.71006
      7.95865      0.71548
      7.95765      0.72101
      7.95665      0.72665
      7.95565      0.73240
      7.95465      0.73826
      7.95365      0.74424
      7.95265      0.75033
      7.95165      0.75655
      7.95065      0.76288
      7.94965      0.76934
      7.94865      0.77593
      7.94765      0.78264
      7.94665      0.78949
      7.94565      0.79647
      7.94465      0.80359
      7.94365      0.81086
      7.94265      0.81826
      7.94165      0.82582
      7.94065      0.83352
      7.93965      0.84138
      7.93865      0.84940
      7.93765      0.85757
      7.93665      0.86592
      7.93565      0.87443
      7.93464      0.88312
      7.93364      0.89198
      7.93264      0.90102
      7.93164      0.91025
      7.93064      0.91968
      7.92964      0.92929
      7.92864      0.93911
      7.92764      0.94913
      7.92664      0.95937
      7.92564      0.96982
      7.92464      0.98049
      7.92364      0.99139
      7.92264      1.00252
      7.92164      1.01390
      7.92064      1.02552
      7.91964      1.03739
      7.91864      1.04953
      7.91764      1.06193
      7.91664      1.07461
      7.91564      1.08757
      7.91464      1.10082
      7.91364      1.11437
      7.91264      1.12823
      7.91164      1.14241
      7.91064      1.15691
      7.90964      1.17175
      7.90864      1.18694
      7.90764      1.20248
      7.90664      1.21839
      7.90564      1.23469
      7.90463      1.25137
      7.90363      1.26846
      7.90263      1.28597
      7.90163      1.30390
      7.90063      1.32228
      7.89963      1.34112
      7.89863      1.36044
      7.89763      1.38024
      7.89663      1.40055
      7.89563      1.42139
      7.89463      1.44277
      7.89363      1.46470
      7.89263      1.48722
      7.89163      1.51035
      7.89063      1.53409
      7.88963      1.55848
      7.88863      1.58354
      7.88763      1.60929
      7.88663      1.63577
      7.88563      1.66299
      7.88463      1.69099
      7.88363      1.71979
      7.88263      1.74943
      7.88163      1.77994
      7.88063      1.81136
      7.87963      1.84372
      7.87863      1.87705
      7.87763      1.91141
      7.87663      1.94683
      7.87563      1.98335
      7.87462      2.02103
      7.87362      2.05992
      7.87262      2.10006
      7.87162      2.14151
      7.87062      2.18434
      7.86962      2.22859
      7.86862      2.27435
      7.86762      2.32167
      7.86662      2.37063
      7.86562      2.42131
      7.86462      2.47379
      7.86362      2.52816
      7.86262      2.58451
      7.86162      2.64294
      7.86062      2.70355
      7.85962      2.76646
      7.85862      2.83179
      7.85762      2.89966
      7.85662      2.97021
      7.85562      3.04358
      7.85462      3.11993
      7.85362      3.19943
      7.85262      3.28224
      7.85162      3.36857
      7.85062      3.45861
      7.84962      3.55259
      7.84862      3.65074
      7.84762      3.75330
      7.84662      3.86057
      7.84562      3.97282
      7.84461      4.09038
      7.84361      4.21359
      7.84261      4.34282
      7.84161      4.47848
      7.84061      4.62099
      7.83961      4.77084
      7.83861      4.92854
      7.83761      5.09465
      7.83661      5.26978
      7.83561      5.45460
      7.83461      5.64985
      7.83361      5.85631
      7.83261      6.07488
      7.83161      6.30651
      7.83061      6.55227
      7.82961      6.81332
      7.82861      7.09097
      7.82761      7.38663
      7.82661      7.70190
      7.82561      8.03853
      7.82461      8.39848
      7.82361      8.78393
      7.82261      9.19732
      7.82161      9.64138
      7.82061     10.11916
      7.81961     10.63410
      7.81861     11.19008
      7.81761     11.79147
      7.81661     12.44321
      7.81561     13.15093
      7.81460     13.92100
      7.81360     14.76068
      7.81260     15.67828
      7.81160     16.68328
      7.81060     17.78658
      7.80960     19.00065
      7.80860     20.33988
      7.80760     21.82081
      7.80660     23.46250
      7.80560     25.28691
      7.80460     27.31932
      7.80360     29.58876
      7.80260     32.12842
      7.80160     34.97604
      7.80060     38.17406
      7.79960     41.76950
      7.79860     45.81327
      7.79760     50.35844
      7.79660     55.45709
      7.79560     61.15474
      7.79460     67.48148
      7.79360     74.43868
      7.79260     81.98042
      7.79160     89.98988
      7.79060     98.25346
      7.78960    106.43932
      7.78860    114.09233
      7.78760    120.66052
      7.78660    125.56416
      7.78560    128.30275
      7.78459    128.57162
      7.78359    126.34283
      7.78259    121.87288
      7.78159    115.63366
      7.78059    108.19903
      7.77959    100.13295
      7.77859     91.91226
      7.77759     83.89268
      7.77659     76.30900
      7.77559     69.29451
      7.77459     62.90676
      7.77359     57.15184
      7.77259     52.00402
      7.77159     47.42000
      7.77059     43.34853
      7.76959     39.73651
      7.76859     36.53256
      7.76759     33.68893
      7.76659     31.16240
      7.76559     28.91446
      7.76459     26.91119
      7.76359     25.12293
      7.76259     23.52385
      7.76159     22.09153
      7.76059     20.80654
      7.75959     19.65203
      7.75859     18.61340
      7.75759     17.67800
      7.75659     16.83484
      7.75559     16.07438
      7.75458     15.38832
      7.75358     14.76943
      7.75258     14.21141
      7.75158     13.70878
      7.75058     13.25673
      7.74958     12.85110
      7.74858     12.48824
      7.74758     12.16498
      7.74658     11.87857
      7.74558     11.62661
      7.74458     11.40707
      7.74358     11.21818
      7.74258     11.05846
      7.74158     10.92669
      7.74058     10.82184
      7.73958     10.74314
      7.73858     10.68998
      7.73758     10.66198
      7.73658     10.65893
      7.73558     10.68080
      7.73458     10.72775
      7.73358     10.80013
      7.73258     10.89848
      7.73158     11.02354
      7.73058     11.17625
      7.72958     11.35780
      7.72858     11.56960
      7.72758     11.81333
      7.72658     12.09096
      7.72558     12.40478
      7.72457     12.75746
      7.72357     13.15205
      7.72257     13.59206
      7.72157     14.08153
      7.72057     14.62508
      7.71957     15.22802
      7.71857     15.89642
      7.71757     16.63726
      7.71657     17.45854
      7.71557     18.36948
      7.71457     19.38067
      7.71357     20.50429
      7.71257     21.75444
      7.71157     23.14732
      7.71057     24.70169
      7.70957     26.43915
      7.70857     28.38460
      7.70757     30.56668
      7.70657     33.01818
      7.70557     35.77638
      7.70457     38.88332
      7.70357     42.38561
      7.70257     46.33383
      7.70157     50.78090
      7.70057     55.77901
      7.69957     61.37428
      7.69857     67.59813
      7.69757     74.45432
      7.69657     81.90077
      7.69557     89.82621
      7.69456     98.02434
      7.69356    106.17170
      7.69256    113.82105
      7.69156    120.42528
      7.69056    125.40337
      7.68956    128.24558
      7.68856    128.63063
      7.68756    126.51052
      7.68656    122.12377
      7.68556    115.93093
      7.68456    108.50262
      7.68356    100.40636
      7.68256     92.12637
      7.68156     84.02682
      7.68056     76.35018
      7.67956     69.23576
      7.67856     62.74535
      7.67756     56.88778
      7.67656     51.63890
      7.67556     46.95616
      7.67456     42.78854
      7.67356     39.08281
      7.67256     35.78733
      7.67156     32.85395
      7.67056     30.23902
      7.66956     27.90361
      7.66856     25.81338
      7.66756     23.93826
      7.66656     22.25205
      7.66556     20.73198
      7.66455     19.35828
      7.66355     18.11377
      7.66255     16.98357
      7.66155     15.95471
      7.66055     15.01594
      7.65955     14.15740
      7.65855     13.37052
      7.65755     12.64778
      7.65655     11.98257
      7.65555     11.36911
      7.65455     10.80228
      7.65355     10.27757
      7.65255      9.79098
      7.65155      9.33896
      7.65055      8.91837
      7.64955      8.52639
      7.64855      8.16053
      7.64755      7.81852
      7.64655      7.49837
      7.64555      7.19826
      7.64455      6.91656
      7.64355      6.65182
      7.64255      6.40269
      7.64155      6.16799
      7.64055      5.94662
      7.63955      5.73759
      7.63855      5.54001
      7.63755      5.35305
      7.63655      5.17598
      7.63555      5.00809
      7.63454      4.84877
      7.63354      4.69745
      7.63254      4.55359
      7.63154      4.41672
      7.63054      4.28638
      7.62954      4.16217
      7.62854      4.04371
      7.62754      3.93064
      7.62654      3.82265
      7.62554      3.71944
      7.62454      3.62072
      7.62354      3.52623
      7.62254      3.43575
      7.62154      3.34904
      7.62054      3.26590
      7.61954      3.18613
      7.61854      3.10956
      7.61754      3.03601
      7.61654      2.96533
      7.61554      2.89738
      7.61454      2.83200
      7.61354      2.76908
      7.61254      2.70850
      7.61154      2.65013
      7.61054      2.59387
      7.60954      2.53963
      7.60854      2.48731
      7.60754      2.43681
      7.60654      2.38807
      7.60554      2.34098
      7.60453      2.29550
      7.60353      2.25153
      7.60253      2.20902
      7.60153      2.16791
      7.60053      2.12812
      7.59953      2.08962
      7.59853      2.05234
      7.59753      2.01624
      7.59653      1.98127
      7.59553      1.94738
      7.59453      1.91452
      7.59353      1.88267
      7.59253      1.85177
      7.59153      1.82180
      7.59053      1.79272
      7.58953      1.76449
      7.58853      1.73709
      7.58753      1.71048
      7.58653      1.68463
      7.58553      1.65952
      7.58453      1.63512
      7.58353      1.61141
      7.58253      1.58837
      7.58153      1.56596
      7.58053      1.54417
      7.57953      1.52297
      7.57853      1.50236
      7.57753      1.48230
      7.57653      1.46279
      7.57553      1.44380
      7.57452      1.42531
      7.57352      1.40732
      7.57252      1.38981
      7.57152      1.37275
      7.57052      1.35615
      7.56952      1.33997
      7.56852      1.32422
      7.56752      1.30888
      7.56652      1.29394
      7.56552      1.27938
      7.56452      1.26520
      7.56352      1.25139
      7.56252      1.23793
      7.56152      1.22481
      7.56052      1.21203
      7.55952      1.19958
      7.55852      1.18745
      7.55752      1.17563
      7.55652      1.16412
      7.55552      1.15290
      7.55452      1.14197
      7.55352      1.13132
      7.55252      1.12095
      7.55152      1.11084
      7.55052      1.10100
      7.54952      1.09141
      7.54852      1.08208
      7.54752      1.07299
      7.54652      1.06414
      7.54552      1.05553
      7.54451      1.04715
      7.54351      1.03899
      7.54251      1.03106
      7.54151      1.02334
      7.54051      1.01584
      7.53951      1.00855
      7.53851      1.00146
      7.53751      0.99457
      7.53651      0.98789
      7.53551      0.98140
      7.53451      0.97510
      7.53351      0.96899
      7.53251      0.96306
      7.53151      0.95733
      7.53051      0.95177
      7.52951      0.94639
      7.52851      0.94119
      7.52751      0.93616
      7.52651      0.93130
      7.52551      0.92662
      7.52451      0.92210
      7.52351      0.91775
      7.52251      0.91356
      7.52151      0.90954
      7.52051      0.90568
      7.51951      0.90198
      7.51851      0.89844
      7.51751      0.89506
      7.51651      0.89184
      7.51551      0.88877
      7.51450      0.88586
      7.51350      0.88311
      7.51250      0.88051
      7.51150      0.87806
      7.51050      0.87577
      7.50950      0.87363
      7.50850      0.87165
      7.50750      0.86981
      7.50650      0.86814
      7.50550      0.86661
      7.50450      0.86524
      7.50350      0.86402
      7.50250      0.86296
      7.50150      0.86206
      7.50050      0.86131
      7.49950      0.86071
      7.49850      0.86028
      7.49750      0.86000
      7.49650      0.85988
      7.49550      0.85993
      7.49450      0.86013
      7.49350      0.86050
      7.49250      0.86104
      7.49150      0.86174
      7.49050      0.86261
      7.48950      0.86366
      7.48850      0.86488
      7.48750      0.86627
      7.48650      0.86785
      7.48550      0.86960
      7.48449      0.87154
      7.48349      0.87366
      7.48249      0.87598
      7.48149      0.87849
      7.48049      0.88120
      7.47949      0.88410
      7.47849      0.88722
      7.47749      0.89054
      7.47649      0.89408
      7.47549      0.89783
      7.47449      0.90181
      7.47349      0.90601
      7.47249      0.91045
      7.47149      0.91513
      7.47049      0.92006
      7.46949      0.92523
      7.46849      0.93067
      7.46749      0.93637
      7.46649      0.94234
      7.46549      0.94859
      7.46449      0.95513
      7.46349      0.96197
      7.46249      0.96911
      7.46149      0.97657
      7.46049      0.98435
      7.45949      0.99247
      7.45849      1.00094
      7.45749      1.00976
      7.45649      1.01895
      7.45549      1.02852
      7.45448      1.03849
      7.45348      1.04887
      7.45248      1.05967
      7.45148      1.07091
      7.45048      1.08261
      7.44948      1.09478
      7.44848      1.10745
      7.44748      1.12062
      7.44648      1.13432
      7.44548      1.14858
      7.44448      1.16341
      7.44348      1.17884
      7.44248      1.19490
      7.44148      1.21160
      7.44048      1.22899
      7.43948      1.24708
      7.43848      1.26591
      7.43748      1.28552
      7.43648      1.30594
      7.43548      1.32720
      7.43448      1.34936
      7.43348      1.37244
      7.43248      1.39650
      7.43148      1.42158
      7.43048      1.44774
      7.42948      1.47503
      7.42848      1.50350
      7.42748      1.53323
      7.42648      1.56428
      7.42548      1.59671
      7.42447      1.63062
      7.42347      1.66606
      7.42247      1.70314
      7.42147      1.74195
      7.42047      1.78259
      7.41947      1.82517
      7.41847      1.86980
      7.41747      1.91661
      7.41647      1.96573
      7.41547      2.01731
      7.41447      2.07151
      7.41347      2.12850
      7.41247      2.18845
      7.41147      2.25159
      7.41047      2.31811
      7.40947      2.38825
      7.40847      2.46228
      7.40747      2.54046
      7.40647      2.62312
      7.40547      2.71057
      7.40447      2.80318
      7.40347      2.90136
      7.40247      3.00554
      7.40147      3.11621
      7.40047      3.23388
      7.39947      3.35916
      7.39847      3.49268
      7.39747      3.63516
      7.39647      3.78739
      7.39547      3.95026
      7.39446      4.12474
      7.39346      4.31192
      7.39246      4.51304
      7.39146      4.72944
      7.39046      4.96267
      7.38946      5.21446
      7.38846      5.48674
      7.38746      5.78171
      7.38646      6.10185
      7.38546      6.44997
      7.38446      6.82929
      7.38346      7.24346
      7.38246      7.69663
      7.38146      8.19358
      7.38046      8.73978
      7.37946      9.34150
      7.37846     10.00598
      7.37746     10.74152
      7.37646     11.55771
      7.37546     12.46560
      7.37446     13.47789
      7.37346     14.60917
      7.37246     15.87613
      7.37146     17.29774
      7.37046     18.89530
      7.36946     20.69241
      7.36846     22.71459
      7.36746     24.98838
      7.36646     27.53974
      7.36546     30.39118
      7.36445     33.55729
      7.36345     37.03791
      7.36245     40.80880
      7.36145     44.80971
      7.36045     48.93145
      7.35945     53.00537
      7.35845     56.80139
      7.35745     60.04202
      7.35645     62.43790
      7.35545     63.74183
      7.35445     63.80684
      7.35345     62.62533
      7.35245     60.33116
      7.35145     57.16371
      7.35045     53.41076
      7.34945     49.35301
      7.34845     45.22645
      7.34745     41.20619
      7.34645     37.40715
      7.34545     33.89404
      7.34445     30.69425
      7.34345     27.80992
      7.34245     25.22764
      7.34145     22.92548
      7.34045     20.87768
      7.33945     19.05765
      7.33845     17.43973
      7.33745     16.00011
      7.33645     14.71721
      7.33545     13.57185
      7.33444     12.54710
      7.33344     11.62817
      7.33244     10.80217
      7.33144     10.05789
      7.33044      9.38560
      7.32944      8.77686
      7.32844      8.22436
      7.32744      7.72171
      7.32644      7.26336
      7.32544      6.84449
      7.32444      6.46087
      7.32344      6.10879
      7.32244      5.78502
      7.32144      5.48669
      7.32044      5.21129
      7.31944      4.95660
      7.31844      4.72065
      7.31744      4.50170
      7.31644      4.29819
      7.31544      4.10875
      7.31444      3.93212
      7.31344      3.76722
      7.31244      3.61305
      7.31144      3.46872
      7.31044      3.33342
      7.30944      3.20644
      7.30844      3.08713
      7.30744      2.97488
      7.30644      2.86917
      7.30544      2.76951
      7.30443      2.67545
      7.30343      2.58660
      7.30243      2.50259
      7.30143      2.42307
      7.30043      2.34774
      7.29943      2.27633
      7.29843      2.20856
      7.29743      2.14421
      7.29643      2.08305
      7.29543      2.02488
      7.29443      1.96952
      7.29343      1.91679
      7.29243      1.86655
      7.29143      1.81862
      7.29043      1.77290
      7.28943      1.72924
      7.28843      1.68752
      7.28743      1.64765
      7.28643      1.60952
      7.28543      1.57303
      7.28443      1.53810
      7.28343      1.50465
      7.28243      1.47259
      7.28143      1.44185
      7.28043      1.41238
      7.27943      1.38410
      7.27843      1.35697
      7.27743      1.33091
      7.27643      1.30588
      7.27543      1.28184
      7.27442      1.25873
      7.27342      1.23652
      7.27242      1.21516
      7.27142      1.19462
      7.27042      1.17486
      7.26942      1.15585
      7.26842      1.13754
      7.26742      1.11993
      7.26642      1.10297
      7.26542      1.08664
      7.26442      1.07092
      7.26342      1.05578
      7.26242      1.04119
      7.26142      1.02714
      7.26042      1.01361
      7.25942      1.00058
      7.25842      0.98803
      7.25742      0.97594
      7.25642      0.96430
      7.25542      0.95309
      7.25442      0.94229
      7.25342      0.93190
      7.25242      0.92190
      7.25142      0.91228
      7.25042      0.90302
      7.24942      0.89412
      7.24842      0.88556
      7.24742      0.87733
      7.24642      0.86943
      7.24542      0.86185
      7.24441      0.85457
      7.24341      0.84759
      7.24241      0.84090
      7.24141      0.83450
      7.24041      0.82838
      7.23941      0.82252
      7.23841      0.81693
      7.23741      0.81160
      7.23641      0.80652
      7.23541      0.80170
      7.23441      0.79711
      7.23341      0.79277
      7.23241      0.78866
      7.23141      0.78478
      7.23041      0.78112
      7.22941      0.77770
      7.22841      0.77449
      7.22741      0.77150
      7.22641      0.76873
      7.22541      0.76616
      7.22441      0.76381
      7.22341      0.76167
      7.22241      0.75974
      7.22141      0.75801
      7.22041      0.75648
      7.21941      0.75516
      7.21841      0.75403
      7.21741      0.75311
      7.21641      0.75239
      7.21541      0.75187
      7.21440      0.75155
      7.21340      0.75143
      7.21240      0.75151
      7.21140      0.75179
      7.21040      0.75227
      7.20940      0.75295
      7.20840      0.75384
      7.20740      0.75493
      7.20640      0.75623
      7.20540      0.75773
      7.20440      0.75945
      7.20340      0.76137
      7.20240      0.76351
      7.20140      0.76587
      7.20040      0.76844
      7.19940      0.77124
      7.19840      0.77427
      7.19740      0.77752
      7.19640      0.78101
      7.19540      0.78473
      7.19440      0.78870
      7.19340      0.79291
      7.19240      0.79737
      7.19140      0.80209
      7.19040      0.80707
      7.18940      0.81232
      7.18840      0.81784
      7.18740      0.82365
      7.18640      0.82974
      7.18540      0.83613
      7.18439      0.84282
      7.18339      0.84983
      7.18239      0.85715
      7.18139      0.86481
      7.18039      0.87280
      7.17939      0.88114
      7.17839      0.88985
      7.17739      0.89893
      7.17639      0.90839
      7.17539      0.91825
      7.17439      0.92852
      7.17339      0.93922
      7.17239      0.95035
      7.17139      0.96195
      7.17039      0.97401
      7.16939      0.98657
      7.16839      0.99963
      7.16739      1.01323
      7.16639      1.02737
      7.16539      1.04209
      7.16439      1.05740
      7.16339      1.07333
      7.16239      1.08991
      7.16139      1.10716
      7.16039      1.12512
      7.15939      1.14381
      7.15839      1.16327
      7.15739      1.18353
      7.15639      1.20463
      7.15539      1.22661
      7.15438      1.24951
      7.15338      1.27337
      7.15238      1.29825
      7.15138      1.32419
      7.15038      1.35125
      7.14938      1.37949
      7.14838      1.40896
      7.14738      1.43974
      7.14638      1.47188
      7.14538      1.50548
      7.14438      1.54060
      7.14338      1.57734
      7.14238      1.61578
      7.14138      1.65603
      7.14038      1.69818
      7.13938      1.74237
      7.13838      1.78871
      7.13738      1.83732
      7.13638      1.88837
      7.13538      1.94199
      7.13438      1.99836
      7.13338      2.05767
      7.13238      2.12010
      7.13138      2.18587
      7.13038      2.25521
      7.12938      2.32837
      7.12838      2.40563
      7.12738      2.48729
      7.12638      2.57367
      7.12538      2.66513
      7.12437      2.76207
      7.12337      2.86491
      7.12237      2.97413
      7.12137      3.09024
      7.12037      3.21382
      7.11937      3.34550
      7.11837      3.48598
      7.11737      3.63605
      7.11637      3.79655
      7.11537      3.96844
      7.11437      4.15281
      7.11337      4.35083
      7.11237      4.56384
      7.11137      4.79335
      7.11037      5.04102
      7.10937      5.30877
      7.10837      5.59872
      7.10737      5.91330
      7.10637      6.25525
      7.10537      6.62769
      7.10437      7.03418
      7.10337      7.47876
      7.10237      7.96607
      7.10137      8.50142
      7.10037      9.09093
      7.09937      9.74160
      7.09837     10.46152
      7.09737     11.25999
      7.09637     12.14772
      7.09537     13.13708
      7.09436     14.24224
      7.09336     15.47945
      7.09236     16.86717
      7.09136     18.42623
      7.09036     20.17979
      7.08936     22.15301
      7.08836     24.37232
      7.08736     26.86398
      7.08636     29.65154
      7.08536     32.75169
      7.08436     36.16800
      7.08336     39.88212
      7.08236     43.84232
      7.08136     47.95053
      7.08036     52.05098
      7.07936     55.92577
      7.07836     59.30507
      7.07736     61.89798
      7.07636     63.44364
      7.07536     63.77019
      7.07436     62.83961
      7.07336     60.75837
      7.07236     57.74834
      7.07136     54.09220
      7.07036     50.07593
      7.06936     45.94678
      7.06836     41.89283
      7.06736     38.04084
      7.06636     34.46488
      7.06536     31.19900
      7.06435     28.24969
      7.06335     25.60609
      7.06235     23.24757
      7.06135     21.14888
      7.06035     19.28343
      7.05935     17.62525
      7.05835     16.15011
      7.05735     14.83596
      7.05635     13.66310
      7.05535     12.61418
      7.05435     11.67396
      7.05335     10.82918
      7.05235     10.06830
      7.05135      9.38131
      7.05035      8.75951
      7.04935      8.19535
      7.04835      7.68229
      7.04735      7.21462
      7.04635      6.78735
      7.04535      6.39615
      7.04435      6.03721
      7.04335      5.70720
      7.04235      5.40318
      7.04135      5.12258
      7.04035      4.86311
      7.03935      4.62276
      7.03835      4.39974
      7.03735      4.19245
      7.03635      3.99949
      7.03535      3.81958
      7.03434      3.65160
      7.03334      3.49454
      7.03234      3.34747
      7.03134      3.20959
      7.03034      3.08016
      7.02934      2.95850
      7.02834      2.84402
      7.02734      2.73617
      7.02634      2.63444
      7.02534      2.53840
      7.02434      2.44763
      7.02334      2.36175
      7.02234      2.28042
      7.02134      2.20333
      7.02034      2.13019
      7.01934      2.06073
      7.01834      1.99472
      7.01734      1.93193
      7.01634      1.87215
      7.01534      1.81520
      7.01434      1.76091
      7.01334      1.70910
      7.01234      1.65963
      7.01134      1.61237
      7.01034      1.56717
      7.00934      1.52394
      7.00834      1.48254
      7.00734      1.44289
      7.00634      1.40487
      7.00534      1.36842
      7.00433      1.33343
      7.00333      1.29983
      7.00233      1.26755
      7.00133      1.23653
      7.00033      1.20669
      6.99933      1.17798
      6.99833      1.15033
      6.99733      1.12371
      6.99633      1.09805
      6.99533      1.07332
      6.99433      1.04946
      6.99333      1.02644
      6.99233      1.00421
      6.99133      0.98275
      6.99033      0.96202
      6.98933      0.94197
      6.98833      0.92259
      6.98733      0.90385
      6.98633      0.88571
      6.98533      0.86815
      6.98433      0.85114
      6.98333      0.83467
      6.98233      0.81870
      6.98133      0.80323
      6.98033      0.78822
      6.97933      0.77367
      6.97833      0.75954
      6.97733      0.74583
      6.97633      0.73252
      6.97533      0.71959
      6.97432      0.70703
      6.97332      0.69483
      6.97232      0.68296
      6.97132      0.67143
      6.97032      0.66020
      6.96932      0.64929
      6.96832      0.63866
      6.96732      0.62832
      6.96632      0.61825
      6.96532      0.60845
      6.96432      0.59889
      6.96332      0.58959
      6.96232      0.58051
      6.96132      0.57167
      6.96032      0.56305
      6.95932      0.55464
      6.95832      0.54644
      6.95732      0.53843
      6.95632      0.53062
      6.95532      0.52300
      6.95432      0.51555
      6.95332      0.50828
      6.95232      0.50118
      6.95132      0.49424
      6.95032      0.48747
      6.94932      0.48084
      6.94832      0.47437
      6.94732      0.46803
      6.94632      0.46184
      6.94532      0.45579
      6.94431      0.44987
      6.94331      0.44407
      6.94231      0.43840
      6.94131      0.43285
      6.94031      0.42742
      6.93931      0.42210
      6.93831      0.41689
      6.93731      0.41179
      6.93631      0.40679
      6.93531      0.40189
      6.93431      0.39710
      6.93331      0.39240
      6.93231      0.38779
      6.93131      0.38327
      6.93031      0.37884
      6.92931      0.37450
      6.92831      0.37024
      6.92731      0.36606
      6.92631      0.36197
      6.92531      0.35795
      6.92431      0.35400
      6.92331      0.35013
      6.92231      0.34633
      6.92131      0.34260
      6.92031      0.33894
      6.91931      0.33534
      6.91831      0.33181
      6.91731      0.32834
      6.91631      0.32493
      6.91531      0.32158
      6.91430      0.31830
      6.91330      0.31506
      6.91230      0.31189
      6.91130      0.30877
      6.91030      0.30570
      6.90930      0.30268
      6.90830      0.29972
      6.90730      0.29680
      6.90630      0.29393
      6.90530      0.29111
      6.90430      0.28834
      6.90330      0.28561
      6.90230      0.28292
      6.90130      0.28028
      6.90030      0.27768
      6.89930      0.27513
      6.89830      0.27261
      6.89730      0.27013
      6.89630      0.26769
      6.89530      0.26529
      6.89430      0.26292
      6.89330      0.26059
      6.89230      0.25830
      6.89130      0.25604
      6.89030      0.25382
      6.88930      0.25163
      6.88830      0.24947
      6.88730      0.24734
      6.88630      0.24524
      6.88530      0.24318
      6.88429      0.24114
      6.88329      0.23914
      6.88229      0.23716
      6.88129      0.23521
      6.88029      0.23329
      6.87929      0.23140
      6.87829      0.22953
      6.87729      0.22769
      6.87629      0.22587
      6.87529      0.22408
      6.87429      0.22231
      6.87329      0.22057
      6.87229      0.21885
      6.87129      0.21716
      6.87029      0.21548
      6.86929      0.21383
      6.86829      0.21221
      6.86729      0.21060
      6.86629      0.20901
      6.86529      0.20745
      6.86429      0.20590
      6.86329      0.20438
      6.86229      0.20287
      6.86129      0.20139
      6.86029      0.19992
      6.85929      0.19847
      6.85829      0.19704
      6.85729      0.19563
      6.85629      0.19423
      6.85529      0.19286
      6.85428      0.19150
      6.85328      0.19015
      6.85228      0.18882
      6.85128      0.18751
      6.85028      0.18622
      6.84928      0.18494
      6.84828      0.18367
      6.84728      0.18242
      6.84628      0.18119
      6.84528      0.17997
      6.84428      0.17876
      6.84328      0.17757
      6.84228      0.17640
      6.84128      0.17523
      6.84028      0.17408
      6.83928      0.17294
      6.83828      0.17182
      6.83728      0.17071
      6.83628      0.16961
      6.83528      0.16852
      6.83428      0.16745
      6.83328      0.16638
      6.83228      0.16533
      6.83128      0.16429
      6.83028      0.16327
      6.82928      0.16225
      6.82828      0.16124
      6.82728      0.16025
      6.82628      0.15927
      6.82528      0.15829
      6.82427      0.15733
      6.82327      0.15638
      6.82227      0.15543
      6.82127      0.15450
      6.82027      0.15358
      6.81927      0.15266
      6.81827      0.15176
      6.81727      0.15087
      6.81627      0.14998
      6.81527      0.14911
      6.81427      0.14824
      6.81327      0.14738
      6.81227      0.14653
      6.81127      0.14569
      6.81027      0.14486
      6.80927      0.14403
      6.80827      0.14322
      6.80727      0.14241
      6.80627      0.14161
      6.80527      0.14082
      6.80427      0.14003
      6.80327      0.13926
      6.80227      0.13849
      6.80127      0.13773
      6.80027      0.13697
      6.79927      0.13622
      6.79827      0.13548
      6.79727      0.13475
      6.79627      0.13403
      6.79527      0.13331
      6.79426      0.13259
      6.79326      0.13189
      6.79226      0.13119
      6.79126      0.13050
      6.79026      0.12981
      6.78926      0.12913
      6.78826      0.12846
      6.78726      0.12779
      6.78626      0.12713
      6.78526      0.12647
      6.78426      0.12582
      6.78326      0.12518
      6.78226      0.12454
      6.78126      0.12391
      6.78026      0.12328
      6.77926      0.12266
      6.77826      0.12205
      6.77726      0.12144
      6.77626      0.12083
      6.77526      0.12023
      6.77426      0.11964
      6.77326      0.11905
      6.77226      0.11847
      6.77126      0.11789
      6.77026      0.11731
      6.76926      0.11674
      6.76826      0.11618
      6.76726      0.11562
      6.76626      0.11507
      6.76526      0.11452
      6.76425      0.11397
      6.76325      0.11343
      6.76225      0.11289
      6.76125      0.11236
      6.76025      0.11183
      6.75925      0.11131
      6.75825      0.11079
      6.75725      0.11028
      6.75625      0.10977
      6.75525      0.10926
      6.75425      0.10876
      6.75325      0.10826
      6.75225      0.10776
      6.75125      0.10727
      6.75025      0.10679
      6.74925      0.10630
      6.74825      0.10583
      6.74725      0.10535
      6.74625      0.10488
      6.74525      0.10441
      6.74425      0.10395
      6.74325      0.10349
      6.74225      0.10303
      6.74125      0.10258
      6.74025      0.10213
      6.73925      0.10168
      6.73825      0.10124
      6.73725      0.10080
      6.73625      0.10036
      6.73525      0.09993
      6.73424      0.09950
      6.73324      0.09907
      6.73224      0.09865
      6.73124      0.09823
      6.73024      0.09781
      6.72924      0.09740
      6.72824      0.09699
      6.72724      0.09658
      6.72624      0.09618
      6.72524      0.09577
      6.72424      0.09538
      6.72324      0.09498
      6.72224      0.09459
      6.72124      0.09420
      6.72024      0.09381
      6.71924      0.09342
      6.71824      0.09304
      6.71724      0.09266
      6.71624      0.09229
      6.71524      0.09191
      6.71424      0.09154
      6.71324      0.09117
      6.71224      0.09081
      6.71124      0.09044
      6.71024      0.09008
      6.70924      0.08972
      6.70824      0.08937
      6.70724      0.08901
      6.70624      0.08866
      6.70524      0.08831
      6.70423      0.08797
      6.70323      0.08762
      6.70223      0.08728
      6.70123      0.08694
      6.70023      0.08661
      6.69923      0.08627
      6.69823      0.08594
      6.69723      0.08561
      6.69623      0.08528
      6.69523      0.08496
      6.69423      0.08463
      6.69323      0.08431
      6.69223      0.08399
      6.69123      0.08367
      6.69023      0.08336
      6.68923      0.08305
      6.68823      0.08273
      6.68723      0.08243
      6.68623      0.08212
      6.68523      0.08181
      6.68423      0.08151
      6.68323      0.08121
      6.68223      0.08091
      6.68123      0.08061
      6.68023      0.08032
      6.67923      0.08002
      6.67823      0.07973
      6.67723      0.07944
      6.67623      0.07915
      6.67523      0.07887
      6.67422      0.07858
      6.67322      0.07830
      6.67222      0.07802
      6.67122      0.07774
      6.67022      0.07746
      6.66922      0.07719
      6.66822      0.07691
      6.66722      0.07664
      6.66622      0.07637
      6.66522      0.07610
      6.66422      0.07583
      6.66322      0.07557
      6.66222      0.07530
      6.66122      0.07504
      6.66022      0.07478
      6.65922      0.07452
      6.65822      0.07426
      6.65722      0.07401
      6.65622      0.07375
      6.65522      0.07350
      6.65422      0.07325
      6.65322      0.07300
      6.65222      0.07275
      6.65122      0.07250
      6.65022      0.07226
      6.64922      0.07201
      6.64822      0.07177
      6.64722      0.07153
      6.64622      0.07129
      6.64522      0.07105
      6.64421      0.07081
      6.64321      0.07057
      6.64221      0.07034
      6.64121      0.07011
      6.64021      0.06987
      6.63921      0.06964
      6.63821      0.06941
      6.63721      0.06919
      6.63621      0.06896
      6.63521      0.06873
      6.63421      0.06851
      6.63321      0.06829
      6.63221      0.06807
      6.63121      0.06785
      6.63021      0.06763
      6.62921      0.06741
      6.62821      0.06719
      6.62721      0.06698
      6.62621      0.06676
      6.62521      0.06655
      6.62421      0.06634
      6.62321      0.06612
      6.62221      0.06591
      6.62121      0.06571
      6.62021      0.06550
      6.61921      0.06529
      6.61821      0.06509
      6.61721      0.06488
      6.61621      0.06468
      6.61521      0.06448
      6.61420      0.06428
      6.61320      0.06408
      6.61220      0.06388
      6.61120      0.06368
      6.61020      0.06348
      6.60920      0.06329
      6.60820      0.06309
      6.60720      0.06290
      6.60620      0.06271
      6.60520      0.06252
      6.60420      0.06233
      6.60320      0.06214
      6.60220      0.06195
      6.60120      0.06176
      6.60020      0.06157
      6.59920      0.06139
      6.59820      0.06120
      6.59720      0.06102
      6.59620      0.06084
      6.59520      0.06065
      6.59420      0.06047
      6.59320      0.06029
      6.59220      0.06011
      6.59120      0.05994
      6.59020      0.05976
      6.58920      0.05958
      6.58820      0.05941
      6.58720      0.05923
      6.58620      0.05906
      6.58520      0.05889
      6.58419      0.05871
      6.58319      0.05854
      6.58219      0.05837
      6.58119      0.05820
      6.58019      0.05803
      6.57919      0.05787
      6.57819      0.05770
      6.57719      0.05753
      6.57619      0.05737
      6.57519      0.05720
      6.57419      0.05704
      6.57319      0.05688
      6.57219      0.05672
      6.57119      0.05655
      6.57019      0.05639
      6.56919      0.05623
      6.56819      0.05607
      6.56719      0.05592
      6.56619      0.05576
      6.56519      0.05560
      6.56419      0.05545
      6.56319      0.05529
      6.56219      0.05514
      6.56119      0.05498
      6.56019      0.05483
      6.55919      0.05468
      6.55819      0.05453
      6.55719      0.05437
      6.55619      0.05422
      6.55519      0.05407
      6.55418      0.05393
      6.55318      0.05378
      6.55218      0.05363
      6.55118      0.05348
      6.55018      0.05334
      6.54918      0.05319
      6.54818      0.05305
      6.54718      0.05290
      6.54618      0.05276
      6.54518      0.05262
      6.54418      0.05248
      6.54318      0.05233
      6.54218      0.05219
      6.54118      0.05205
      6.54018      0.05191
      6.53918      0.05178
      6.53818      0.05164
      6.53718      0.05150
      6.53618      0.05136
      6.53518      0.05123
      6.53418      0.05109
      6.53318      0.05095
      6.53218      0.05082
      6.53118      0.05069
      6.53018      0.05055
      6.52918      0.05042
      6.52818      0.05029
      6.52718      0.05016
      6.52618      0.05003
      6.52518      0.04990
      6.52417      0.04977
      6.52317      0.04964
      6.52217      0.04951
      6.52117      0.04938
      6.52017      0.04925
      6.51917      0.04912
      6.51817      0.04900
      6.51717      0.04887
      6.51617      0.04875
      6.51517      0.04862
      6.51417      0.04850
      6.51317      0.04837
      6.51217      0.04825
      6.51117      0.04813
      6.51017      0.04801
      6.50917      0.04788
      6.50817      0.04776
      6.50717      0.04764
      6.50617      0.04752
      6.50517      0.04740
      6.50417      0.04728
      6.50317      0.04716
      6.50217      0.04705
      6.50117      0.04693
      6.50017      0.04681
      6.49917      0.04670
      6.49817      0.04658
      6.49717      0.04646
      6.49617      0.04635
      6.49517      0.04623
      6.49416      0.04612
      6.49316      0.04601
      6.49216      0.04589
      6.49116      0.04578
      6.49016      0.04567
      6.48916      0.04556
      6.48816      0.04544
      6.48716      0.04533
      6.48616      0.04522
      6.48516      0.04511
      6.48416      0.04500
      6.48316      0.04489
      6.48216      0.04478
      6.48116      0.04468
      6.48016      0.04457
      6.47916      0.04446
      6.47816      0.04435
      6.47716      0.04425
      6.47616      0.04414
      6.47516      0.04404
      6.47416      0.04393
      6.47316      0.04383
      6.47216      0.04372
      6.47116      0.04362
      6.47016      0.04351
      6.46916      0.04341
      6.46816      0.04331
      6.46716      0.04321
      6.46616      0.04310
      6.46516      0.04300
      6.46415      0.04290
      6.46315      0.04280
      6.46215      0.04270
      6.46115      0.04260
      6.46015      0.04250
      6.45915      0.04240
      6.45815      0.04230
      6.45715      0.04220
      6.45615      0.04211
      6.45515      0.04201
      6.45415      0.04191
      6.45315      0.04181
      6.45215      0.04172
      6.45115      0.04162
      6.45015      0.04152
      6.44915      0.04143
      6.44815      0.04133
      6.44715      0.04124
      6.44615      0.04114
      6.44515      0.04105
      6.44415      0.04096
      6.44315      0.04086
      6.44215      0.04077
      6.44115      0.04068
      6.44015      0.04059
      6.43915      0.04049
      6.43815      0.04040
      6.43715      0.04031
      6.43615      0.04022
      6.43515      0.04013
      6.43414      0.04004
      6.43314      0.03995
      6.43214      0.03986
      6.43114      0.03977
      6.43014      0.03968
      6.42914      0.03959
      6.42814      0.03951
      6.42714      0.03942
      6.42614      0.03933
      6.42514      0.03924
      6.42414      0.03916
      6.42314      0.03907
      6.42214      0.03898
      6.42114      0.03890
      6.42014      0.03881
      6.41914      0.03873
      6.41814      0.03864
      6.41714      0.03856
      6.41614      0.03847
      6.41514      0.03839
      6.41414      0.03830
      6.41314      0.03822
      6.41214      0.03814
      6.41114      0.03806
      6.41014      0.03797
      6.40914      0.03789
      6.40814      0.03781
      6.40714      0.03773
      6.40614      0.03765
      6.40514      0.03756
      6.40413      0.03748
      6.40313      0.03740
      6.40213      0.03732
      6.40113      0.03724
      6.40013      0.03716
      6.39913      0.03708
      6.39813      0.03700
      6.39713      0.03693
      6.39613      0.03685
      6.39513      0.03677
      6.39413      0.03669
      6.39313      0.03661
      6.39213      0.03654
      6.39113      0.03646
      6.39013      0.03638
      6.38913      0.03630
      6.38813      0.03623
      6.38713      0.03615
      6.38613      0.03608
      6.38513      0.03600
      6.38413      0.03593
      6.38313      0.03585
      6.38213      0.03578
      6.38113      0.03570
      6.38013      0.03563
      6.37913      0.03555
      6.37813      0.03548
      6.37713      0.03540
      6.37613      0.03533
      6.37513      0.03526
      6.37412      0.03519
      6.37312      0.03511
      6.37212      0.03504
      6.37112      0.03497
      6.37012      0.03490
      6.36912      0.03483
      6.36812      0.03475
      6.36712      0.03468
      6.36612      0.03461
      6.36512      0.03454
      6.36412      0.03447
      6.36312      0.03440
      6.36212      0.03433
      6.36112      0.03426
      6.36012      0.03419
      6.35912      0.03412
      6.35812      0.03405
      6.35712      0.03398
      6.35612      0.03392
      6.35512      0.03385
      6.35412      0.03378
      6.35312      0.03371
      6.35212      0.03364
      6.35112      0.03358
      6.35012      0.03351
      6.34912      0.03344
      6.34812      0.03338
      6.34712      0.03331
      6.34612      0.03324
      6.34512      0.03318
      6.34411      0.03311
      6.34311      0.03305
      6.34211      0.03298
      6.34111      0.03291
      6.34011      0.03285
      6.33911      0.03278
      6.33811      0.03272
      6.33711      0.03266
      6.33611      0.03259
      6.33511      0.03253
      6.33411      0.03246
      6.33311      0.03240
      6.33211      0.03234
      6.33111      0.03227
      6.33011      0.03221
      6.32911      0.03215
      6.32811      0.03209
      6.32711      0.03202
      6.32611      0.03196
      6.32511      0.03190
      6.32411      0.03184
      6.32311      0.03178
      6.32211      0.03171
      6.32111      0.03165
      6.32011      0.03159
      6.31911      0.03153
      6.31811      0.03147
      6.31711      0.03141
      6.31611      0.03135
      6.31511      0.03129
      6.31410      0.03123
      6.31310      0.03117
      6.31210      0.03111
      6.31110      0.03105
      6.31010      0.03099
      6.30910      0.03093
      6.30810      0.03087
      6.30710      0.03082
      6.30610      0.03076
      6.30510      0.03070
      6.30410      0.03064
      6.30310      0.03058
      6.30210      0.03053
      6.30110      0.03047
      6.30010      0.03041
      6.29910      0.03035
      6.29810      0.03030
      6.29710      0.03024
      6.29610      0.03018
      6.29510      0.03013
      6.29410      0.03007
      6.29310      0.03001
      6.29210      0.02996
      6.29110      0.02990
      6.29010      0.02985
      6.28910      0.02979
      6.28810      0.02974
      6.28710      0.02968
      6.28610      0.02963
      6.28510      0.02957
      6.28409      0.02952
      6.28309      0.02946
      6.28209      0.02941
      6.28109      0.02935
      6.28009      0.02930
      6.27909      0.02925
      6.27809      0.02919
      6.27709      0.02914
      6.27609      0.02909
      6.27509      0.02903
      6.27409      0.02898
      6.27309      0.02893
      6.27209      0.02887
      6.27109      0.02882
      6.27009      0.02877
      6.26909      0.02872
      6.26809      0.02866
      6.26709      0.02861
      6.26609      0.02856
      6.26509      0.02851
      6.26409      0.02846
      6.26309      0.02841
      6.26209      0.02836
      6.26109      0.02830
      6.26009      0.02825
      6.25909      0.02820
      6.25809      0.02815
      6.25709      0.02810
      6.25609      0.02805
      6.25509      0.02800
      6.25408      0.02795
      6.25308      0.02790
      6.25208      0.02785
      6.25108      0.02780
      6.25008      0.02775
      6.24908      0.02770
      6.24808      0.02765
      6.24708      0.02761
      6.24608      0.02756
      6.24508      0.02751
      6.24408      0.02746
      6.24308      0.02741
      6.24208      0.02736
      6.24108      0.02731
      6.24008      0.02727
      6.23908      0.02722
      6.23808      0.02717
      6.23708      0.02712
      6.23608      0.02708
      6.23508      0.02703
      6.23408      0.02698
      6.23308      0.02693
      6.23208      0.02689
      6.23108      0.02684
      6.23008      0.02679
      6.22908      0.02675
      6.22808      0.02670
      6.22708      0.02665
      6.22608      0.02661
      6.22508      0.02656
      6.22407      0.02652
      6.22307      0.02647
      6.22207      0.02643
      6.22107      0.02638
      6.22007      0.02633
      6.21907      0.02629
      6.21807      0.02624
      6.21707      0.02620
      6.21607      0.02615
      6.21507      0.02611
      6.21407      0.02606
      6.21307      0.02602
      6.21207      0.02598
      6.21107      0.02593
      6.21007      0.02589
      6.20907      0.02584
      6.20807      0.02580
      6.20707      0.02576
      6.20607      0.02571
      6.20507      0.02567
      6.20407      0.02562
      6.20307      0.02558
      6.20207      0.02554
      6.20107      0.02550
      6.20007      0.02545
      6.19907      0.02541
      6.19807      0.02537
      6.19707      0.02532
      6.19607      0.02528
      6.19507      0.02524
      6.19406      0.02520
      6.19306      0.02515
      6.19206      0.02511
      6.19106      0.02507
      6.19006      0.02503
      6.18906      0.02499
      6.18806      0.02495
      6.18706      0.02490
      6.18606      0.02486
      6.18506      0.02482
      6.18406      0.02478
      6.18306      0.02474
      6.18206      0.02470
      6.18106      0.02466
      6.18006      0.02462
      6.17906      0.02458
      6.17806      0.02454
      6.17706      0.02450
      6.17606      0.02445
      6.17506      0.02441
      6.17406      0.02437
      6.17306      0.02433
      6.17206      0.02429
      6.17106      0.02426
      6.17006      0.02422
      6.16906      0.02418
      6.16806      0.02414
      6.16706      0.02410
      6.16606      0.02406
      6.16506      0.02402
      6.16405      0.02398
      6.16305      0.02394
      6.16205      0.02390
      6.16105      0.02386
      6.16005      0.02382
      6.15905      0.02379
      6.15805      0.02375
      6.15705      0.02371
      6.15605      0.02367
      6.15505      0.02363
      6.15405      0.02359
      6.15305      0.02356
      6.15205      0.02352
      6.15105      0.02348
      6.15005      0.02344
      6.14905      0.02341
      6.14805      0.02337
      6.14705      0.02333
      6.14605      0.02329
      6.14505      0.02326
      6.14405      0.02322
      6.14305      0.02318
      6.14205      0.02315
      6.14105      0.02311
      6.14005      0.02307
      6.13905      0.02304
      6.13805      0.02300
      6.13705      0.02296
      6.13605      0.02293
      6.13505      0.02289
      6.13404      0.02285
      6.13304      0.02282
      6.13204      0.02278
      6.13104      0.02275
      6.13004      0.02271
      6.12904      0.02267
      6.12804      0.02264
      6.12704      0.02260
      6.12604      0.02257
      6.12504      0.02253
      6.12404      0.02250
      6.12304      0.02246
      6.12204      0.02243
      6.12104      0.02239
      6.12004      0.02236
      6.11904      0.02232
      6.11804      0.02229
      6.11704      0.02225
      6.11604      0.02222
      6.11504      0.02218
      6.11404      0.02215
      6.11304      0.02212
      6.11204      0.02208
      6.11104      0.02205
      6.11004      0.02201
      6.10904      0.02198
      6.10804      0.02195
      6.10704      0.02191
      6.10604      0.02188
      6.10504      0.02184
      6.10403      0.02181
      6.10303      0.02178
      6.10203      0.02174
      6.10103      0.02171
      6.10003      0.02168
      6.09903      0.02164
      6.09803      0.02161
      6.09703      0.02158
      6.09603      0.02155
      6.09503      0.02151
      6.09403      0.02148
      6.09303      0.02145
      6.09203      0.02141
      6.09103      0.02138
      6.09003      0.02135
      6.08903      0.02132
      6.08803      0.02129
      6.08703      0.02125
      6.08603      0.02122
      6.08503      0.02119
      6.08403      0.02116
      6.08303      0.02113
      6.08203      0.02109
      6.08103      0.02106
      6.08003      0.02103
      6.07903      0.02100
      6.07803      0.02097
      6.07703      0.02094
      6.07603      0.02090
      6.07503      0.02087
      6.07402      0.02084
      6.07302      0.02081
      6.07202      0.02078
      6.07102      0.02075
      6.07002      0.02072
      6.06902      0.02069
      6.06802      0.02066
      6.06702      0.02063
      6.06602      0.02059
      6.06502      0.02056
      6.06402      0.02053
      6.06302      0.02050
      6.06202      0.02047
      6.06102      0.02044
      6.06002      0.02041
      6.05902      0.02038
      6.05802      0.02035
      6.05702      0.02032
      6.05602      0.02029
      6.05502      0.02026
      6.05402      0.02023
      6.05302      0.02020
      6.05202      0.02017
      6.05102      0.02014
      6.05002      0.02011
      6.04902      0.02009
      6.04802      0.02006
      6.04702      0.02003
      6.04602      0.02000
      6.04502      0.01997
      6.04401      0.01994
      6.04301      0.01991
      6.04201      0.01988
      6.04101      0.01985
      6.04001      0.01982
      6.03901      0.01979
      6.03801      0.01977
      6.03701      0.01974
      6.03601      0.01971
      6.03501      0.01968
      6.03401      0.01965
      6.03301      0.01962
      6.03201      0.01960
      6.03101      0.01957
      6.03001      0.01954
      6.02901      0.01951
      6.02801      0.01948
      6.02701      0.01945
      6.02601      0.01943
      6.02501      0.01940
      6.02401      0.01937
      6.02301      0.01934
      6.02201      0.01932
      6.02101      0.01929
      6.02001      0.01926
      6.01901      0.01923
      6.01801      0.01921
      6.01701      0.01918
      6.01601      0.01915
      6.01501      0.01912
      6.01400      0.01910
      6.01300      0.01907
      6.01200      0.01904
      6.01100      0.01902
      6.01000      0.01899
      6.00900      0.01896
      6.00800      0.01894
      6.00700      0.01891
      6.00600      0.01888
      6.00500      0.01886
      6.00400      0.01883
      6.00300      0.01880
      6.00200      0.01878
      6.00100      0.01875
      6.00000      0.01872
