   4000.00000   9.18569701E-003
   3998.66622   9.21264199E-003
   3997.33244   9.23971457E-003
   3995.99867   9.26691559E-003
   3994.66489   9.29424587E-003
   3993.33111   9.32170626E-003
   3991.99733   9.34929761E-003
   3990.66355   9.37702078E-003
   3989.32978   9.40487661E-003
   3987.99600   9.43286599E-003
   3986.66222   9.46098980E-003
   3985.32844   9.48924891E-003
   3983.99466   9.51764421E-003
   3982.66089   9.54617662E-003
   3981.32711   9.57484702E-003
   3979.99333   9.60365634E-003
   3978.65955   9.63260550E-003
   3977.32578   9.66169542E-003
   3975.99200   9.69092705E-003
   3974.65822   9.72030132E-003
   3973.32444   9.74981920E-003
   3971.99066   9.77948164E-003
   3970.65689   9.80928961E-003
   3969.32311   9.83924409E-003
   3967.98933   9.86934607E-003
   3966.65555   9.89959653E-003
   3965.32177   9.92999648E-003
   3963.98800   9.96054693E-003
   3962.65422   9.99124890E-003
   3961.32044   1.00221034E-002
   3959.98666   1.00531115E-002
   3958.65288   1.00842743E-002
   3957.31911   1.01155927E-002
   3955.98533   1.01470679E-002
   3954.65155   1.01787009E-002
   3953.31777   1.02104928E-002
   3951.98399   1.02424447E-002
   3950.65022   1.02745577E-002
   3949.31644   1.03068329E-002
   3947.98266   1.03392714E-002
   3946.64888   1.03718744E-002
   3945.31511   1.04046430E-002
   3943.98133   1.04375784E-002
   3942.64755   1.04706816E-002
   3941.31377   1.05039540E-002
   3939.97999   1.05373966E-002
   3938.64622   1.05710106E-002
   3937.31244   1.06047973E-002
   3935.97866   1.06387579E-002
   3934.64488   1.06728936E-002
   3933.31110   1.07072056E-002
   3931.97733   1.07416951E-002
   3930.64355   1.07763635E-002
   3929.30977   1.08112120E-002
   3927.97599   1.08462418E-002
   3926.64221   1.08814543E-002
   3925.30844   1.09168508E-002
   3923.97466   1.09524325E-002
   3922.64088   1.09882008E-002
   3921.30710   1.10241571E-002
   3919.97332   1.10603026E-002
   3918.63955   1.10966388E-002
   3917.30577   1.11331670E-002
   3915.97199   1.11698886E-002
   3914.63821   1.12068050E-002
   3913.30443   1.12439176E-002
   3911.97066   1.12812279E-002
   3910.63688   1.13187372E-002
   3909.30310   1.13564471E-002
   3907.96932   1.13943589E-002
   3906.63555   1.14324742E-002
   3905.30177   1.14707945E-002
   3903.96799   1.15093213E-002
   3902.63421   1.15480560E-002
   3901.30043   1.15870002E-002
   3899.96666   1.16261555E-002
   3898.63288   1.16655234E-002
   3897.29910   1.17051055E-002
   3895.96532   1.17449034E-002
   3894.63154   1.17849186E-002
   3893.29777   1.18251529E-002
   3891.96399   1.18656079E-002
   3890.63021   1.19062851E-002
   3889.29643   1.19471863E-002
   3887.96265   1.19883131E-002
   3886.62888   1.20296673E-002
   3885.29510   1.20712506E-002
   3883.96132   1.21130646E-002
   3882.62754   1.21551112E-002
   3881.29376   1.21973921E-002
   3879.95999   1.22399091E-002
   3878.62621   1.22826639E-002
   3877.29243   1.23256585E-002
   3875.95865   1.23688946E-002
   3874.62487   1.24123740E-002
   3873.29110   1.24560987E-002
   3871.95732   1.25000706E-002
   3870.62354   1.25442914E-002
   3869.28976   1.25887633E-002
   3867.95599   1.26334880E-002
   3866.62221   1.26784676E-002
   3865.28843   1.27237041E-002
   3863.95465   1.27691993E-002
   3862.62087   1.28149555E-002
   3861.28710   1.28609745E-002
   3859.95332   1.29072585E-002
   3858.61954   1.29538095E-002
   3857.28576   1.30006297E-002
   3855.95198   1.30477211E-002
   3854.61821   1.30950860E-002
   3853.28443   1.31427263E-002
   3851.95065   1.31906445E-002
   3850.61687   1.32388425E-002
   3849.28309   1.32873228E-002
   3847.94932   1.33360874E-002
   3846.61554   1.33851388E-002
   3845.28176   1.34344792E-002
   3843.94798   1.34841109E-002
   3842.61420   1.35340362E-002
   3841.28043   1.35842576E-002
   3839.94665   1.36347774E-002
   3838.61287   1.36855980E-002
   3837.27909   1.37367219E-002
   3835.94532   1.37881515E-002
   3834.61154   1.38398893E-002
   3833.27776   1.38919379E-002
   3831.94398   1.39442997E-002
   3830.61020   1.39969774E-002
   3829.27643   1.40499735E-002
   3827.94265   1.41032907E-002
   3826.60887   1.41569316E-002
   3825.27509   1.42108988E-002
   3823.94131   1.42651951E-002
   3822.60754   1.43198233E-002
   3821.27376   1.43747860E-002
   3819.93998   1.44300861E-002
   3818.60620   1.44857263E-002
   3817.27242   1.45417096E-002
   3815.93865   1.45980388E-002
   3814.60487   1.46547168E-002
   3813.27109   1.47117465E-002
   3811.93731   1.47691309E-002
   3810.60353   1.48268731E-002
   3809.26976   1.48849760E-002
   3807.93598   1.49434427E-002
   3806.60220   1.50022763E-002
   3805.26842   1.50614800E-002
   3803.93464   1.51210569E-002
   3802.60087   1.51810102E-002
   3801.26709   1.52413431E-002
   3799.93331   1.53020589E-002
   3798.59953   1.53631610E-002
   3797.26576   1.54246526E-002
   3795.93198   1.54865371E-002
   3794.59820   1.55488180E-002
   3793.26442   1.56114987E-002
   3791.93064   1.56745826E-002
   3790.59687   1.57380734E-002
   3789.26309   1.58019745E-002
   3787.92931   1.58662896E-002
   3786.59553   1.59310223E-002
   3785.26175   1.59961763E-002
   3783.92798   1.60617554E-002
   3782.59420   1.61277632E-002
   3781.26042   1.61942037E-002
   3779.92664   1.62610806E-002
   3778.59286   1.63283979E-002
   3777.25909   1.63961595E-002
   3775.92531   1.64643693E-002
   3774.59153   1.65330315E-002
   3773.25775   1.66021500E-002
   3771.92397   1.66717291E-002
   3770.59020   1.67417728E-002
   3769.25642   1.68122853E-002
   3767.92264   1.68832710E-002
   3766.58886   1.69547342E-002
   3765.25509   1.70266792E-002
   3763.92131   1.70991104E-002
   3762.58753   1.71720323E-002
   3761.25375   1.72454494E-002
   3759.91997   1.73193662E-002
   3758.58620   1.73937874E-002
   3757.25242   1.74687177E-002
   3755.91864   1.75441618E-002
   3754.58486   1.76201244E-002
   3753.25108   1.76966104E-002
   3751.91731   1.77736247E-002
   3750.58353   1.78511722E-002
   3749.24975   1.79292580E-002
   3747.91597   1.80078872E-002
   3746.58219   1.80870647E-002
   3745.24842   1.81667959E-002
   3743.91464   1.82470860E-002
   3742.58086   1.83279403E-002
   3741.24708   1.84093642E-002
   3739.91330   1.84913631E-002
   3738.57953   1.85739426E-002
   3737.24575   1.86571082E-002
   3735.91197   1.87408655E-002
   3734.57819   1.88252203E-002
   3733.24441   1.89101783E-002
   3731.91064   1.89957455E-002
   3730.57686   1.90819276E-002
   3729.24308   1.91687308E-002
   3727.90930   1.92561610E-002
   3726.57553   1.93442244E-002
   3725.24175   1.94329273E-002
   3723.90797   1.95222759E-002
   3722.57419   1.96122767E-002
   3721.24041   1.97029359E-002
   3719.90664   1.97942603E-002
   3718.57286   1.98862564E-002
   3717.23908   1.99789308E-002
   3715.90530   2.00722905E-002
   3714.57152   2.01663421E-002
   3713.23775   2.02610928E-002
   3711.90397   2.03565495E-002
   3710.57019   2.04527194E-002
   3709.23641   2.05496096E-002
   3707.90263   2.06472275E-002
   3706.56886   2.07455805E-002
   3705.23508   2.08446762E-002
   3703.90130   2.09445220E-002
   3702.56752   2.10451257E-002
   3701.23374   2.11464950E-002
   3699.89997   2.12486380E-002
   3698.56619   2.13515625E-002
   3697.23241   2.14552766E-002
   3695.89863   2.15597887E-002
   3694.56485   2.16651069E-002
   3693.23108   2.17712397E-002
   3691.89730   2.18781957E-002
   3690.56352   2.19859834E-002
   3689.22974   2.20946117E-002
   3687.89597   2.22040894E-002
   3686.56219   2.23144254E-002
   3685.22841   2.24256290E-002
   3683.89463   2.25377094E-002
   3682.56085   2.26506758E-002
   3681.22708   2.27645379E-002
   3679.89330   2.28793051E-002
   3678.55952   2.29949873E-002
   3677.22574   2.31115943E-002
   3675.89196   2.32291361E-002
   3674.55819   2.33476229E-002
   3673.22441   2.34670649E-002
   3671.89063   2.35874725E-002
   3670.55685   2.37088564E-002
   3669.22307   2.38312272E-002
   3667.88930   2.39545959E-002
   3666.55552   2.40789733E-002
   3665.22174   2.42043706E-002
   3663.88796   2.43307993E-002
   3662.55418   2.44582707E-002
   3661.22041   2.45867964E-002
   3659.88663   2.47163884E-002
   3658.55285   2.48470584E-002
   3657.21907   2.49788188E-002
   3655.88530   2.51116817E-002
   3654.55152   2.52456597E-002
   3653.21774   2.53807654E-002
   3651.88396   2.55170116E-002
   3650.55018   2.56544114E-002
   3649.21641   2.57929779E-002
   3647.88263   2.59327246E-002
   3646.54885   2.60736651E-002
   3645.21507   2.62158131E-002
   3643.88129   2.63591826E-002
   3642.54752   2.65037878E-002
   3641.21374   2.66496432E-002
   3639.87996   2.67967633E-002
   3638.54618   2.69451629E-002
   3637.21240   2.70948572E-002
   3635.87863   2.72458612E-002
   3634.54485   2.73981907E-002
   3633.21107   2.75518611E-002
   3631.87729   2.77068887E-002
   3630.54351   2.78632894E-002
   3629.20974   2.80210798E-002
   3627.87596   2.81802765E-002
   3626.54218   2.83408965E-002
   3625.20840   2.85029569E-002
   3623.87462   2.86664753E-002
   3622.54085   2.88314693E-002
   3621.20707   2.89979570E-002
   3619.87329   2.91659565E-002
   3618.53951   2.93354865E-002
   3617.20574   2.95065658E-002
   3615.87196   2.96792135E-002
   3614.53818   2.98534490E-002
   3613.20440   3.00292921E-002
   3611.87062   3.02067627E-002
   3610.53685   3.03858813E-002
   3609.20307   3.05666684E-002
   3607.86929   3.07491452E-002
   3606.53551   3.09333328E-002
   3605.20173   3.11192531E-002
   3603.86796   3.13069279E-002
   3602.53418   3.14963796E-002
   3601.20040   3.16876310E-002
   3599.86662   3.18807051E-002
   3598.53284   3.20756255E-002
   3597.19907   3.22724158E-002
   3595.86529   3.24711004E-002
   3594.53151   3.26717039E-002
   3593.19773   3.28742512E-002
   3591.86395   3.30787679E-002
   3590.53018   3.32852797E-002
   3589.19640   3.34938129E-002
   3587.86262   3.37043942E-002
   3586.52884   3.39170509E-002
   3585.19507   3.41318104E-002
   3583.86129   3.43487009E-002
   3582.52751   3.45677508E-002
   3581.19373   3.47889893E-002
   3579.85995   3.50124458E-002
   3578.52618   3.52381502E-002
   3577.19240   3.54661333E-002
   3575.85862   3.56964259E-002
   3574.52484   3.59290596E-002
   3573.19106   3.61640666E-002
   3571.85729   3.64014796E-002
   3570.52351   3.66413316E-002
   3569.18973   3.68836567E-002
   3567.85595   3.71284891E-002
   3566.52217   3.73758639E-002
   3565.18840   3.76258167E-002
   3563.85462   3.78783837E-002
   3562.52084   3.81336018E-002
   3561.18706   3.83915086E-002
   3559.85328   3.86521422E-002
   3558.51951   3.89155416E-002
   3557.18573   3.91817463E-002
   3555.85195   3.94507966E-002
   3554.51817   3.97227336E-002
   3553.18439   3.99975990E-002
   3551.85062   4.02754354E-002
   3550.51684   4.05562860E-002
   3549.18306   4.08401950E-002
   3547.84928   4.11272073E-002
   3546.51551   4.14173687E-002
   3545.18173   4.17107256E-002
   3543.84795   4.20073257E-002
   3542.51417   4.23072172E-002
   3541.18039   4.26104493E-002
   3539.84662   4.29170723E-002
   3538.51284   4.32271373E-002
   3537.17906   4.35406964E-002
   3535.84528   4.38578027E-002
   3534.51150   4.41785102E-002
   3533.17773   4.45028742E-002
   3531.84395   4.48309508E-002
   3530.51017   4.51627973E-002
   3529.17639   4.54984721E-002
   3527.84261   4.58380348E-002
   3526.50884   4.61815461E-002
   3525.17506   4.65290678E-002
   3523.84128   4.68806631E-002
   3522.50750   4.72363963E-002
   3521.17372   4.75963332E-002
   3519.83995   4.79605406E-002
   3518.50617   4.83290869E-002
   3517.17239   4.87020417E-002
   3515.83861   4.90794762E-002
   3514.50483   4.94614628E-002
   3513.17106   4.98480755E-002
   3511.83728   5.02393900E-002
   3510.50350   5.06354831E-002
   3509.16972   5.10364337E-002
   3507.83595   5.14423220E-002
   3506.50217   5.18532299E-002
   3505.16839   5.22692411E-002
   3503.83461   5.26904411E-002
   3502.50083   5.31169171E-002
   3501.16706   5.35487581E-002
   3499.83328   5.39860551E-002
   3498.49950   5.44289010E-002
   3497.16572   5.48773907E-002
   3495.83194   5.53316211E-002
   3494.49817   5.57916914E-002
   3493.16439   5.62577025E-002
   3491.83061   5.67297581E-002
   3490.49683   5.72079636E-002
   3489.16305   5.76924272E-002
   3487.82928   5.81832591E-002
   3486.49550   5.86805722E-002
   3485.16172   5.91844818E-002
   3483.82794   5.96951059E-002
   3482.49416   6.02125650E-002
   3481.16039   6.07369824E-002
   3479.82661   6.12684842E-002
   3478.49283   6.18071994E-002
   3477.15905   6.23532599E-002
   3475.82528   6.29068008E-002
   3474.49150   6.34679600E-002
   3473.15772   6.40368790E-002
   3471.82394   6.46137023E-002
   3470.49016   6.51985780E-002
   3469.15639   6.57916575E-002
   3467.82261   6.63930959E-002
   3466.48883   6.70030520E-002
   3465.15505   6.76216884E-002
   3463.82127   6.82491715E-002
   3462.48750   6.88856720E-002
   3461.15372   6.95313644E-002
   3459.81994   7.01864276E-002
   3458.48616   7.08510449E-002
   3457.15238   7.15254043E-002
   3455.81861   7.22096981E-002
   3454.48483   7.29041236E-002
   3453.15105   7.36088830E-002
   3451.81727   7.43241836E-002
   3450.48349   7.50502379E-002
   3449.14972   7.57872639E-002
   3447.81594   7.65354851E-002
   3446.48216   7.72951306E-002
   3445.14838   7.80664357E-002
   3443.81460   7.88496415E-002
   3442.48083   7.96449957E-002
   3441.14705   8.04527523E-002
   3439.81327   8.12731720E-002
   3438.47949   8.21065224E-002
   3437.14572   8.29530785E-002
   3435.81194   8.38131222E-002
   3434.47816   8.46869433E-002
   3433.14438   8.55748395E-002
   3431.81060   8.64771165E-002
   3430.47683   8.73940883E-002
   3429.14305   8.83260778E-002
   3427.80927   8.92734165E-002
   3426.47549   9.02364454E-002
   3425.14171   9.12155150E-002
   3423.80794   9.22109856E-002
   3422.47416   9.32232279E-002
   3421.14038   9.42526230E-002
   3419.80660   9.52995629E-002
   3418.47282   9.63644510E-002
   3417.13905   9.74477025E-002
   3415.80527   9.85497446E-002
   3414.47149   9.96710170E-002
   3413.13771   1.00811972E-001
   3411.80393   1.01973077E-001
   3410.47016   1.03154812E-001
   3409.13638   1.04357670E-001
   3407.80260   1.05582162E-001
   3406.46882   1.06828813E-001
   3405.13505   1.08098164E-001
   3403.80127   1.09390773E-001
   3402.46749   1.10707216E-001
   3401.13371   1.12048085E-001
   3399.79993   1.13413992E-001
   3398.46616   1.14805569E-001
   3397.13238   1.16223468E-001
   3395.79860   1.17668360E-001
   3394.46482   1.19140939E-001
   3393.13104   1.20641923E-001
   3391.79727   1.22172050E-001
   3390.46349   1.23732086E-001
   3389.12971   1.25322821E-001
   3387.79593   1.26945070E-001
   3386.46215   1.28599677E-001
   3385.12838   1.30287515E-001
   3383.79460   1.32009485E-001
   3382.46082   1.33766520E-001
   3381.12704   1.35559586E-001
   3379.79326   1.37389681E-001
   3378.45949   1.39257840E-001
   3377.12571   1.41165132E-001
   3375.79193   1.43112667E-001
   3374.45815   1.45101593E-001
   3373.12437   1.47133100E-001
   3371.79060   1.49208421E-001
   3370.45682   1.51328834E-001
   3369.12304   1.53495667E-001
   3367.78926   1.55710293E-001
   3366.45549   1.57974141E-001
   3365.12171   1.60288691E-001
   3363.78793   1.62655480E-001
   3362.45415   1.65076105E-001
   3361.12037   1.67552226E-001
   3359.78660   1.70085565E-001
   3358.45282   1.72677914E-001
   3357.11904   1.75331136E-001
   3355.78526   1.78047168E-001
   3354.45148   1.80828025E-001
   3353.11771   1.83675807E-001
   3351.78393   1.86592696E-001
   3350.45015   1.89580968E-001
   3349.11637   1.92642993E-001
   3347.78259   1.95781241E-001
   3346.44882   1.98998288E-001
   3345.11504   2.02296818E-001
   3343.78126   2.05679636E-001
   3342.44748   2.09149666E-001
   3341.11370   2.12709964E-001
   3339.77993   2.16363719E-001
   3338.44615   2.20114268E-001
   3337.11237   2.23965096E-001
   3335.77859   2.27919850E-001
   3334.44481   2.31982346E-001
   3333.11104   2.36156578E-001
   3331.77726   2.40446729E-001
   3330.44348   2.44857185E-001
   3329.10970   2.49392538E-001
   3327.77593   2.54057610E-001
   3326.44215   2.58857458E-001
   3325.10837   2.63797391E-001
   3323.77459   2.68882986E-001
   3322.44081   2.74120105E-001
   3321.10704   2.79514911E-001
   3319.77326   2.85073890E-001
   3318.43948   2.90803867E-001
   3317.10570   2.96712033E-001
   3315.77192   3.02805967E-001
   3314.43815   3.09093661E-001
   3313.10437   3.15583549E-001
   3311.77059   3.22284538E-001
   3310.43681   3.29206038E-001
   3309.10303   3.36357999E-001
   3307.76926   3.43750950E-001
   3306.43548   3.51396039E-001
   3305.10170   3.59305081E-001
   3303.76792   3.67490602E-001
   3302.43414   3.75965900E-001
   3301.10037   3.84745095E-001
   3299.76659   3.93843200E-001
   3298.43281   4.03276188E-001
   3297.09903   4.13061068E-001
   3295.76526   4.23215969E-001
   3294.43148   4.33760234E-001
   3293.09770   4.44714519E-001
   3291.76392   4.56100906E-001
   3290.43014   4.67943025E-001
   3289.09637   4.80266191E-001
   3287.76259   4.93097557E-001
   3286.42881   5.06466276E-001
   3285.09503   5.20403691E-001
   3283.76125   5.34943542E-001
   3282.42748   5.50122194E-001
   3281.09370   5.65978900E-001
   3279.75992   5.82556085E-001
   3278.42614   5.99899677E-001
   3277.09236   6.18059469E-001
   3275.75859   6.37089537E-001
   3274.42481   6.57048706E-001
   3273.09103   6.78001081E-001
   3271.75725   7.00016657E-001
   3270.42347   7.23172007E-001
   3269.08970   7.47551081E-001
   3267.75592   7.73246110E-001
   3266.42214   8.00358671E-001
   3265.08836   8.29000897E-001
   3263.75458   8.59296901E-001
   3262.42081   8.91384440E-001
   3261.08703   9.25416853E-001
   3259.75325   9.61565365E-001
   3258.41947   1.00002180E+000
   3257.08570   1.04100184E+000
   3255.75192   1.08474888E+000
   3254.41814   1.13153874E+000
   3253.08436   1.18168535E+000
   3251.75058   1.23554767E+000
   3250.41681   1.29353822E+000
   3249.08303   1.35613372E+000
   3247.74925   1.42388829E+000
   3246.41547   1.49745017E+000
   3245.08169   1.57758297E+000
   3243.74792   1.66519303E+000
   3242.41414   1.76136499E+000
   3241.08036   1.86740855E+000
   3239.74658   1.98492080E+000
   3238.41280   2.11587029E+000
   3237.07903   2.26271222E+000
   3235.74525   2.42854868E+000
   3234.41147   2.61735528E+000
   3233.07769   2.83430756E+000
   3231.74391   3.08626045E+000
   3230.41014   3.38246705E+000
   3229.07636   3.73568072E+000
   3227.74258   4.16388390E+000
   3226.40880   4.69306486E+000
   3225.07503   5.36177711E+000
   3223.74125   6.22875665E+000
   3222.40747   7.38570006E+000
   3221.07369   8.97804085E+000
   3219.73991   1.12342720E+001
   3218.40614   1.44843886E+001
   3217.07236   1.90547399E+001
   3215.73858   2.46679512E+001
   3214.40480   2.91372067E+001
   3213.07102   2.91415731E+001
   3211.73725   2.51095152E+001
   3210.40347   2.04917288E+001
   3209.06969   1.71180131E+001
   3207.73591   1.51190797E+001
   3206.40213   1.41846969E+001
   3205.06836   1.40490461E+001
   3203.73458   1.45648426E+001
   3202.40080   1.56881900E+001
   3201.06702   1.74641617E+001
   3199.73324   2.00301731E+001
   3198.39947   2.36418641E+001
   3197.06569   2.87284828E+001
   3195.73191   3.59868491E+001
   3194.39813   4.65019682E+001
   3193.06435   6.17434606E+001
   3191.73058   8.27299751E+001
   3190.39680   1.06661526E+002
   3189.06302   1.22920948E+002
   3187.72924   1.23182370E+002
   3186.39547   1.16591082E+002
   3185.06169   1.16227853E+002
   3183.72791   1.24929526E+002
   3182.39413   1.34778809E+002
   3181.06035   1.35291895E+002
   3179.72658   1.26468118E+002
   3178.39280   1.12526789E+002
   3177.05902   9.74943111E+001
   3175.72524   8.67487863E+001
   3174.39146   8.10060221E+001
   3173.05769   7.49632290E+001
   3171.72391   6.49134977E+001
   3170.39013   5.41732966E+001
   3169.05635   4.66017724E+001
   3167.72257   4.32676763E+001
   3166.38880   4.40913521E+001
   3165.05502   4.85075446E+001
   3163.72124   5.44162374E+001
   3162.38746   5.75888957E+001
   3161.05368   5.43087852E+001
   3159.71991   4.55803802E+001
   3158.38613   3.56339746E+001
   3157.05235   2.72398209E+001
   3155.71857   2.10417698E+001
   3154.38479   1.66553698E+001
   3153.05102   1.35340907E+001
   3151.71724   1.12593262E+001
   3150.38346   9.55423215E+000
   3149.04968   8.24133872E+000
   3147.71591   7.20592393E+000
   3146.38213   6.37217467E+000
   3145.04835   5.68867538E+000
   3143.71457   5.11964226E+000
   3142.38079   4.63955642E+000
   3141.04702   4.22980802E+000
   3139.71324   3.87654798E+000
   3138.37946   3.56928008E+000
   3137.04568   3.29991730E+000
   3135.71190   3.06213580E+000
   3134.37813   2.85092398E+000
   3133.04435   2.66226185E+000
   3131.71057   2.49288927E+000
   3130.37679   2.34013590E+000
   3129.04301   2.20179452E+000
   3127.70924   2.07602548E+000
   3126.37546   1.96128383E+000
   3125.04168   1.85626293E+000
   3123.70790   1.75985061E+000
   3122.37412   1.67109449E+000
   3121.04035   1.58917459E+000
   3119.70657   1.51338123E+000
   3118.37279   1.44309726E+000
   3117.03901   1.37778365E+000
   3115.70524   1.31696756E+000
   3114.37146   1.26023265E+000
   3113.03768   1.20721094E+000
   3111.70390   1.15757611E+000
   3110.37012   1.11103781E+000
   3109.03635   1.06733691E+000
   3107.70257   1.02624148E+000
   3106.36879   9.87543357E-001
   3105.03501   9.51055215E-001
   3103.70123   9.16608078E-001
   3102.36746   8.84049154E-001
   3101.03368   8.53239978E-001
   3099.69990   8.24054795E-001
   3098.36612   7.96379168E-001
   3097.03234   7.70108752E-001
   3095.69857   7.45148227E-001
   3094.36479   7.21410360E-001
   3093.03101   6.98815189E-001
   3091.69723   6.77289286E-001
   3090.36345   6.56765128E-001
   3089.02968   6.37180518E-001
   3087.69590   6.18478089E-001
   3086.36212   6.00604849E-001
   3085.02834   5.83511784E-001
   3083.69456   5.67153501E-001
   3082.36079   5.51487904E-001
   3081.02701   5.36475910E-001
   3079.69323   5.22081189E-001
   3078.35945   5.08269935E-001
   3077.02568   4.95010651E-001
   3075.69190   4.82273963E-001
   3074.35812   4.70032448E-001
   3073.02434   4.58260481E-001
   3071.69056   4.46934089E-001
   3070.35679   4.36030828E-001
   3069.02301   4.25529665E-001
   3067.68923   4.15410870E-001
   3066.35545   4.05655923E-001
   3065.02167   3.96247420E-001
   3063.68790   3.87168997E-001
   3062.35412   3.78405255E-001
   3061.02034   3.69941689E-001
   3059.68656   3.61764630E-001
   3058.35278   3.53861183E-001
   3057.01901   3.46219179E-001
   3055.68523   3.38827122E-001
   3054.35145   3.31674146E-001
   3053.01767   3.24749977E-001
   3051.68389   3.18044887E-001
   3050.35012   3.11549668E-001
   3049.01634   3.05255591E-001
   3047.68256   2.99154382E-001
   3046.34878   2.93238191E-001
   3045.01501   2.87499564E-001
   3043.68123   2.81931424E-001
   3042.34745   2.76527044E-001
   3041.01367   2.71280029E-001
   3039.67989   2.66184294E-001
   3038.34612   2.61234048E-001
   3037.01234   2.56423777E-001
   3035.67856   2.51748225E-001
   3034.34478   2.47202386E-001
   3033.01100   2.42781482E-001
   3031.67723   2.38480955E-001
   3030.34345   2.34296457E-001
   3029.00967   2.30223833E-001
   3027.67589   2.26259114E-001
   3026.34211   2.22398506E-001
   3025.00834   2.18638383E-001
   3023.67456   2.14975275E-001
   3022.34078   2.11405862E-001
   3021.00700   2.07926964E-001
   3019.67322   2.04535538E-001
   3018.33945   2.01228666E-001
   3017.00567   1.98003554E-001
   3015.67189   1.94857521E-001
   3014.33811   1.91787995E-001
   3013.00433   1.88792511E-001
   3011.67056   1.85868700E-001
   3010.33678   1.83014290E-001
   3009.00300   1.80227096E-001
   3007.66922   1.77505022E-001
   3006.33545   1.74846051E-001
   3005.00167   1.72248244E-001
   3003.66789   1.69709738E-001
   3002.33411   1.67228738E-001
   3001.00033   1.64803520E-001
   2999.66656   1.62432422E-001
   2998.33278   1.60113844E-001
   2996.99900   1.57846245E-001
   2995.66522   1.55628142E-001
   2994.33144   1.53458103E-001
   2992.99767   1.51334751E-001
   2991.66389   1.49256755E-001
   2990.33011   1.47222832E-001
   2988.99633   1.45231746E-001
   2987.66255   1.43282302E-001
   2986.32878   1.41373349E-001
   2984.99500   1.39503773E-001
   2983.66122   1.37672500E-001
   2982.32744   1.35878491E-001
   2980.99366   1.34120745E-001
   2979.65989   1.32398290E-001
   2978.32611   1.30710192E-001
   2976.99233   1.29055542E-001
   2975.65855   1.27433466E-001
   2974.32477   1.25843115E-001
   2972.99100   1.24283670E-001
   2971.65722   1.22754336E-001
   2970.32344   1.21254347E-001
   2968.98966   1.19782956E-001
   2967.65589   1.18339446E-001
   2966.32211   1.16923117E-001
   2964.98833   1.15533293E-001
   2963.65455   1.14169321E-001
   2962.32077   1.12830565E-001
   2960.98700   1.11516409E-001
   2959.65322   1.10226257E-001
   2958.31944   1.08959532E-001
   2956.98566   1.07715670E-001
   2955.65188   1.06494128E-001
   2954.31811   1.05294379E-001
   2952.98433   1.04115908E-001
   2951.65055   1.02958219E-001
   2950.31677   1.01820828E-001
   2948.98299   1.00703266E-001
   2947.64922   9.96050785E-002
   2946.31544   9.85258221E-002
   2944.98166   9.74650671E-002
   2943.64788   9.64223959E-002
   2942.31410   9.53974024E-002
   2940.98033   9.43896921E-002
   2939.64655   9.33988815E-002
   2938.31277   9.24245976E-002
   2936.97899   9.14664777E-002
   2935.64522   9.05241690E-002
   2934.31144   8.95973285E-002
   2932.97766   8.86856223E-002
   2931.64388   8.77887255E-002
   2930.31010   8.69063221E-002
   2928.97633   8.60381043E-002
   2927.64255   8.51837724E-002
   2926.30877   8.43430350E-002
   2924.97499   8.35156080E-002
   2923.64121   8.27012147E-002
   2922.30744   8.18995857E-002
   2920.97366   8.11104587E-002
   2919.63988   8.03335778E-002
   2918.30610   7.95686938E-002
   2916.97232   7.88155640E-002
   2915.63855   7.80739516E-002
   2914.30477   7.73436258E-002
   2912.97099   7.66243617E-002
   2911.63721   7.59159399E-002
   2910.30343   7.52181464E-002
   2908.96966   7.45307726E-002
   2907.63588   7.38536149E-002
   2906.30210   7.31864748E-002
   2904.96832   7.25291586E-002
   2903.63454   7.18814770E-002
   2902.30077   7.12432457E-002
   2900.96699   7.06142846E-002
   2899.63321   6.99944178E-002
   2898.29943   6.93834737E-002
   2896.96566   6.87812847E-002
   2895.63188   6.81876872E-002
   2894.29810   6.76025214E-002
   2892.96432   6.70256312E-002
   2891.63054   6.64568640E-002
   2890.29677   6.58960710E-002
   2888.96299   6.53431065E-002
   2887.62921   6.47978284E-002
   2886.29543   6.42600976E-002
   2884.96165   6.37297784E-002
   2883.62788   6.32067379E-002
   2882.29410   6.26908464E-002
   2880.96032   6.21819770E-002
   2879.62654   6.16800055E-002
   2878.29276   6.11848106E-002
   2876.95899   6.06962737E-002
   2875.62521   6.02142787E-002
   2874.29143   5.97387122E-002
   2872.95765   5.92694630E-002
   2871.62387   5.88064225E-002
   2870.29010   5.83494844E-002
   2868.95632   5.78985447E-002
   2867.62254   5.74535016E-002
   2866.28876   5.70142555E-002
   2864.95498   5.65807088E-002
   2863.62121   5.61527661E-002
   2862.28743   5.57303339E-002
   2860.95365   5.53133208E-002
   2859.61987   5.49016371E-002
   2858.28610   5.44951951E-002
   2856.95232   5.40939090E-002
   2855.61854   5.36976945E-002
   2854.28476   5.33064692E-002
   2852.95098   5.29201524E-002
   2851.61721   5.25386650E-002
   2850.28343   5.21619295E-002
   2848.94965   5.17898700E-002
   2847.61587   5.14224121E-002
   2846.28209   5.10594828E-002
   2844.94832   5.07010107E-002
   2843.61454   5.03469257E-002
   2842.28076   4.99971593E-002
   2840.94698   4.96516440E-002
   2839.61320   4.93103139E-002
   2838.27943   4.89731043E-002
   2836.94565   4.86399517E-002
   2835.61187   4.83107940E-002
   2834.27809   4.79855702E-002
   2832.94431   4.76642204E-002
   2831.61054   4.73466859E-002
   2830.27676   4.70329092E-002
   2828.94298   4.67228338E-002
   2827.60920   4.64164044E-002
   2826.27543   4.61135665E-002
   2824.94165   4.58142669E-002
   2823.60787   4.55184531E-002
   2822.27409   4.52260740E-002
   2820.94031   4.49370790E-002
   2819.60654   4.46514188E-002
   2818.27276   4.43690447E-002
   2816.93898   4.40899092E-002
   2815.60520   4.38139654E-002
   2814.27142   4.35411675E-002
   2812.93765   4.32714703E-002
   2811.60387   4.30048295E-002
   2810.27009   4.27412018E-002
   2808.93631   4.24805445E-002
   2807.60253   4.22228155E-002
   2806.26876   4.19679738E-002
   2804.93498   4.17159789E-002
   2803.60120   4.14667910E-002
   2802.26742   4.12203713E-002
   2800.93364   4.09766814E-002
   2799.59987   4.07356836E-002
   2798.26609   4.04973409E-002
   2796.93231   4.02616169E-002
   2795.59853   4.00284761E-002
   2794.26475   3.97978833E-002
   2792.93098   3.95698040E-002
   2791.59720   3.93442042E-002
   2790.26342   3.91210508E-002
   2788.92964   3.89003110E-002
   2787.59587   3.86819526E-002
   2786.26209   3.84659439E-002
   2784.92831   3.82522539E-002
   2783.59453   3.80408521E-002
   2782.26075   3.78317082E-002
   2780.92698   3.76247929E-002
   2779.59320   3.74200770E-002
   2778.25942   3.72175320E-002
   2776.92564   3.70171298E-002
   2775.59186   3.68188427E-002
   2774.25809   3.66226436E-002
   2772.92431   3.64285057E-002
   2771.59053   3.62364028E-002
   2770.25675   3.60463091E-002
   2768.92297   3.58581990E-002
   2767.58920   3.56720475E-002
   2766.25542   3.54878301E-002
   2764.92164   3.53055225E-002
   2763.58786   3.51251009E-002
   2762.25408   3.49465419E-002
   2760.92031   3.47698224E-002
   2759.58653   3.45949196E-002
   2758.25275   3.44218113E-002
   2756.91897   3.42504755E-002
   2755.58520   3.40808905E-002
   2754.25142   3.39130350E-002
   2752.91764   3.37468882E-002
   2751.58386   3.35824292E-002
   2750.25008   3.34196380E-002
   2748.91631   3.32584944E-002
   2747.58253   3.30989787E-002
   2746.24875   3.29410717E-002
   2744.91497   3.27847542E-002
   2743.58119   3.26300075E-002
   2742.24742   3.24768130E-002
   2740.91364   3.23251526E-002
   2739.57986   3.21750083E-002
   2738.24608   3.20263625E-002
   2736.91230   3.18791977E-002
   2735.57853   3.17334970E-002
   2734.24475   3.15892434E-002
   2732.91097   3.14464202E-002
   2731.57719   3.13050112E-002
   2730.24341   3.11650002E-002
   2728.90964   3.10263714E-002
   2727.57586   3.08891091E-002
   2726.24208   3.07531979E-002
   2724.90830   3.06186227E-002
   2723.57452   3.04853685E-002
   2722.24075   3.03534205E-002
   2720.90697   3.02227643E-002
   2719.57319   3.00933856E-002
   2718.23941   2.99652702E-002
   2716.90564   2.98384044E-002
   2715.57186   2.97127743E-002
   2714.23808   2.95883666E-002
   2712.90430   2.94651680E-002
   2711.57052   2.93431653E-002
   2710.23675   2.92223457E-002
   2708.90297   2.91026964E-002
   2707.56919   2.89842049E-002
   2706.23541   2.88668589E-002
   2704.90163   2.87506461E-002
   2703.56786   2.86355547E-002
   2702.23408   2.85215727E-002
   2700.90030   2.84086884E-002
   2699.56652   2.82968904E-002
   2698.23274   2.81861674E-002
   2696.89897   2.80765082E-002
   2695.56519   2.79679017E-002
   2694.23141   2.78603370E-002
   2692.89763   2.77538036E-002
   2691.56385   2.76482908E-002
   2690.23008   2.75437881E-002
   2688.89630   2.74402854E-002
   2687.56252   2.73377725E-002
   2686.22874   2.72362394E-002
   2684.89496   2.71356762E-002
   2683.56119   2.70360733E-002
   2682.22741   2.69374211E-002
   2680.89363   2.68397101E-002
   2679.55985   2.67429310E-002
   2678.22608   2.66470746E-002
   2676.89230   2.65521318E-002
   2675.55852   2.64580938E-002
   2674.22474   2.63649517E-002
   2672.89096   2.62726967E-002
   2671.55719   2.61813204E-002
   2670.22341   2.60908142E-002
   2668.88963   2.60011698E-002
   2667.55585   2.59123790E-002
   2666.22207   2.58244336E-002
   2664.88830   2.57373256E-002
   2663.55452   2.56510471E-002
   2662.22074   2.55655903E-002
   2660.88696   2.54809475E-002
   2659.55318   2.53971111E-002
   2658.21941   2.53140736E-002
   2656.88563   2.52318276E-002
   2655.55185   2.51503658E-002
   2654.21807   2.50696810E-002
   2652.88429   2.49897661E-002
   2651.55052   2.49106141E-002
   2650.21674   2.48322180E-002
   2648.88296   2.47545711E-002
   2647.54918   2.46776666E-002
   2646.21541   2.46014978E-002
   2644.88163   2.45260582E-002
   2643.54785   2.44513413E-002
   2642.21407   2.43773407E-002
   2640.88029   2.43040500E-002
   2639.54652   2.42314632E-002
   2638.21274   2.41595740E-002
   2636.87896   2.40883763E-002
   2635.54518   2.40178642E-002
   2634.21140   2.39480318E-002
   2632.87763   2.38788731E-002
   2631.54385   2.38103826E-002
   2630.21007   2.37425544E-002
   2628.87629   2.36753830E-002
   2627.54251   2.36088628E-002
   2626.20874   2.35429884E-002
   2624.87496   2.34777544E-002
   2623.54118   2.34131554E-002
   2622.20740   2.33491861E-002
   2620.87362   2.32858415E-002
   2619.53985   2.32231163E-002
   2618.20607   2.31610056E-002
   2616.87229   2.30995042E-002
   2615.53851   2.30386074E-002
   2614.20473   2.29783101E-002
   2612.87096   2.29186077E-002
   2611.53718   2.28594953E-002
   2610.20340   2.28009683E-002
   2608.86962   2.27430220E-002
   2607.53585   2.26856520E-002
   2606.20207   2.26288536E-002
   2604.86829   2.25726225E-002
   2603.53451   2.25169542E-002
   2602.20073   2.24618444E-002
   2600.86696   2.24072888E-002
   2599.53318   2.23532832E-002
   2598.19940   2.22998234E-002
   2596.86562   2.22469054E-002
   2595.53184   2.21945249E-002
   2594.19807   2.21426781E-002
   2592.86429   2.20913609E-002
   2591.53051   2.20405695E-002
   2590.19673   2.19902999E-002
   2588.86295   2.19405483E-002
   2587.52918   2.18913110E-002
   2586.19540   2.18425843E-002
   2584.86162   2.17943645E-002
   2583.52784   2.17466479E-002
   2582.19406   2.16994310E-002
   2580.86029   2.16527102E-002
   2579.52651   2.16064820E-002
   2578.19273   2.15607431E-002
   2576.85895   2.15154899E-002
   2575.52518   2.14707192E-002
   2574.19140   2.14264276E-002
   2572.85762   2.13826119E-002
   2571.52384   2.13392687E-002
   2570.19006   2.12963950E-002
   2568.85629   2.12539875E-002
   2567.52251   2.12120432E-002
   2566.18873   2.11705590E-002
   2564.85495   2.11295319E-002
   2563.52117   2.10889588E-002
   2562.18740   2.10488368E-002
   2560.85362   2.10091630E-002
   2559.51984   2.09699345E-002
   2558.18606   2.09311485E-002
   2556.85228   2.08928022E-002
   2555.51851   2.08548927E-002
   2554.18473   2.08174174E-002
   2552.85095   2.07803736E-002
   2551.51717   2.07437586E-002
   2550.18339   2.07075698E-002
   2548.84962   2.06718045E-002
   2547.51584   2.06364603E-002
   2546.18206   2.06015345E-002
   2544.84828   2.05670248E-002
   2543.51450   2.05329286E-002
   2542.18073   2.04992435E-002
   2540.84695   2.04659672E-002
   2539.51317   2.04330972E-002
   2538.17939   2.04006312E-002
   2536.84562   2.03685669E-002
   2535.51184   2.03369021E-002
   2534.17806   2.03056344E-002
   2532.84428   2.02747618E-002
   2531.51050   2.02442820E-002
   2530.17673   2.02141928E-002
   2528.84295   2.01844922E-002
   2527.50917   2.01551780E-002
   2526.17539   2.01262482E-002
   2524.84161   2.00977007E-002
   2523.50784   2.00695336E-002
   2522.17406   2.00417448E-002
   2520.84028   2.00143324E-002
   2519.50650   1.99872945E-002
   2518.17272   1.99606291E-002
   2516.83895   1.99343345E-002
   2515.50517   1.99084087E-002
   2514.17139   1.98828499E-002
   2512.83761   1.98576563E-002
   2511.50383   1.98328262E-002
   2510.17006   1.98083578E-002
   2508.83628   1.97842495E-002
   2507.50250   1.97604994E-002
   2506.16872   1.97371059E-002
   2504.83494   1.97140675E-002
   2503.50117   1.96913824E-002
   2502.16739   1.96690491E-002
   2500.83361   1.96470660E-002
   2499.49983   1.96254315E-002
   2498.16606   1.96041442E-002
   2496.83228   1.95832024E-002
   2495.49850   1.95626048E-002
   2494.16472   1.95423499E-002
   2492.83094   1.95224363E-002
   2491.49717   1.95028624E-002
   2490.16339   1.94836271E-002
   2488.82961   1.94647287E-002
   2487.49583   1.94461662E-002
   2486.16205   1.94279380E-002
   2484.82828   1.94100429E-002
   2483.49450   1.93924797E-002
   2482.16072   1.93752470E-002
   2480.82694   1.93583436E-002
   2479.49316   1.93417683E-002
   2478.15939   1.93255199E-002
   2476.82561   1.93095973E-002
   2475.49183   1.92939992E-002
   2474.15805   1.92787246E-002
   2472.82427   1.92637722E-002
   2471.49050   1.92491411E-002
   2470.15672   1.92348301E-002
   2468.82294   1.92208382E-002
   2467.48916   1.92071643E-002
   2466.15539   1.91938075E-002
   2464.82161   1.91807667E-002
   2463.48783   1.91680409E-002
   2462.15405   1.91556292E-002
   2460.82027   1.91435306E-002
   2459.48650   1.91317443E-002
   2458.15272   1.91202693E-002
   2456.81894   1.91091046E-002
   2455.48516   1.90982496E-002
   2454.15138   1.90877032E-002
   2452.81761   1.90774647E-002
   2451.48383   1.90675333E-002
   2450.15005   1.90579081E-002
   2448.81627   1.90485884E-002
   2447.48249   1.90395735E-002
   2446.14872   1.90308625E-002
   2444.81494   1.90224547E-002
   2443.48116   1.90143495E-002
   2442.14738   1.90065462E-002
   2440.81360   1.89990441E-002
   2439.47983   1.89918424E-002
   2438.14605   1.89849407E-002
   2436.81227   1.89783382E-002
   2435.47849   1.89720344E-002
   2434.14471   1.89660287E-002
   2432.81094   1.89603204E-002
   2431.47716   1.89549091E-002
   2430.14338   1.89497942E-002
   2428.80960   1.89449752E-002
   2427.47583   1.89404516E-002
   2426.14205   1.89362229E-002
   2424.80827   1.89322886E-002
   2423.47449   1.89286483E-002
   2422.14071   1.89253015E-002
   2420.80694   1.89222479E-002
   2419.47316   1.89194869E-002
   2418.13938   1.89170182E-002
   2416.80560   1.89148415E-002
   2415.47182   1.89129563E-002
   2414.13805   1.89113624E-002
   2412.80427   1.89100594E-002
   2411.47049   1.89090470E-002
   2410.13671   1.89083249E-002
   2408.80293   1.89078928E-002
   2407.46916   1.89077505E-002
   2406.13538   1.89078977E-002
   2404.80160   1.89083341E-002
   2403.46782   1.89090597E-002
   2402.13404   1.89100741E-002
   2400.80027   1.89113772E-002
   2399.46649   1.89129688E-002
   2398.13271   1.89148487E-002
   2396.79893   1.89170169E-002
   2395.46516   1.89194732E-002
   2394.13138   1.89222174E-002
   2392.79760   1.89252496E-002
   2391.46382   1.89285696E-002
   2390.13004   1.89321773E-002
   2388.79627   1.89360728E-002
   2387.46249   1.89402559E-002
   2386.12871   1.89447268E-002
   2384.79493   1.89494853E-002
   2383.46115   1.89545314E-002
   2382.12738   1.89598654E-002
   2380.79360   1.89654870E-002
   2379.45982   1.89713965E-002
   2378.12604   1.89775940E-002
   2376.79226   1.89840794E-002
   2375.45849   1.89908529E-002
   2374.12471   1.89979147E-002
   2372.79093   1.90052648E-002
   2371.45715   1.90129035E-002
   2370.12337   1.90208309E-002
   2368.78960   1.90290471E-002
   2367.45582   1.90375525E-002
   2366.12204   1.90463471E-002
   2364.78826   1.90554313E-002
   2363.45448   1.90648053E-002
   2362.12071   1.90744694E-002
   2360.78693   1.90844237E-002
   2359.45315   1.90946687E-002
   2358.11937   1.91052047E-002
   2356.78560   1.91160319E-002
   2355.45182   1.91271507E-002
   2354.11804   1.91385614E-002
   2352.78426   1.91502646E-002
   2351.45048   1.91622604E-002
   2350.11671   1.91745494E-002
   2348.78293   1.91871319E-002
   2347.44915   1.92000084E-002
   2346.11537   1.92131794E-002
   2344.78159   1.92266452E-002
   2343.44782   1.92404065E-002
   2342.11404   1.92544637E-002
   2340.78026   1.92688173E-002
   2339.44648   1.92834679E-002
   2338.11270   1.92984159E-002
   2336.77893   1.93136621E-002
   2335.44515   1.93292069E-002
   2334.11137   1.93450510E-002
   2332.77759   1.93611949E-002
   2331.44381   1.93776393E-002
   2330.11004   1.93943849E-002
   2328.77626   1.94114324E-002
   2327.44248   1.94287823E-002
   2326.10870   1.94464355E-002
   2324.77492   1.94643926E-002
   2323.44115   1.94826543E-002
   2322.10737   1.95012215E-002
   2320.77359   1.95200949E-002
   2319.43981   1.95392752E-002
   2318.10604   1.95587633E-002
   2316.77226   1.95785601E-002
   2315.43848   1.95986662E-002
   2314.10470   1.96190827E-002
   2312.77092   1.96398104E-002
   2311.43715   1.96608501E-002
   2310.10337   1.96822028E-002
   2308.76959   1.97038694E-002
   2307.43581   1.97258509E-002
   2306.10203   1.97481482E-002
   2304.76826   1.97707623E-002
   2303.43448   1.97936943E-002
   2302.10070   1.98169451E-002
   2300.76692   1.98405157E-002
   2299.43314   1.98644073E-002
   2298.09937   1.98886210E-002
   2296.76559   1.99131577E-002
   2295.43181   1.99380187E-002
   2294.09803   1.99632051E-002
   2292.76425   1.99887181E-002
   2291.43048   2.00145587E-002
   2290.09670   2.00407283E-002
   2288.76292   2.00672279E-002
   2287.42914   2.00940590E-002
   2286.09537   2.01212227E-002
   2284.76159   2.01487203E-002
   2283.42781   2.01765531E-002
   2282.09403   2.02047225E-002
   2280.76025   2.02332297E-002
   2279.42648   2.02620761E-002
   2278.09270   2.02912632E-002
   2276.75892   2.03207923E-002
   2275.42514   2.03506649E-002
   2274.09136   2.03808824E-002
   2272.75759   2.04114462E-002
   2271.42381   2.04423579E-002
   2270.09003   2.04736190E-002
   2268.75625   2.05052311E-002
   2267.42247   2.05371956E-002
   2266.08870   2.05695142E-002
   2264.75492   2.06021885E-002
   2263.42114   2.06352202E-002
   2262.08736   2.06686108E-002
   2260.75358   2.07023621E-002
   2259.41981   2.07364757E-002
   2258.08603   2.07709534E-002
   2256.75225   2.08057970E-002
   2255.41847   2.08410082E-002
   2254.08469   2.08765888E-002
   2252.75092   2.09125407E-002
   2251.41714   2.09488658E-002
   2250.08336   2.09855658E-002
   2248.74958   2.10226427E-002
   2247.41581   2.10600984E-002
   2246.08203   2.10979350E-002
   2244.74825   2.11361543E-002
   2243.41447   2.11747584E-002
   2242.08069   2.12137494E-002
   2240.74692   2.12531293E-002
   2239.41314   2.12929002E-002
   2238.07936   2.13330642E-002
   2236.74558   2.13736235E-002
   2235.41180   2.14145803E-002
   2234.07803   2.14559367E-002
   2232.74425   2.14976951E-002
   2231.41047   2.15398576E-002
   2230.07669   2.15824267E-002
   2228.74291   2.16254046E-002
   2227.40914   2.16687937E-002
   2226.07536   2.17125964E-002
   2224.74158   2.17568151E-002
   2223.40780   2.18014522E-002
   2222.07402   2.18465104E-002
   2220.74025   2.18919920E-002
   2219.40647   2.19378996E-002
   2218.07269   2.19842359E-002
   2216.73891   2.20310034E-002
   2215.40514   2.20782048E-002
   2214.07136   2.21258429E-002
   2212.73758   2.21739202E-002
   2211.40380   2.22224397E-002
   2210.07002   2.22714040E-002
   2208.73625   2.23208161E-002
   2207.40247   2.23706787E-002
   2206.06869   2.24209948E-002
   2204.73491   2.24717674E-002
   2203.40113   2.25229994E-002
   2202.06736   2.25746939E-002
   2200.73358   2.26268538E-002
   2199.39980   2.26794823E-002
   2198.06602   2.27325826E-002
   2196.73224   2.27861578E-002
   2195.39847   2.28402112E-002
   2194.06469   2.28947459E-002
   2192.73091   2.29497654E-002
   2191.39713   2.30052729E-002
   2190.06335   2.30612718E-002
   2188.72958   2.31177657E-002
   2187.39580   2.31747578E-002
   2186.06202   2.32322519E-002
   2184.72824   2.32902513E-002
   2183.39446   2.33487598E-002
   2182.06069   2.34077810E-002
   2180.72691   2.34673186E-002
   2179.39313   2.35273764E-002
   2178.05935   2.35879582E-002
   2176.72558   2.36490677E-002
   2175.39180   2.37107090E-002
   2174.05802   2.37728859E-002
   2172.72424   2.38356024E-002
   2171.39046   2.38988627E-002
   2170.05669   2.39626708E-002
   2168.72291   2.40270308E-002
   2167.38913   2.40919471E-002
   2166.05535   2.41574237E-002
   2164.72157   2.42234652E-002
   2163.38780   2.42900758E-002
   2162.05402   2.43572599E-002
   2160.72024   2.44250221E-002
   2159.38646   2.44933669E-002
   2158.05268   2.45622989E-002
   2156.71891   2.46318228E-002
   2155.38513   2.47019433E-002
   2154.05135   2.47726652E-002
   2152.71757   2.48439934E-002
   2151.38379   2.49159327E-002
   2150.05002   2.49884881E-002
   2148.71624   2.50616648E-002
   2147.38246   2.51354677E-002
   2146.04868   2.52099022E-002
   2144.71490   2.52849733E-002
   2143.38113   2.53606865E-002
   2142.04735   2.54370471E-002
   2140.71357   2.55140606E-002
   2139.37979   2.55917325E-002
   2138.04602   2.56700684E-002
   2136.71224   2.57490740E-002
   2135.37846   2.58287550E-002
   2134.04468   2.59091173E-002
   2132.71090   2.59901668E-002
   2131.37713   2.60719094E-002
   2130.04335   2.61543513E-002
   2128.70957   2.62374985E-002
   2127.37579   2.63213574E-002
   2126.04201   2.64059342E-002
   2124.70824   2.64912353E-002
   2123.37446   2.65772672E-002
   2122.04068   2.66640365E-002
   2120.70690   2.67515498E-002
   2119.37312   2.68398139E-002
   2118.03935   2.69288357E-002
   2116.70557   2.70186221E-002
   2115.37179   2.71091801E-002
   2114.03801   2.72005169E-002
   2112.70423   2.72926396E-002
   2111.37046   2.73855557E-002
   2110.03668   2.74792725E-002
   2108.70290   2.75737976E-002
   2107.36912   2.76691386E-002
   2106.03535   2.77653033E-002
   2104.70157   2.78622996E-002
   2103.36779   2.79601353E-002
   2102.03401   2.80588186E-002
   2100.70023   2.81583576E-002
   2099.36646   2.82587608E-002
   2098.03268   2.83600364E-002
   2096.69890   2.84621930E-002
   2095.36512   2.85652394E-002
   2094.03134   2.86691842E-002
   2092.69757   2.87740364E-002
   2091.36379   2.88798051E-002
   2090.03001   2.89864994E-002
   2088.69623   2.90941286E-002
   2087.36245   2.92027021E-002
   2086.02868   2.93122296E-002
   2084.69490   2.94227207E-002
   2083.36112   2.95341854E-002
   2082.02734   2.96466335E-002
   2080.69356   2.97600753E-002
   2079.35979   2.98745210E-002
   2078.02601   2.99899812E-002
   2076.69223   3.01064663E-002
   2075.35845   3.02239872E-002
   2074.02467   3.03425547E-002
   2072.69090   3.04621801E-002
   2071.35712   3.05828744E-002
   2070.02334   3.07046492E-002
   2068.68956   3.08275160E-002
   2067.35579   3.09514865E-002
   2066.02201   3.10765729E-002
   2064.68823   3.12027870E-002
   2063.35445   3.13301414E-002
   2062.02067   3.14586484E-002
   2060.68690   3.15883207E-002
   2059.35312   3.17191713E-002
   2058.01934   3.18512133E-002
   2056.68556   3.19844598E-002
   2055.35178   3.21189245E-002
   2054.01801   3.22546210E-002
   2052.68423   3.23915633E-002
   2051.35045   3.25297655E-002
   2050.01667   3.26692419E-002
   2048.68289   3.28100071E-002
   2047.34912   3.29520761E-002
   2046.01534   3.30954637E-002
   2044.68156   3.32401854E-002
   2043.34778   3.33862567E-002
   2042.01400   3.35336934E-002
   2040.68023   3.36825115E-002
   2039.34645   3.38327273E-002
   2038.01267   3.39843575E-002
   2036.67889   3.41374188E-002
   2035.34512   3.42919284E-002
   2034.01134   3.44479038E-002
   2032.67756   3.46053626E-002
   2031.34378   3.47643227E-002
   2030.01000   3.49248026E-002
   2028.67623   3.50868207E-002
   2027.34245   3.52503961E-002
   2026.00867   3.54155478E-002
   2024.67489   3.55822956E-002
   2023.34111   3.57506592E-002
   2022.00734   3.59206589E-002
   2020.67356   3.60923153E-002
   2019.33978   3.62656492E-002
   2018.00600   3.64406820E-002
   2016.67222   3.66174354E-002
   2015.33845   3.67959312E-002
   2014.00467   3.69761921E-002
   2012.67089   3.71582407E-002
   2011.33711   3.73421004E-002
   2010.00333   3.75277946E-002
   2008.66956   3.77153475E-002
   2007.33578   3.79047835E-002
   2006.00200   3.80961275E-002
   2004.66822   3.82894049E-002
   2003.33444   3.84846415E-002
   2002.00067   3.86818635E-002
   2000.66689   3.88810978E-002
   1999.33311   3.90823715E-002
   1997.99933   3.92857125E-002
   1996.66556   3.94911489E-002
   1995.33178   3.96987096E-002
   1993.99800   3.99084239E-002
   1992.66422   4.01203216E-002
   1991.33044   4.03344332E-002
   1989.99667   4.05507897E-002
   1988.66289   4.07694227E-002
   1987.32911   4.09903643E-002
   1985.99533   4.12136474E-002
   1984.66155   4.14393053E-002
   1983.32778   4.16673723E-002
   1981.99400   4.18978829E-002
   1980.66022   4.21308727E-002
   1979.32644   4.23663777E-002
   1977.99266   4.26044348E-002
   1976.65889   4.28450815E-002
   1975.32511   4.30883561E-002
   1973.99133   4.33342976E-002
   1972.65755   4.35829460E-002
   1971.32377   4.38343417E-002
   1969.99000   4.40885263E-002
   1968.65622   4.43455422E-002
   1967.32244   4.46054323E-002
   1965.98866   4.48682409E-002
   1964.65488   4.51340128E-002
   1963.32111   4.54027940E-002
   1961.98733   4.56746313E-002
   1960.65355   4.59495725E-002
   1959.31977   4.62276665E-002
   1957.98600   4.65089631E-002
   1956.65222   4.67935132E-002
   1955.31844   4.70813690E-002
   1953.98466   4.73725834E-002
   1952.65088   4.76672109E-002
   1951.31711   4.79653067E-002
   1949.98333   4.82669277E-002
   1948.64955   4.85721317E-002
   1947.31577   4.88809779E-002
   1945.98199   4.91935268E-002
   1944.64822   4.95098402E-002
   1943.31444   4.98299815E-002
   1941.98066   5.01540151E-002
   1940.64688   5.04820073E-002
   1939.31310   5.08140257E-002
   1937.97933   5.11501394E-002
   1936.64555   5.14904192E-002
   1935.31177   5.18349376E-002
   1933.97799   5.21837686E-002
   1932.64421   5.25369880E-002
   1931.31044   5.28946734E-002
   1929.97666   5.32569043E-002
   1928.64288   5.36237620E-002
   1927.30910   5.39953299E-002
   1925.97533   5.43716932E-002
   1924.64155   5.47529392E-002
   1923.30777   5.51391575E-002
   1921.97399   5.55304397E-002
   1920.64021   5.59268799E-002
   1919.30644   5.63285742E-002
   1917.97266   5.67356213E-002
   1916.63888   5.71481224E-002
   1915.30510   5.75661813E-002
   1913.97132   5.79899042E-002
   1912.63755   5.84194003E-002
   1911.30377   5.88547814E-002
   1909.96999   5.92961622E-002
   1908.63621   5.97436607E-002
   1907.30243   6.01973975E-002
   1905.96866   6.06574967E-002
   1904.63488   6.11240857E-002
   1903.30110   6.15972953E-002
   1901.96732   6.20772595E-002
   1900.63354   6.25641164E-002
   1899.29977   6.30580076E-002
   1897.96599   6.35590786E-002
   1896.63221   6.40674790E-002
   1895.29843   6.45833624E-002
   1893.96465   6.51068868E-002
   1892.63088   6.56382147E-002
   1891.29710   6.61775132E-002
   1889.96332   6.67249540E-002
   1888.62954   6.72807139E-002
   1887.29577   6.78449748E-002
   1885.96199   6.84179239E-002
   1884.62821   6.89997538E-002
   1883.29443   6.95906629E-002
   1881.96065   7.01908554E-002
   1880.62688   7.08005417E-002
   1879.29310   7.14199386E-002
   1877.95932   7.20492694E-002
   1876.62554   7.26887642E-002
   1875.29176   7.33386602E-002
   1873.95799   7.39992022E-002
   1872.62421   7.46706423E-002
   1871.29043   7.53532409E-002
   1869.95665   7.60472664E-002
   1868.62287   7.67529959E-002
   1867.28910   7.74707156E-002
   1865.95532   7.82007206E-002
   1864.62154   7.89433161E-002
   1863.28776   7.96988170E-002
   1861.95398   8.04675490E-002
   1860.62021   8.12498486E-002
   1859.28643   8.20460635E-002
   1857.95265   8.28565534E-002
   1856.61887   8.36816904E-002
   1855.28510   8.45218595E-002
   1853.95132   8.53774588E-002
   1852.61754   8.62489009E-002
   1851.28376   8.71366127E-002
   1849.94998   8.80410365E-002
   1848.61621   8.89626304E-002
   1847.28243   8.99018694E-002
   1845.94865   9.08592457E-002
   1844.61487   9.18352699E-002
   1843.28109   9.28304716E-002
   1841.94732   9.38454002E-002
   1840.61354   9.48806262E-002
   1839.27976   9.59367418E-002
   1837.94598   9.70143622E-002
   1836.61220   9.81141263E-002
   1835.27843   9.92366987E-002
   1833.94465   1.00382770E-001
   1832.61087   1.01553058E-001
   1831.27709   1.02748311E-001
   1829.94331   1.03969307E-001
   1828.60954   1.05216855E-001
   1827.27576   1.06491800E-001
   1825.94198   1.07795021E-001
   1824.60820   1.09127434E-001
   1823.27442   1.10489994E-001
   1821.94065   1.11883701E-001
   1820.60687   1.13309593E-001
   1819.27309   1.14768758E-001
   1817.93931   1.16262332E-001
   1816.60554   1.17791500E-001
   1815.27176   1.19357503E-001
   1813.93798   1.20961639E-001
   1812.60420   1.22605265E-001
   1811.27042   1.24289803E-001
   1809.93665   1.26016743E-001
   1808.60287   1.27787644E-001
   1807.26909   1.29604144E-001
   1805.93531   1.31467960E-001
   1804.60153   1.33380893E-001
   1803.26776   1.35344836E-001
   1801.93398   1.37361778E-001
   1800.60020   1.39433809E-001
   1799.26642   1.41563130E-001
   1797.93264   1.43752055E-001
   1796.59887   1.46003023E-001
   1795.26509   1.48318605E-001
   1793.93131   1.50701509E-001
   1792.59753   1.53154597E-001
   1791.26375   1.55680887E-001
   1789.92998   1.58283570E-001
   1788.59620   1.60966020E-001
   1787.26242   1.63731806E-001
   1785.92864   1.66584709E-001
   1784.59486   1.69528734E-001
   1783.26109   1.72568129E-001
   1781.92731   1.75707402E-001
   1780.59353   1.78951341E-001
   1779.25975   1.82305036E-001
   1777.92598   1.85773904E-001
   1776.59220   1.89363710E-001
   1775.25842   1.93080603E-001
   1773.92464   1.96931139E-001
   1772.59086   2.00922320E-001
   1771.25709   2.05061632E-001
   1769.92331   2.09357081E-001
   1768.58953   2.13817245E-001
   1767.25575   2.18451320E-001
   1765.92197   2.23269178E-001
   1764.58820   2.28281426E-001
   1763.25442   2.33499477E-001
   1761.92064   2.38935624E-001
   1760.58686   2.44603128E-001
   1759.25308   2.50516307E-001
   1757.91931   2.56690646E-001
   1756.58553   2.63142913E-001
   1755.25175   2.69891294E-001
   1753.91797   2.76955539E-001
   1752.58419   2.84357132E-001
   1751.25042   2.92119482E-001
   1749.91664   3.00268133E-001
   1748.58286   3.08831017E-001
   1747.24908   3.17838721E-001
   1745.91531   3.27324812E-001
   1744.58153   3.37326197E-001
   1743.24775   3.47883535E-001
   1741.91397   3.59041722E-001
   1740.58019   3.70850437E-001
   1739.24642   3.83364786E-001
   1737.91264   3.96646043E-001
   1736.57886   4.10762516E-001
   1735.24508   4.25790563E-001
   1733.91130   4.41815784E-001
   1732.57753   4.58934427E-001
   1731.24375   4.77255057E-001
   1729.90997   4.96900537E-001
   1728.57619   5.18010411E-001
   1727.24241   5.40743753E-001
   1725.90864   5.65282623E-001
   1724.57486   5.91836269E-001
   1723.24108   6.20646261E-001
   1721.90730   6.51992815E-001
   1720.57352   6.86202637E-001
   1719.23975   7.23658714E-001
   1717.90597   7.64812630E-001
   1716.57219   8.10200210E-001
   1715.23841   8.60461528E-001
   1713.90463   9.16366787E-001
   1712.57086   9.78850104E-001
   1711.23708   1.04905412E+000
   1709.90330   1.12838959E+000
   1708.56952   1.21861609E+000
   1707.23575   1.32195269E+000
   1705.90197   1.44123224E+000
   1704.56819   1.58011983E+000
   1703.23441   1.74342768E+000
   1701.90063   1.93757796E+000
   1700.56686   2.17129694E+000
   1699.23308   2.45667956E+000
   1697.89930   2.81085994E+000
   1696.56552   3.25869453E+000
   1695.23174   3.83716507E+000
   1693.89797   4.60271541E+000
   1692.56419   5.64345819E+000
   1691.23041   7.09853576E+000
   1689.89663   9.18310360E+000
   1688.56285   1.21918445E+001
   1687.22908   1.63486782E+001
   1685.89530   2.11638165E+001
   1684.56152   2.45715773E+001
   1683.22774   2.47502812E+001
   1681.89396   2.32207313E+001
   1680.56019   2.19649721E+001
   1679.22641   2.06403559E+001
   1677.89263   1.86623290E+001
   1676.55885   1.69817510E+001
   1675.22508   1.66325217E+001
   1673.89130   1.80446486E+001
   1672.55752   2.13749005E+001
   1671.22374   2.62065316E+001
   1669.88996   3.04113021E+001
   1668.55619   3.05121809E+001
   1667.22241   2.59856380E+001
   1665.88863   2.01590258E+001
   1664.55485   1.54517061E+001
   1663.22107   1.22459002E+001
   1661.88730   1.02173468E+001
   1660.55352   9.02704241E+000
   1659.21974   8.45758379E+000
   1657.88596   8.40352339E+000
   1656.55218   8.85114570E+000
   1655.21841   9.87523921E+000
   1653.88463   1.16572036E+001
   1652.55085   1.45217380E+001
   1651.21707   1.89567260E+001
   1649.88329   2.54289957E+001
   1648.54952   3.34019840E+001
   1647.21574   3.93219075E+001
   1645.88196   3.81570714E+001
   1644.54818   3.09203251E+001
   1643.21440   2.28960528E+001
   1641.88063   1.66936526E+001
   1640.54685   1.24038777E+001
   1639.21307   9.49106543E+000
   1637.87929   7.48380565E+000
   1636.54552   6.06612850E+000
   1635.21174   5.03913933E+000
   1633.87796   4.27825295E+000
   1632.54418   3.70439480E+000
   1631.21040   3.26660370E+000
   1629.87663   2.93183540E+000
   1628.54285   2.67910101E+000
   1627.20907   2.49630563E+000
   1625.87529   2.37896680E+000
   1624.54151   2.33048321E+000
   1623.20774   2.36366478E+000
   1621.87396   2.50163603E+000
   1620.54018   2.76821222E+000
   1619.20640   3.13552814E+000
   1617.87262   3.41109902E+000
   1616.53885   3.30632840E+000
   1615.20507   2.85793889E+000
   1613.87129   2.36119511E+000
   1612.53751   1.97021663E+000
   1611.20373   1.69290670E+000
   1609.86996   1.49900959E+000
   1608.53618   1.36129823E+000
   1607.20240   1.26137695E+000
   1605.86862   1.18760953E+000
   1604.53484   1.13268382E+000
   1603.20107   1.09195604E+000
   1601.86729   1.06244599E+000
   1600.53351   1.04224378E+000
   1599.19973   1.03016131E+000
   1597.86596   1.02552944E+000
   1596.53218   1.02808509E+000
   1595.19840   1.03791820E+000
   1593.86462   1.05546389E+000
   1592.53084   1.08153517E+000
   1591.19707   1.11740008E+000
   1589.86329   1.16491605E+000
   1588.52951   1.22674635E+000
   1587.19573   1.30670255E+000
   1585.86195   1.41028934E+000
   1584.52818   1.54558394E+000
   1583.19440   1.72468206E+000
   1581.86062   1.96611463E+000
   1580.52684   2.29891260E+000
   1579.19306   2.76929163E+000
   1577.85929   3.45050143E+000
   1576.52551   4.45133826E+000
   1575.19173   5.89341039E+000
   1573.85795   7.74678100E+000
   1572.52417   9.39309809E+000
   1571.19040   9.62896707E+000
   1569.85662   8.27852373E+000
   1568.52284   6.50486445E+000
   1567.18906   5.09625736E+000
   1565.85529   4.16673043E+000
   1564.52151   3.61596816E+000
   1563.18773   3.34659595E+000
   1561.85395   3.30489391E+000
   1560.52017   3.47169453E+000
   1559.18640   3.82315178E+000
   1557.85262   4.23605592E+000
   1556.51884   4.45444631E+000
   1555.18506   4.40610400E+000
   1553.85128   4.34899571E+000
   1552.51751   4.51448090E+000
   1551.18373   5.00810836E+000
   1549.84995   5.92284937E+000
   1548.51617   7.41062599E+000
   1547.18239   9.67889613E+000
   1545.84862   1.27958038E+001
   1544.51484   1.60202478E+001
   1543.18106   1.72859754E+001
   1541.84728   1.54441702E+001
   1540.51350   1.22231065E+001
   1539.17973   9.43581093E+000
   1537.84595   7.54433214E+000
   1536.51217   6.42008277E+000
   1535.17839   5.88355969E+000
   1533.84461   5.83870897E+000
   1532.51084   6.28518483E+000
   1531.17706   7.30689298E+000
   1529.84328   9.00495614E+000
   1528.50950   1.12031961E+001
   1527.17573   1.28503477E+001
   1525.84195   1.24498374E+001
   1524.50817   1.02717872E+001
   1523.17439   7.86647092E+000
   1521.84061   6.00780582E+000
   1520.50684   4.72389148E+000
   1519.17306   3.85577093E+000
   1517.83928   3.26317119E+000
   1516.50550   2.85197119E+000
   1515.17172   2.56292619E+000
   1513.83795   2.35899655E+000
   1512.50417   2.21679807E+000
   1511.17039   2.12142827E+000
   1509.83661   2.06342087E+000
   1508.50283   2.03696813E+000
   1507.16906   2.03890519E+000
   1505.83528   2.06817735E+000
   1504.50150   2.12564918E+000
   1503.16772   2.21420379E+000
   1501.83394   2.33915234E+000
   1500.50017   2.50905136E+000
   1499.16639   2.73713479E+000
   1497.83261   3.04374502E+000
   1496.49883   3.46044192E+000
   1495.16506   4.03691540E+000
   1493.83128   4.85221971E+000
   1492.49750   6.03063141E+000
   1491.16372   7.75202016E+000
   1489.82994   1.02005279E+001
   1488.49617   1.32887613E+001
   1487.16239   1.61464018E+001
   1485.82861   1.73548708E+001
   1484.49483   1.61691575E+001
   1483.16105   1.32981094E+001
   1481.82728   1.03145818E+001
   1480.49350   8.04497807E+000
   1479.15972   6.51222167E+000
   1477.82594   5.51889572E+000
   1476.49216   4.89153142E+000
   1475.15839   4.51606719E+000
   1473.82461   4.32480586E+000
   1472.49083   4.28171783E+000
   1471.15705   4.37364006E+000
   1469.82327   4.60708424E+000
   1468.48950   5.01004467E+000
   1467.15572   5.63903616E+000
   1465.82194   6.59119931E+000
   1464.48816   8.01345353E+000
   1463.15438   1.00615748E+001
   1461.82061   1.26462434E+001
   1460.48683   1.48274129E+001
   1459.15305   1.50105978E+001
   1457.81927   1.32061959E+001
   1456.48550   1.10215299E+001
   1455.15172   9.40568067E+000
   1453.81794   8.46308578E+000
   1452.48416   8.06115893E+000
   1451.15038   8.08699565E+000
   1449.81661   8.49472160E+000
   1448.48283   9.30763643E+000
   1447.14905   1.06237777E+001
   1445.81527   1.26293714E+001
   1444.48149   1.55855351E+001
   1443.14772   1.96319169E+001
   1441.81394   2.40532700E+001
   1440.48016   2.65066012E+001
   1439.14638   2.53057097E+001
   1437.81260   2.22820724E+001
   1436.47883   1.98010502E+001
   1435.14505   1.86103382E+001
   1433.81127   1.86606116E+001
   1432.47749   1.98345427E+001
   1431.14371   2.21589958E+001
   1429.80994   2.58597999E+001
   1428.47616   3.14197578E+001
   1427.14238   3.96789288E+001
   1425.80860   5.19270278E+001
   1424.47482   6.96315874E+001
   1423.14105   9.24872373E+001
   1421.80727   1.13203446E+002
   1420.47349   1.17459230E+002
   1419.13971   1.03151655E+002
   1417.80594   8.43688515E+001
   1416.47216   7.09164692E+001
   1415.13838   6.46875977E+001
   1413.80460   6.52862702E+001
   1412.47082   7.28139574E+001
   1411.13705   8.84658620E+001
   1409.80327   1.13810344E+002
   1408.46949   1.46840412E+002
   1407.13571   1.73262543E+002
   1405.80193   1.70686812E+002
   1404.46816   1.40845929E+002
   1403.13438   1.06466223E+002
   1401.80060   8.00597749E+001
   1400.46682   6.26785304E+001
   1399.13304   5.23546650E+001
   1397.79927   4.74292894E+001
   1396.46549   4.68381330E+001
   1395.13171   4.89966872E+001
   1393.79793   4.99956685E+001
   1392.46415   4.56751166E+001
   1391.13038   3.75457663E+001
   1389.79660   2.97551715E+001
   1388.46282   2.39749402E+001
   1387.12904   2.01028126E+001
   1385.79527   1.77062727E+001
   1384.46149   1.64919771E+001
   1383.12771   1.63678701E+001
   1381.79393   1.74034389E+001
   1380.46015   1.96418394E+001
   1379.12638   2.24542710E+001
   1377.79260   2.37227995E+001
   1376.45882   2.16091530E+001
   1375.12504   1.75071135E+001
   1373.79126   1.36408380E+001
   1372.45749   1.07436548E+001
   1371.12371   8.69816240E+000
   1369.78993   7.24713902E+000
   1368.45615   6.19098482E+000
   1367.12237   5.39905758E+000
   1365.78860   4.78891097E+000
   1364.45482   4.30841508E+000
   1363.12104   3.92435266E+000
   1361.78726   3.61576152E+000
   1360.45348   3.37030561E+000
   1359.11971   3.18256602E+000
   1357.78593   3.05325261E+000
   1356.45215   2.98668936E+000
   1355.11837   2.97764965E+000
   1353.78459   2.97499851E+000
   1352.45082   2.87346932E+000
   1351.11704   2.64400351E+000
   1349.78326   2.38023182E+000
   1348.44948   2.15290336E+000
   1347.11571   1.97290846E+000
   1345.78193   1.83020173E+000
   1344.44815   1.71395490E+000
   1343.11437   1.61644358E+000
   1341.78059   1.53260399E+000
   1340.44682   1.45912808E+000
   1339.11304   1.39380382E+000
   1337.77926   1.33510502E+000
   1336.44548   1.28194475E+000
   1335.11170   1.23352692E+000
   1333.77793   1.18925536E+000
   1332.44415   1.14867725E+000
   1331.11037   1.11144772E+000
   1329.77659   1.07730796E+000
   1328.44281   1.04607281E+000
   1327.10904   1.01762567E+000
   1325.77526   9.91920176E-001
   1324.44148   9.68989346E-001
   1323.10770   9.48964589E-001
   1321.77392   9.32109116E-001
   1320.44015   9.18874254E-001
   1319.10637   9.09993647E-001
   1317.77259   9.06641777E-001
   1316.43881   9.10701702E-001
   1315.10504   9.25209688E-001
   1313.77126   9.55033588E-001
   1312.43748   1.00758690E+000
   1311.10370   1.09198305E+000
   1309.76992   1.21008834E+000
   1308.43615   1.32800654E+000
   1307.10237   1.36089627E+000
   1305.76859   1.27309485E+000
   1304.43481   1.14077721E+000
   1303.10103   1.03329531E+000
   1301.76726   9.67635329E-001
   1300.43348   9.40835362E-001
   1299.09970   9.48913997E-001
   1297.76592   9.85859149E-001
   1296.43214   1.02783133E+000
   1295.09837   1.02713085E+000
   1293.76459   9.67678312E-001
   1292.43081   8.89931028E-001
   1291.09703   8.26673987E-001
   1289.76325   7.83739676E-001
   1288.42948   7.57121776E-001
   1287.09570   7.42358108E-001
   1285.76192   7.36417430E-001
   1284.42814   7.37539797E-001
   1283.09436   7.44851672E-001
   1281.76059   7.58098074E-001
   1280.42681   7.77501364E-001
   1279.09303   8.03714509E-001
   1277.75925   8.37848725E-001
   1276.42548   8.81573063E-001
   1275.09170   9.37301632E-001
   1273.75792   1.00850655E+000
   1272.42414   1.10022863E+000
   1271.09036   1.21991478E+000
   1269.75659   1.37881009E+000
   1268.42281   1.59429704E+000
   1267.08903   1.89380342E+000
   1265.75525   2.32097366E+000
   1264.42147   2.94335366E+000
   1263.08770   3.85163803E+000
   1261.75392   5.10337125E+000
   1260.42014   6.49430169E+000
   1259.08636   7.26922563E+000
   1257.75258   6.78335489E+000
   1256.41881   5.56879630E+000
   1255.08503   4.44572706E+000
   1253.75125   3.69158191E+000
   1252.41747   3.28147348E+000
   1251.08369   3.14809358E+000
   1249.74992   3.25550429E+000
   1248.41614   3.60208730E+000
   1247.08236   4.20265245E+000
   1245.74858   5.06627203E+000
   1244.41480   6.10949615E+000
   1243.08103   6.97481162E+000
   1241.74725   7.37852897E+000
   1240.41347   7.75111962E+000
   1239.07969   8.73405217E+000
   1237.74592   1.05603912E+001
   1236.41214   1.26992993E+001
   1235.07836   1.35377878E+001
   1233.74458   1.20003074E+001
   1232.41080   9.29193570E+000
   1231.07703   6.86313725E+000
   1229.74325   5.10869112E+000
   1228.40947   3.91660274E+000
   1227.07569   3.11135460E+000
   1225.74191   2.56393925E+000
   1224.40814   2.19400223E+000
   1223.07436   1.95561954E+000
   1221.74058   1.82467866E+000
   1220.40680   1.78303388E+000
   1219.07302   1.78512838E+000
   1217.73925   1.73127893E+000
   1216.40547   1.56140969E+000
   1215.07169   1.34445367E+000
   1213.73791   1.15755768E+000
   1212.40413   1.01907887E+000
   1211.07036   9.20931416E-001
   1209.73658   8.52456587E-001
   1208.40280   8.06092373E-001
   1207.06902   7.77385704E-001
   1205.73525   7.64245496E-001
   1204.40147   7.66478989E-001
   1203.06769   7.85738062E-001
   1201.73391   8.25901664E-001
   1200.40013   8.93980790E-001
   1199.06636   1.00161595E+000
   1197.73258   1.16660080E+000
   1196.39880   1.41056017E+000
   1195.06502   1.73881427E+000
   1193.73124   2.08662126E+000
   1192.39747   2.31698963E+000
   1191.06369   2.40800575E+000
   1189.72991   2.45389079E+000
   1188.39613   2.42467494E+000
   1187.06235   2.30217882E+000
   1185.72858   2.22930305E+000
   1184.39480   2.30839527E+000
   1183.06102   2.47294937E+000
   1181.72724   2.52836346E+000
   1180.39346   2.42013624E+000
   1179.05969   2.30340545E+000
   1177.72591   2.21151459E+000
   1176.39213   2.00197661E+000
   1175.05835   1.65260529E+000
   1173.72457   1.30199055E+000
   1172.39080   1.03032482E+000
   1171.05702   8.37528323E-001
   1169.72324   7.02029930E-001
   1168.38946   6.05027629E-001
   1167.05569   5.33793220E-001
   1165.72191   4.80209781E-001
   1164.38813   4.39143088E-001
   1163.05435   4.07330258E-001
   1161.72057   3.82627211E-001
   1160.38680   3.63254742E-001
   1159.05302   3.46886124E-001
   1157.71924   3.31103415E-001
   1156.38546   3.15764709E-001
   1155.05168   3.02171770E-001
   1153.71791   2.90807572E-001
   1152.38413   2.81433318E-001
   1151.05035   2.73678776E-001
   1149.71657   2.67242038E-001
   1148.38279   2.61905873E-001
   1147.04902   2.57517544E-001
   1145.71524   2.53969803E-001
   1144.38146   2.51187937E-001
   1143.04768   2.49121587E-001
   1141.71390   2.47739698E-001
   1140.38013   2.47027516E-001
   1139.04635   2.46984975E-001
   1137.71257   2.47626116E-001
   1136.37879   2.48979364E-001
   1135.04502   2.51088610E-001
   1133.71124   2.54015157E-001
   1132.37746   2.57840657E-001
   1131.04368   2.62671300E-001
   1129.70990   2.68643633E-001
   1128.37613   2.75932594E-001
   1127.04235   2.84762620E-001
   1125.70857   2.95423122E-001
   1124.37479   3.08290292E-001
   1123.04101   3.23858244E-001
   1121.70724   3.42784218E-001
   1120.37346   3.65955365E-001
   1119.03968   3.94589373E-001
   1117.70590   4.30389326E-001
   1116.37212   4.75787372E-001
   1115.03835   5.34336955E-001
   1113.70457   6.11357993E-001
   1112.37079   7.15016227E-001
   1111.03701   8.58136457E-001
   1109.70323   1.06115803E+000
   1108.36946   1.35633567E+000
   1107.03568   1.79053468E+000
   1105.70190   2.41097039E+000
   1104.36812   3.18143958E+000
   1103.03434   3.79445198E+000
   1101.70057   3.76647489E+000
   1100.36679   3.14055086E+000
   1099.03301   2.41290316E+000
   1097.69923   1.85501528E+000
   1096.36546   1.48895741E+000
   1095.03168   1.27026975E+000
   1093.69790   1.15781114E+000
   1092.36412   1.11478514E+000
   1091.03034   1.08903278E+000
   1089.69657   1.03042747E+000
   1088.36279   9.49102251E-001
   1087.02901   8.84855143E-001
   1085.69523   8.54192345E-001
   1084.36145   8.56675684E-001
   1083.02768   8.89546223E-001
   1081.69390   9.52670580E-001
   1080.36012   1.04957835E+000
   1079.02634   1.18814622E+000
   1077.69256   1.38205974E+000
   1076.35879   1.65367629E+000
   1075.02501   2.03910305E+000
   1073.69123   2.59648881E+000
   1072.35745   3.41704443E+000
   1071.02367   4.62777071E+000
   1069.68990   6.32969712E+000
   1068.35612   8.31359147E+000
   1067.02234   9.59856775E+000
   1065.68856   9.11164668E+000
   1064.35478   7.40140154E+000
   1063.02101   5.71483738E+000
   1061.68723   4.56636934E+000
   1060.35345   3.96723662E+000
   1059.01967   3.82131959E+000
   1057.68590   3.97680859E+000
   1056.35212   4.09048259E+000
   1055.01834   3.75655930E+000
   1053.68456   3.04834373E+000
   1052.35078   2.33643260E+000
   1051.01701   1.78970980E+000
   1049.68323   1.40263981E+000
   1048.34945   1.13014793E+000
   1047.01567   9.34324262E-001
   1045.68189   7.89698769E-001
   1044.34812   6.79967698E-001
   1043.01434   5.94662751E-001
   1041.68056   5.26923960E-001
   1040.34678   4.72139443E-001
   1039.01300   4.27126942E-001
   1037.67923   3.89635957E-001
   1036.34545   3.58038655E-001
   1035.01167   3.31133416E-001
   1033.67789   3.08016942E-001
   1032.34411   2.87999083E-001
   1031.01034   2.70544874E-001
   1029.67656   2.55234302E-001
   1028.34278   2.41733878E-001
   1027.00900   2.29776212E-001
   1025.67523   2.19145133E-001
   1024.34145   2.09664711E-001
   1023.00767   2.01191081E-001
   1021.67389   1.93606321E-001
   1020.34011   1.86813852E-001
   1019.00634   1.80735041E-001
   1017.67256   1.75306732E-001
   1016.33878   1.70479605E-001
   1015.00500   1.66217274E-001
   1013.67122   1.62496174E-001
   1012.33745   1.59306348E-001
   1011.00367   1.56653430E-001
   1009.66989   1.54562322E-001
   1008.33611   1.53083478E-001
   1007.00233   1.52303364E-001
   1005.66856   1.52361831E-001
   1004.33478   1.53481067E-001
   1003.00100   1.56013539E-001
   1001.66722   1.60517461E-001
   1000.33344   1.67853728E-001
    998.99967   1.79206204E-001
    997.66589   1.95607288E-001
    996.33211   2.16330675E-001
    994.99833   2.38188370E-001
    993.66455   2.58621652E-001
    992.33078   2.70998193E-001
    990.99700   2.63014166E-001
    989.66322   2.38699622E-001
    988.32944   2.14181384E-001
    986.99567   1.97179322E-001
    985.66189   1.87900674E-001
    984.32811   1.84910265E-001
    982.99433   1.87278743E-001
    981.66055   1.94954786E-001
    980.32678   2.08784595E-001
    978.99300   2.30350996E-001
    977.65922   2.60764222E-001
    976.32544   2.96447142E-001
    974.99166   3.25314934E-001
    973.65789   3.39174175E-001
    972.32411   3.44556493E-001
    970.99033   3.49542750E-001
    969.65655   3.63456556E-001
    968.32277   3.96541224E-001
    966.98900   4.56652989E-001
    965.65522   5.50732670E-001
    964.32144   6.81119492E-001
    962.98766   8.36092737E-001
    961.65388   1.00286445E+000
    960.32011   1.20103290E+000
    958.98633   1.42617370E+000
    957.65255   1.55065412E+000
    956.31877   1.45085356E+000
    954.98499   1.22656418E+000
    953.65122   1.02706435E+000
    952.31744   8.82014929E-001
    950.98366   7.73624830E-001
    949.64988   7.10270908E-001
    948.31611   7.04809692E-001
    946.98233   7.43704003E-001
    945.64855   7.68067976E-001
    944.31477   7.08565444E-001
    942.98099   5.83794064E-001
    941.64722   4.60152199E-001
    940.31344   3.65998916E-001
    938.97966   2.99727005E-001
    937.64588   2.53333154E-001
    936.31210   2.20212739E-001
    934.97833   1.95956421E-001
    933.64455   1.77751724E-001
    932.31077   1.63798441E-001
    930.97699   1.52921124E-001
    929.64321   1.44333201E-001
    928.30944   1.37495344E-001
    926.97566   1.32029480E-001
    925.64188   1.27665530E-001
    924.30810   1.24207676E-001
    922.97432   1.21512506E-001
    921.64055   1.19474580E-001
    920.30677   1.18016728E-001
    918.97299   1.17083460E-001
    917.63921   1.16636472E-001
    916.30544   1.16651609E-001
    914.97166   1.17116888E-001
    913.63788   1.18031321E-001
    912.30410   1.19404390E-001
    910.97032   1.21256096E-001
    909.63655   1.23617559E-001
    908.30277   1.26532208E-001
    906.96899   1.30057648E-001
    905.63521   1.34268357E-001
    904.30143   1.39259479E-001
    902.96766   1.45152078E-001
    901.63388   1.52100441E-001
    900.30010   1.60302310E-001
    898.96632   1.70013432E-001
    897.63254   1.81568584E-001
    896.29877   1.95412630E-001
    894.96499   2.12147414E-001
    893.63121   2.32604326E-001
    892.29743   2.57958993E-001
    890.96365   2.89914794E-001
    889.62988   3.30991738E-001
    888.29610   3.84935693E-001
    886.96232   4.57055290E-001
    885.62854   5.53332433E-001
    884.29476   6.74697648E-001
    882.96099   8.05802815E-001
    881.62721   9.27381831E-001
    880.29343   1.06375915E+000
    878.95965   1.27396735E+000
    877.62588   1.61583887E+000
    876.29210   2.14976807E+000
    874.95832   2.92502918E+000
    873.62454   3.85882553E+000
    872.29076   4.50573754E+000
    870.95699   4.30610670E+000
    869.62321   3.44686475E+000
    868.28943   2.53591920E+000
    866.95565   1.84376489E+000
    865.62187   1.36904968E+000
    864.28810   1.04906427E+000
    862.95432   8.30929150E-001
    861.62054   6.79798094E-001
    860.28676   5.74210588E-001
    858.95298   5.01308578E-001
    857.61921   4.53322734E-001
    856.28543   4.23844676E-001
    854.95165   4.02556360E-001
    853.61787   3.76296783E-001
    852.28409   3.44094466E-001
    850.95032   3.16066068E-001
    849.61654   2.98232437E-001
    848.28276   2.91703749E-001
    846.94898   2.96964964E-001
    845.61521   3.15955099E-001
    844.28143   3.53012794E-001
    842.94765   4.15469370E-001
    841.61387   5.12177104E-001
    840.28009   6.42274021E-001
    838.94632   7.63187075E-001
    837.61254   7.83775974E-001
    836.27876   6.80469047E-001
    834.94498   5.38109644E-001
    833.61120   4.20710923E-001
    832.27743   3.39014243E-001
    830.94365   2.85130054E-001
    829.60987   2.50443909E-001
    828.27609   2.29118815E-001
    826.94231   2.17789165E-001
    825.60854   2.14890286E-001
    824.27476   2.20282209E-001
    822.94098   2.35221230E-001
    821.60720   2.62648357E-001
    820.27342   3.07607869E-001
    818.93965   3.76662712E-001
    817.60587   4.71690277E-001
    816.27209   5.69519385E-001
    814.93831   6.09115046E-001
    813.60453   5.62166043E-001
    812.27076   4.84343082E-001
    810.93698   4.30306737E-001
    809.60320   4.16153727E-001
    808.26942   4.38707954E-001
    806.93565   4.78429083E-001
    805.60187   4.95324362E-001
    804.26809   4.62139455E-001
    802.93431   3.94187247E-001
    801.60053   3.25012292E-001
    800.26676   2.73462244E-001
    798.93298   2.41302764E-001
    797.59920   2.25138919E-001
    796.26542   2.22452277E-001
    794.93164   2.32973085E-001
    793.59787   2.58913121E-001
    792.26409   3.04798264E-001
    790.93031   3.74804265E-001
    789.59653   4.60789367E-001
    788.26275   5.21179175E-001
    786.92898   5.06099817E-001
    785.59520   4.35994361E-001
    784.26142   3.68386348E-001
    782.92764   3.29948820E-001
    781.59386   3.22742222E-001
    780.26009   3.37494610E-001
    778.92631   3.48752773E-001
    777.59253   3.26050004E-001
    776.25875   2.74984154E-001
    774.92497   2.23544368E-001
    773.59120   1.84541661E-001
    772.25742   1.57676751E-001
    770.92364   1.39709090E-001
    769.58986   1.27996197E-001
    768.25609   1.20919788E-001
    766.92231   1.17630489E-001
    765.58853   1.17556105E-001
    764.25475   1.19326548E-001
    762.92097   1.19751943E-001
    761.58720   1.16649973E-001
    760.25342   1.12256160E-001
    758.91964   1.09480131E-001
    757.58586   1.09335166E-001
    756.25208   1.11907702E-001
    754.91831   1.16907154E-001
    753.58453   1.23050097E-001
    752.25075   1.28073215E-001
    750.91697   1.31849373E-001
    749.58319   1.37059526E-001
    748.24942   1.45936364E-001
    746.91564   1.59786879E-001
    745.58186   1.80103419E-001
    744.24808   2.09363490E-001
    742.91430   2.51728872E-001
    741.58053   3.13932751E-001
    740.24675   4.05921690E-001
    738.91297   5.38132642E-001
    737.57919   7.04562471E-001
    736.24542   8.42603440E-001
    734.91164   8.46809676E-001
    733.57786   7.18925403E-001
    732.24408   5.65930186E-001
    730.91030   4.50971560E-001
    729.57653   3.81841807E-001
    728.24275   3.50842666E-001
    726.90897   3.49029443E-001
    725.57519   3.60741014E-001
    724.24141   3.56786827E-001
    722.90764   3.20773415E-001
    721.57386   2.71927027E-001
    720.24008   2.30892970E-001
    718.90630   2.02325715E-001
    717.57252   1.83921952E-001
    716.23875   1.72759565E-001
    714.90497   1.66746575E-001
    713.57119   1.64579471E-001
    712.23741   1.65499900E-001
    710.90363   1.69110957E-001
    709.56986   1.75267818E-001
    708.23608   1.84021605E-001
    706.90230   1.95599765E-001
    705.56852   2.10414785E-001
    704.23474   2.29100290E-001
    702.90097   2.52580414E-001
    701.56719   2.82186366E-001
    700.23341   3.19844731E-001
    698.89963   3.68372536E-001
    697.56586   4.31899699E-001
    696.23208   5.16280169E-001
    694.89830   6.28675085E-001
    693.56452   7.74424233E-001
    692.23074   9.54748789E-001
    690.89697   1.18424832E+000
    689.56319   1.51267712E+000
    688.22941   2.01154382E+000
    686.89563   2.75045601E+000
    685.56185   3.71689482E+000
    684.22808   4.58738999E+000
    682.89430   4.71010696E+000
    681.56052   3.96025666E+000
    680.22674   2.95615980E+000
    678.89296   2.13339283E+000
    677.55919   1.55627696E+000
    676.22541   1.16549024E+000
    674.89163   8.98503814E-001
    673.55785   7.11792659E-001
    672.22407   5.77737230E-001
    670.89030   4.79048441E-001
    669.55652   4.04770563E-001
    668.22274   3.47821744E-001
    666.88896   3.03536222E-001
    665.55519   2.68805430E-001
    664.22141   2.41575551E-001
    662.88763   2.20564073E-001
    661.55385   2.05107134E-001
    660.22007   1.95011131E-001
    658.88630   1.90013457E-001
    657.55252   1.87963332E-001
    656.21874   1.82749015E-001
    654.88496   1.69573313E-001
    653.55118   1.52426240E-001
    652.21741   1.37031187E-001
    650.88363   1.25097088E-001
    649.54985   1.16218633E-001
    648.21607   1.09711303E-001
    646.88229   1.05109728E-001
    645.54852   1.02212380E-001
    644.21474   1.01068036E-001
    642.88096   1.01996634E-001
    641.54718   1.05638025E-001
    640.21340   1.12884907E-001
    638.87963   1.24086862E-001
    637.54585   1.36240099E-001
    636.21207   1.40506266E-001
    634.87829   1.31384123E-001
    633.54451   1.15987567E-001
    632.21074   1.02381932E-001
    630.87696   9.27198198E-002
    629.54318   8.64087756E-002
    628.20940   8.25354383E-002
    626.87563   8.04597652E-002
    625.54185   7.98300250E-002
    624.20807   8.05165683E-002
    622.87429   8.25721175E-002
    621.54051   8.62328682E-002
    620.20674   9.19647980E-002
    618.87296   1.00568626E-001
    617.53918   1.13368889E-001
    616.20540   1.32506367E-001
    614.87162   1.61225726E-001
    613.53785   2.03372841E-001
    612.20407   2.59020555E-001
    610.87029   3.11529494E-001
    609.53651   3.23501560E-001
    608.20273   2.83382117E-001
    606.86896   2.25499221E-001
    605.53518   1.77132574E-001
    604.20140   1.43209620E-001
    602.86762   1.20510578E-001
    601.53384   1.05359293E-001
    600.20007   9.51645199E-002
    598.86629   8.82854018E-002
    597.53251   8.37064190E-002
    596.19873   8.07990100E-002
    594.86495   7.91748567E-002
    593.53118   7.86000268E-002
    592.19740   7.89460494E-002
    590.86362   8.01636047E-002
    589.52984   8.22711801E-002
    588.19607   8.53553731E-002
    586.86229   8.95827039E-002
    585.52851   9.52259144E-002
    584.19473   1.02711840E-001
    582.86095   1.12704355E-001
    581.52718   1.26245963E-001
    580.19340   1.44994058E-001
    578.85962   1.71583369E-001
    577.52584   2.10015947E-001
    576.19206   2.65256294E-001
    574.85829   3.38607117E-001
    573.52451   4.12572949E-001
    572.19073   4.41541682E-001
    570.85695   4.04174147E-001
    569.52317   3.40400183E-001
    568.18940   2.88153824E-001
    566.85562   2.56363390E-001
    565.52184   2.42110056E-001
    564.18806   2.41643352E-001
    562.85428   2.52953829E-001
    561.52051   2.75930904E-001
    560.18673   3.12337744E-001
    558.85295   3.66124076E-001
    557.51917   4.44172837E-001
    556.18540   5.57200726E-001
    554.85162   7.18999798E-001
    553.51784   9.38622771E-001
    552.18406   1.20651872E+000
    550.85028   1.51114276E+000
    549.51651   1.84716307E+000
    548.18273   2.08614691E+000
    546.84895   2.01144077E+000
    545.51517   1.68149596E+000
    544.18139   1.34747910E+000
    542.84762   1.13492298E+000
    541.51384   1.05227493E+000
    540.18006   1.05788309E+000
    538.84628   1.05593282E+000
    537.51250   9.47844607E-001
    536.17873   7.61377435E-001
    534.84495   5.84050545E-001
    533.51117   4.50377270E-001
    532.17739   3.56325047E-001
    530.84361   2.90378958E-001
    529.50984   2.43322191E-001
    528.17606   2.09071326E-001
    526.84228   1.83815153E-001
    525.50850   1.65222820E-001
    524.17472   1.51896295E-001
    522.84095   1.42831389E-001
    521.50717   1.36452781E-001
    520.17339   1.29793581E-001
    518.83961   1.20919145E-001
    517.50584   1.11498844E-001
    516.17206   1.03585242E-001
    514.83828   9.76535773E-002
    513.50450   9.34580401E-002
    512.17072   9.07050259E-002
    510.83695   8.92222094E-002
    509.50317   8.89717981E-002
    508.16939   9.00506423E-002
    506.83561   9.27134271E-002
    505.50183   9.74332688E-002
    504.16806   1.05016096E-001
    502.83428   1.16782204E-001
    501.50050   1.34757372E-001
    500.16672   1.61425544E-001
    498.83294   1.97219459E-001
    497.49917   2.32604462E-001
    496.16539   2.44072425E-001
    494.83161   2.22000267E-001
    493.49783   1.87341208E-001
    492.16405   1.58709042E-001
    490.83028   1.40108855E-001
    489.49650   1.29827051E-001
    488.16272   1.25775969E-001
    486.82894   1.26675000E-001
    485.49517   1.32061029E-001
    484.16139   1.42191409E-001
    482.82761   1.58073036E-001
    481.49383   1.81673678E-001
    480.16005   2.16351955E-001
    478.82628   2.67446922E-001
    477.49250   3.42342882E-001
    476.15872   4.46990023E-001
    474.82494   5.73105190E-001
    473.49116   6.87316023E-001
    472.15739   7.55481989E-001
    470.82361   7.46392623E-001
    469.48983   6.44203058E-001
    468.15605   5.04781824E-001
    466.82227   3.86531787E-001
    465.48850   3.03127001E-001
    464.15472   2.47747391E-001
    462.82094   2.11672714E-001
    461.48716   1.88673413E-001
    460.15338   1.74901529E-001
    458.81961   1.68175761E-001
    457.48583   1.67471343E-001
    456.15205   1.72677789E-001
    454.81827   1.84588952E-001
    453.48449   2.05111975E-001
    452.15072   2.37659974E-001
    450.81694   2.87353935E-001
    449.48316   3.59052501E-001
    448.14938   4.46985067E-001
    446.81561   5.13898651E-001
    445.48183   5.08188119E-001
    444.14805   4.41799894E-001
    442.81427   3.69795874E-001
    441.48049   3.19108134E-001
    440.14672   2.91051900E-001
    438.81294   2.80861558E-001
    437.47916   2.84789223E-001
    436.14538   3.01155278E-001
    434.81160   3.30181541E-001
    433.47783   3.73933310E-001
    432.14405   4.36658061E-001
    430.81027   5.25672276E-001
    429.47649   6.53034243E-001
    428.14271   8.38278452E-001
    426.80894   1.11179884E+000
    425.47516   1.51412139E+000
    424.14138   2.06906443E+000
    422.80760   2.67874279E+000
    421.47382   3.00345811E+000
    420.14005   2.78092917E+000
    418.80627   2.27073743E+000
    417.47249   1.82606821E+000
    416.13871   1.53298714E+000
    414.80493   1.30735188E+000
    413.47116   1.07115004E+000
    412.13738   8.46482702E-001
    410.80360   6.71689523E-001
    409.46982   5.50094010E-001
    408.13605   4.70451070E-001
    406.80227   4.22595357E-001
    405.46849   4.00895497E-001
    404.13471   4.04270452E-001
    402.80093   4.36074073E-001
    401.46716   5.03695317E-001
    400.13338   6.13777010E-001
    398.79960   7.50943640E-001
    397.46582   8.40534934E-001
    396.13204   7.93418192E-001
    394.79827   6.43913049E-001
    393.46449   4.89628277E-001
    392.13071   3.72124538E-001
    390.79693   2.90290858E-001
    389.46315   2.33776301E-001
    388.12938   1.93958323E-001
    386.79560   1.65112499E-001
    385.46182   1.43625176E-001
    384.12804   1.27212371E-001
    382.79426   1.14403033E-001
    381.46049   1.04226430E-001
    380.12671   9.60260060E-002
    378.79293   8.93474977E-002
    377.45915   8.38704199E-002
    376.12538   7.93652274E-002
    374.79160   7.56659894E-002
    373.45782   7.26526823E-002
    372.12404   7.02396205E-002
    370.79026   6.83679504E-002
    369.45649   6.70009651E-002
    368.12271   6.61215211E-002
    366.78893   6.57311873E-002
    365.45515   6.58510229E-002
    364.12137   6.65241275E-002
    362.78760   6.78203860E-002
    361.45382   6.98442097E-002
    360.12004   7.27466582E-002
    358.78626   7.67442648E-002
    357.45248   8.21484954E-002
    356.11871   8.94125501E-002
    354.78493   9.92071466E-002
    353.45115   1.12545646E-001
    352.11737   1.30993850E-001
    350.78359   1.57022565E-001
    349.44982   1.94580132E-001
    348.11604   2.49892473E-001
    346.78226   3.31917757E-001
    345.44848   4.49212677E-001
    344.11470   5.92792943E-001
    342.78093   7.00519640E-001
    341.44715   6.83086997E-001
    340.11337   5.57171049E-001
    338.77959   4.16351084E-001
    337.44582   3.07446496E-001
    336.11204   2.32339050E-001
    334.77826   1.81602624E-001
    333.44448   1.46897561E-001
    332.11070   1.22633942E-001
    330.77693   1.05300156E-001
    329.44315   9.27053337E-002
    328.10937   8.34685158E-002
    326.77559   7.67102665E-002
    325.44181   7.18722277E-002
    324.10804   6.86134973E-002
    322.77426   6.67543859E-002
    321.44048   6.62524443E-002
    320.10670   6.72052612E-002
    318.77292   6.98823209E-002
    317.43915   7.47963819E-002
    316.10537   8.28334826E-002
    314.77159   9.54592513E-002
    313.43781   1.14945664E-001
    312.10403   1.44147674E-001
    310.77026   1.83852978E-001
    309.43648   2.23970795E-001
    308.10270   2.37658647E-001
    306.76892   2.11524976E-001
    305.43515   1.68538769E-001
    304.10137   1.31165678E-001
    302.76759   1.04615260E-001
    301.43381   8.68118572E-002
    300.10003   7.49663760E-002
    298.76626   6.70619300E-002
    297.43248   6.18192856E-002
    296.09870   5.84554179E-002
    294.76492   5.64987759E-002
    293.43114   5.56756171E-002
    292.09737   5.58453682E-002
    290.76359   5.69669439E-002
    289.42981   5.90856423E-002
    288.09603   6.23361507E-002
    286.76225   6.69617697E-002
    285.42848   7.33545277E-002
    284.09470   8.21269436E-002
    282.76092   9.42357335E-002
    281.42714   1.11192707E-001
    280.09336   1.35416102E-001
    278.75959   1.70765808E-001
    277.42581   2.23097306E-001
    276.09203   2.99535177E-001
    274.75825   4.01189885E-001
    273.42447   5.00316971E-001
    272.09070   5.29169275E-001
    270.75692   4.60563852E-001
    269.42314   3.54783653E-001
    268.08936   2.64704995E-001
    266.75559   2.01215316E-001
    265.42181   1.58771281E-001
    264.08803   1.30563764E-001
    262.75425   1.11747825E-001
    261.42047   9.92731081E-002
    260.08670   9.12909835E-002
    258.75292   8.67154896E-002
    257.41914   8.49612930E-002
    256.08536   8.58062762E-002
    254.75158   8.93402981E-002
    253.41781   9.59845670E-002
    252.08403   1.06587480E-001
    250.75025   1.22625053E-001
    249.41647   1.46555749E-001
    248.08269   1.82365893E-001
    246.74892   2.36099126E-001
    245.41514   3.14882939E-001
    244.08136   4.18658681E-001
    242.74758   5.16009936E-001
    241.41380   5.37481482E-001
    240.08003   4.62963909E-001
    238.74625   3.56725421E-001
    237.41247   2.68926721E-001
    236.07869   2.08574810E-001
    234.74491   1.69989572E-001
    233.41114   1.46939461E-001
    232.07736   1.35559060E-001
    230.74358   1.34288015E-001
    229.40980   1.43447960E-001
    228.07603   1.64356678E-001
    226.74225   1.95736424E-001
    225.40847   2.24528175E-001
    224.07469   2.25245007E-001
    222.74091   1.93077406E-001
    221.40714   1.51810243E-001
    220.07336   1.18042497E-001
    218.73958   9.41137761E-002
    217.40580   7.76589079E-002
    216.07202   6.62173194E-002
    214.73825   5.80744956E-002
    213.40447   5.21374231E-002
    212.07069   4.77174029E-002
    210.73691   4.43745310E-002
    209.40313   4.18217526E-002
    208.06936   3.98676252E-002
    206.73558   3.83820890E-002
    205.40180   3.72756887E-002
    204.06802   3.64867349E-002
    202.73424   3.59732536E-002
    201.40047   3.57079092E-002
    200.06669   3.56748459E-002
    198.73291   3.58678337E-002
    197.39913   3.62893703E-002
    196.06536   3.69505650E-002
    194.73158   3.78717536E-002
    193.39780   3.90839008E-002
    192.06402   4.06309669E-002
    190.73024   4.25735618E-002
    189.39647   4.49944314E-002
    188.06269   4.80066662E-002
    186.72891   5.17660861E-002
    185.39513   5.64902139E-002
    184.06135   6.24879049E-002
    182.72758   7.02066164E-002
    181.39380   8.03094713E-002
    180.06002   9.38033188E-002
    178.72624   1.12253752E-001
    177.39246   1.38141357E-001
    176.05869   1.75405778E-001
    174.72491   2.30025050E-001
    173.39113   3.09378480E-001
    172.05735   4.15221653E-001
    170.72357   5.21003135E-001
    169.38980   5.58919805E-001
    168.05602   4.99132960E-001
    166.72224   4.02309839E-001
    165.38846   3.25073529E-001
    164.05468   2.81960083E-001
    162.72091   2.71280631E-001
    161.38713   2.90159762E-001
    160.05335   3.32010519E-001
    158.71957   3.71074185E-001
    157.38580   3.63806531E-001
    156.05202   3.05261092E-001
    154.71824   2.35209681E-001
    153.38446   1.79005625E-001
    152.05068   1.39374011E-001
    150.71691   1.12120497E-001
    149.38313   9.31437325E-002
    148.04935   7.96155033E-002
    146.71557   6.97324901E-002
    145.38179   6.23539651E-002
    144.04802   5.67470883E-002
    142.71424   5.24301925E-002
    141.38046   4.90790864E-002
    140.04668   4.64707635E-002
    138.71290   4.44490080E-002
    137.37913   4.29029481E-002
    136.04535   4.17534216E-002
    134.71157   4.09441811E-002
    133.37779   4.04361897E-002
    132.04401   4.02039767E-002
    130.71024   4.02334438E-002
    129.37646   4.05207909E-002
    128.04268   4.10724206E-002
    126.70890   4.19058481E-002
    125.37513   4.30518190E-002
    124.04135   4.45580824E-002
    122.70757   4.64956358E-002
    121.37379   4.89688875E-002
    120.04001   5.21322746E-002
    118.70624   5.62177943E-002
    117.37246   6.15811790E-002
    116.03868   6.87793038E-002
    114.70490   7.86949241E-002
    113.37112   9.27063035E-002
    112.03735   1.12758574E-001
    110.70357   1.40569125E-001
    109.36979   1.73654214E-001
    108.03601   1.97987673E-001
    106.70223   1.95915781E-001
    105.36846   1.73532229E-001
    104.03468   1.50330206E-001
    102.70090   1.35117608E-001
    101.36712   1.28125889E-001
    100.03334   1.27727432E-001
     98.69957   1.32737819E-001
     97.36579   1.42737499E-001
     96.03201   1.58019682E-001
     94.69823   1.79593961E-001
     93.36445   2.09342185E-001
     92.03068   2.50387437E-001
     90.69690   3.07782037E-001
     89.36312   3.89681397E-001
     88.02934   5.09116169E-001
     86.69557   6.85654936E-001
     85.36179   9.41986483E-001
     84.02801   1.27636010E+000
     82.69423   1.58424788E+000
     81.36045   1.64323984E+000
     80.02668   1.39831220E+000
     78.69290   1.05762190E+000
     77.35912   7.76456492E-001
     76.02534   5.80322898E-001
     74.69156   4.49606691E-001
     73.35779   3.62878076E-001
     72.02401   3.05225531E-001
     70.69023   2.67338782E-001
     69.35645   2.43623797E-001
     68.02267   2.30862849E-001
     66.68890   2.27436857E-001
     65.35512   2.32945676E-001
     64.02134   2.48119259E-001
     62.68756   2.74991849E-001
     61.35378   3.17383481E-001
     60.02001   3.81776746E-001
     58.68623   4.78537958E-001
     57.35245   6.22395566E-001
     56.01867   8.27129326E-001
     54.68489   1.08432355E+000
     53.35112   1.34201703E+000
     52.01734   1.53078677E+000
     50.68356   1.55232511E+000
     49.34978   1.34241648E+000
     48.01601   1.02698965E+000
     46.68223   7.50924594E-001
     45.34845   5.51879631E-001
     44.01467   4.15688275E-001
     42.68089   3.22207980E-001
     41.34712   2.56599496E-001
     40.01334   2.09287672E-001
     38.67956   1.74248393E-001
     37.34578   1.47656169E-001
     36.01200   1.27029598E-001
     34.67823   1.10718973E-001
     33.34445   9.76001275E-002
     32.01067   8.68889117E-002
     30.67689   7.80264102E-002
     29.34311   7.06063069E-002
     28.00934   6.43278687E-002
     26.67556   5.89648446E-002
     25.34178   5.43444725E-002
     24.00800   5.03330361E-002
     22.67422   4.68257527E-002
     21.34045   4.37395782E-002
     20.00667   4.10080095E-002
     18.67289   3.85772780E-002
     17.33911   3.64035260E-002
     16.00534   3.44506863E-002
     14.67156   3.26888728E-002
     13.33778   3.10931467E-002
     12.00400   2.96425602E-002
     10.67022   2.83194101E-002
      9.33645   2.71086492E-002
      8.00267   2.59974189E-002
      6.66889   2.49746758E-002
      5.33511   2.40308900E-002
      4.00133   2.31578012E-002
      2.66756   2.23482191E-002
      1.33378   2.15958602E-002
      0.00000   2.08952124E-002
