    130.77713   8.58160948E-026
    130.86373   1.16934509E-025
    130.95033   1.59134186E-025
    131.03693   2.16288275E-025
    131.12353   2.93597954E-025
    131.21013   3.98038868E-025
    131.29672   5.38954611E-025
    131.38332   7.28844683E-025
    131.46992   9.84409295E-025
    131.55652   1.32793300E-024
    131.64312   1.78911468E-024
    131.72972   2.40748484E-024
    131.81631   3.23559470E-024
    131.90291   4.34321808E-024
    131.98951   5.82288101E-024
    132.07611   7.79712928E-024
    132.16271   1.04280684E-023
    132.24931   1.39298712E-023
    132.33590   1.85851546E-023
    132.42250   2.47663992E-023
    132.50910   3.29639253E-023
    132.59570   4.38223921E-023
    132.68230   5.81883556E-023
    132.76890   7.71721619E-023
    132.85549   1.02228398E-022
    132.94209   1.35260336E-022
    133.02869   1.78755376E-022
    133.11529   2.35960443E-022
    133.20189   3.11108905E-022
    133.28849   4.09713734E-022
    133.37508   5.38945849E-022
    133.46168   7.08121783E-022
    133.54828   9.29331520E-022
    133.63488   1.21824585E-021
    133.72148   1.59515335E-021
    133.80807   2.08629070E-021
    133.89467   2.72554741E-021
    133.98127   3.55664767E-021
    134.06787   4.63593964E-021
    134.15447   6.03595733E-021
    134.24107   7.84996351E-021
    134.32766   1.01977375E-020
    134.41426   1.32329401E-020
    134.50086   1.71524755E-020
    134.58746   2.22083767E-020
    134.67406   2.87228792E-020
    134.76066   3.71075149E-020
    134.84725   4.78872723E-020
    134.93385   6.17311324E-020
    135.02045   7.94906192E-020
    135.10705   1.02248414E-019
    135.19365   1.31379592E-019
    135.28025   1.68628676E-019
    135.36684   2.16206475E-019
    135.45344   2.76911669E-019
    135.54004   3.54283282E-019
    135.62664   4.52791682E-019
    135.71324   5.78077587E-019
    135.79984   7.37250817E-019
    135.88643   9.39263304E-019
    135.97303   1.19537433E-018
    136.05963   1.51973018E-018
    136.14623   1.93008550E-018
    136.23283   2.44870013E-018
    136.31942   3.10345286E-018
    136.40602   3.92922308E-018
    136.49262   4.96960290E-018
    136.57922   6.27901669E-018
    136.66582   7.92534198E-018
    136.75242   9.99314704E-018
    136.83901   1.25876860E-017
    136.92561   1.58398236E-017
    137.01221   1.99120994E-017
    137.09881   2.50061874E-017
    137.18541   3.13720627E-017
    137.27201   3.93192540E-017
    137.35860   4.92306422E-017
    137.44520   6.15793637E-017
    137.53180   7.69494964E-017
    137.61840   9.60613474E-017
    137.70500   1.19802336E-016
    137.79160   1.49264672E-016
    137.87819   1.85791273E-016
    137.96479   2.31031672E-016
    138.05139   2.87010021E-016
    138.13799   3.56207712E-016
    138.22459   4.41663670E-016
    138.31119   5.47095973E-016
    138.39778   6.77049180E-016
    138.48438   8.37072629E-016
    138.57098   1.03393601E-015
    138.65758   1.27588970E-015
    138.74418   1.57297895E-015
    138.83077   1.93742257E-015
    138.91737   2.38406892E-015
    139.00397   2.93094458E-015
    139.09057   3.59991374E-015
    139.17717   4.41746995E-015
    139.26377   5.41568583E-015
    139.35036   6.63335123E-015
    139.43696   8.11733588E-015
    139.52356   9.92421917E-015
    139.61016   1.21222376E-014
    139.69676   1.47936099E-014
    139.78336   1.80373095E-014
    139.86995   2.19723684E-014
    139.95655   2.67418102E-014
    140.04315   3.25173265E-014
    140.12975   3.95048345E-014
    140.21635   4.79510725E-014
    140.30295   5.81514226E-014
    140.38954   7.04591780E-014
    140.47614   8.52965129E-014
    140.56274   1.03167455E-013
    140.64934   1.24673214E-013
    140.73594   1.50530271E-013
    140.82254   1.81591715E-013
    140.90913   2.18872380E-013
    140.99573   2.63578434E-013
    141.08233   3.17142180E-013
    141.16893   3.81262942E-013
    141.25553   4.57955063E-013
    141.34212   5.49604197E-013
    141.42872   6.59033273E-013
    141.51532   7.89579720E-013
    141.60192   9.45185787E-013
    141.68852   1.13050410E-012
    141.77512   1.35102089E-012
    141.86171   1.61319979E-012
    141.94831   1.92464931E-012
    142.03491   2.29431800E-012
    142.12151   2.73272140E-012
    142.20811   3.25220586E-012
    142.29471   3.86725495E-012
    142.38130   4.59484494E-012
    142.46790   5.45485701E-012
    142.55450   6.47055454E-012
    142.64110   7.66913565E-012
    142.72770   9.08237196E-012
    142.81430   1.07473465E-011
    142.90089   1.27073057E-011
    142.98749   1.50126413E-011
    143.07409   1.77220227E-011
    143.16069   2.09037000E-011
    143.24729   2.46370026E-011
    143.33389   2.90140623E-011
    143.42048   3.41417915E-011
    143.50708   4.01441526E-011
    143.59368   4.71647601E-011
    143.68028   5.53698606E-011
    143.76688   6.49517432E-011
    143.85347   7.61326393E-011
    143.94007   8.91691778E-011
    144.02667   1.04357471E-010
    144.11327   1.22038915E-010
    144.19987   1.42606801E-010
    144.28647   1.66513841E-010
    144.37306   1.94280732E-010
    144.45966   2.26505891E-010
    144.54626   2.63876514E-010
    144.63286   3.07181118E-010
    144.71946   3.57323778E-010
    144.80606   4.15340242E-010
    144.89265   4.82416185E-010
    144.97925   5.59907855E-010
    145.06585   6.49365401E-010
    145.15245   7.52559226E-010
    145.23905   8.71509720E-010
    145.32565   1.00852078E-009
    145.41224   1.16621757E-009
    145.49884   1.34758904E-009
    145.58544   1.55603573E-009
    145.67204   1.79542350E-009
    145.75864   2.07014386E-009
    145.84524   2.38518166E-009
    145.93183   2.74619102E-009
    146.01843   3.15958030E-009
    146.10503   3.63260726E-009
    146.19163   4.17348554E-009
    146.27823   4.79150355E-009
    146.36483   5.49715731E-009
    146.45142   6.30229859E-009
    146.53802   7.22030020E-009
    146.62462   8.26623994E-009
    146.71122   9.45710553E-009
    146.79782   1.08120224E-008
    146.88441   1.23525070E-008
    146.97101   1.41027480E-008
    147.05761   1.60899181E-008
    147.14421   1.83445203E-008
    147.23081   2.09007712E-008
    147.31741   2.37970249E-008
    147.40400   2.70762429E-008
    147.49060   3.07865124E-008
    147.57720   3.49816197E-008
    147.66380   3.97216822E-008
    147.75040   4.50738457E-008
    147.83700   5.11130529E-008
    147.92359   5.79228891E-008
    148.01019   6.55965131E-008
    148.09679   7.42376801E-008
    148.18339   8.39618655E-008
    148.26999   9.48974988E-008
    148.35659   1.07187316E-007
    148.44318   1.20989845E-007
    148.52978   1.36481023E-007
    148.61638   1.53855981E-007
    148.70298   1.73330984E-007
    148.78958   1.95145551E-007
    148.87618   2.19564777E-007
    148.96277   2.46881858E-007
    149.04937   2.77420850E-007
    149.13597   3.11539670E-007
    149.22257   3.49633362E-007
    149.30917   3.92137656E-007
    149.39576   4.39532825E-007
    149.48236   4.92347885E-007
    149.56896   5.51165140E-007
    149.65556   6.16625124E-007
    149.74216   6.89431944E-007
    149.82876   7.70359071E-007
    149.91535   8.60255604E-007
    150.00195   9.60053038E-007
    150.08855   1.07077258E-006
    150.17515   1.19353304E-006
    150.26175   1.32955934E-006
    150.34835   1.48019172E-006
    150.43494   1.64689556E-006
    150.52154   1.83127209E-006
    150.60814   2.03506973E-006
    150.69474   2.26019648E-006
    150.78134   2.50873302E-006
    150.86794   2.78294692E-006
    150.95453   3.08530776E-006
    151.04113   3.41850341E-006
    151.12773   3.78545742E-006
    151.21433   4.18934760E-006
    151.30093   4.63362592E-006
    151.38753   5.12203972E-006
    151.47412   5.65865436E-006
    151.56072   6.24787738E-006
    151.64732   6.89448424E-006
    151.73392   7.60364569E-006
    151.82052   8.38095691E-006
    151.90711   9.23246850E-006
    151.99371   1.01647194E-005
    152.08031   1.11847717E-005
    152.16691   1.23002477E-005
    152.25351   1.35193694E-005
    152.34011   1.48509996E-005
    152.42670   1.63046859E-005
    152.51330   1.78907078E-005
    152.59990   1.96201246E-005
    152.68650   2.15048284E-005
    152.77310   2.35575978E-005
    152.85970   2.57921559E-005
    152.94629   2.82232306E-005
    153.03289   3.08666187E-005
    153.11949   3.37392525E-005
    153.20609   3.68592703E-005
    153.29269   4.02460902E-005
    153.37929   4.39204877E-005
    153.46588   4.79046762E-005
    153.55248   5.22223928E-005
    153.63908   5.68989861E-005
    153.72568   6.19615096E-005
    153.81228   6.74388185E-005
    153.89888   7.33616703E-005
    153.98547   7.97628305E-005
    154.07207   8.66771820E-005
    154.15867   9.41418394E-005
    154.24527   1.02196267E-004
    154.33187   1.10882403E-004
    154.41846   1.20244787E-004
    154.50506   1.30330689E-004
    154.59166   1.41190254E-004
    154.67826   1.52876635E-004
    154.76486   1.65446147E-004
    154.85146   1.78958414E-004
    154.93805   1.93476527E-004
    155.02465   2.09067204E-004
    155.11125   2.25800956E-004
    155.19785   2.43752258E-004
    155.28445   2.62999723E-004
    155.37105   2.83626282E-004
    155.45764   3.05719369E-004
    155.54424   3.29371107E-004
    155.63084   3.54678504E-004
    155.71744   3.81743647E-004
    155.80404   4.10673904E-004
    155.89064   4.41582131E-004
    155.97723   4.74586874E-004
    156.06383   5.09812588E-004
    156.15043   5.47389849E-004
    156.23703   5.87455568E-004
    156.32363   6.30153219E-004
    156.41023   6.75633056E-004
    156.49682   7.24052339E-004
    156.58342   7.75575564E-004
    156.67002   8.30374684E-004
    156.75662   8.88629346E-004
    156.84322   9.50527114E-004
    156.92981   1.01626370E-003
    157.01641   1.08604320E-003
    157.10301   1.16007831E-003
    157.18961   1.23859057E-003
    157.27621   1.32181055E-003
    157.36281   1.40997814E-003
    157.44940   1.50334270E-003
    157.53600   1.60216332E-003
    157.62260   1.70670903E-003
    157.70920   1.81725897E-003
    157.79580   1.93410263E-003
    157.88240   2.05754006E-003
    157.96899   2.18788199E-003
    158.05559   2.32545007E-003
    158.14219   2.47057705E-003
    158.22879   2.62360689E-003
    158.31539   2.78489497E-003
    158.40199   2.95480820E-003
    158.48858   3.13372517E-003
    158.57518   3.32203626E-003
    158.66178   3.52014377E-003
    158.74838   3.72846198E-003
    158.83498   3.94741728E-003
    158.92158   4.17744819E-003
    159.00817   4.41900544E-003
    159.09477   4.67255199E-003
    159.18137   4.93856305E-003
    159.26797   5.21752610E-003
    159.35457   5.50994083E-003
    159.44117   5.81631916E-003
    159.52776   6.13718511E-003
    159.61436   6.47307478E-003
    159.70096   6.82453624E-003
    159.78756   7.19212937E-003
    159.87416   7.57642579E-003
    159.96075   7.97800860E-003
    160.04735   8.39747227E-003
    160.13395   8.83542240E-003
    160.22055   9.29247545E-003
    160.30715   9.76925852E-003
    160.39375   1.02664091E-002
    160.48034   1.07845745E-002
    160.56694   1.13244121E-002
    160.65354   1.18865882E-002
    160.74014   1.24717782E-002
    160.82674   1.30806661E-002
    160.91334   1.37139438E-002
    160.99993   1.43723110E-002
    161.08653   1.50564743E-002
    161.17313   1.57671470E-002
    161.25973   1.65050486E-002
    161.34633   1.72709037E-002
    161.43293   1.80654422E-002
    161.51952   1.88893979E-002
    161.60612   1.97435086E-002
    161.69272   2.06285146E-002
    161.77932   2.15451589E-002
    161.86592   2.24941858E-002
    161.95252   2.34763406E-002
    162.03911   2.44923684E-002
    162.12571   2.55430139E-002
    162.21231   2.66290201E-002
    162.29891   2.77511279E-002
    162.38551   2.89100750E-002
    162.47210   3.01065950E-002
    162.55870   3.13414169E-002
    162.64530   3.26152639E-002
    162.73190   3.39288529E-002
    162.81850   3.52828930E-002
    162.90510   3.66780853E-002
    162.99169   3.81151216E-002
    163.07829   3.95946835E-002
    163.16489   4.11174416E-002
    163.25149   4.26840546E-002
    163.33809   4.42951685E-002
    163.42469   4.59514153E-002
    163.51128   4.76534126E-002
    163.59788   4.94017622E-002
    163.68448   5.11970497E-002
    163.77108   5.30398434E-002
    163.85768   5.49306932E-002
    163.94428   5.68701302E-002
    164.03087   5.88586655E-002
    164.11747   6.08967896E-002
    164.20407   6.29849714E-002
    164.29067   6.51236576E-002
    164.37727   6.73132719E-002
    164.46387   6.95542141E-002
    164.55046   7.18468596E-002
    164.63706   7.41915586E-002
    164.72366   7.65886355E-002
    164.81026   7.90383883E-002
    164.89686   8.15410877E-002
    164.98345   8.40969772E-002
    165.07005   8.67062720E-002
    165.15665   8.93691586E-002
    165.24325   9.20857947E-002
    165.32985   9.48563083E-002
    165.41645   9.76807979E-002
    165.50304   1.00559332E-001
    165.58964   1.03491948E-001
    165.67624   1.06478653E-001
    165.76284   1.09519423E-001
    165.84944   1.12614205E-001
    165.93604   1.15762913E-001
    166.02263   1.18965430E-001
    166.10923   1.22221608E-001
    166.19583   1.25531268E-001
    166.28243   1.28894202E-001
    166.36903   1.32310168E-001
    166.45563   1.35778896E-001
    166.54222   1.39300085E-001
    166.62882   1.42873402E-001
    166.71542   1.46498488E-001
    166.80202   1.50174952E-001
    166.88862   1.53902375E-001
    166.97522   1.57680309E-001
    167.06181   1.61508279E-001
    167.14841   1.65385783E-001
    167.23501   1.69312292E-001
    167.32161   1.73287250E-001
    167.40821   1.77310078E-001
    167.49480   1.81380170E-001
    167.58140   1.85496899E-001
    167.66800   1.89659612E-001
    167.75460   1.93867636E-001
    167.84120   1.98120277E-001
    167.92780   2.02416821E-001
    168.01439   2.06756532E-001
    168.10099   2.11138659E-001
    168.18759   2.15562433E-001
    168.27419   2.20027067E-001
    168.36079   2.24531761E-001
    168.44739   2.29075700E-001
    168.53398   2.33658056E-001
    168.62058   2.38277990E-001
    168.70718   2.42934650E-001
    168.79378   2.47627177E-001
    168.88038   2.52354703E-001
    168.96698   2.57116351E-001
    169.05357   2.61911239E-001
    169.14017   2.66738481E-001
    169.22677   2.71597185E-001
    169.31337   2.76486459E-001
    169.39997   2.81405407E-001
    169.48657   2.86353133E-001
    169.57316   2.91328744E-001
    169.65976   2.96331345E-001
    169.74636   3.01360048E-001
    169.83296   3.06413965E-001
    169.91956   3.11492217E-001
    170.00615   3.16593929E-001
    170.09275   3.21718232E-001
    170.17935   3.26864267E-001
    170.26595   3.32031185E-001
    170.35255   3.37218144E-001
    170.43915   3.42424314E-001
    170.52574   3.47648879E-001
    170.61234   3.52891033E-001
    170.69894   3.58149984E-001
    170.78554   3.63424955E-001
    170.87214   3.68715183E-001
    170.95874   3.74019921E-001
    171.04533   3.79338438E-001
    171.13193   3.84670020E-001
    171.21853   3.90013972E-001
    171.30513   3.95369613E-001
    171.39173   4.00736284E-001
    171.47833   4.06113344E-001
    171.56492   4.11500170E-001
    171.65152   4.16896160E-001
    171.73812   4.22300731E-001
    171.82472   4.27713321E-001
    171.91132   4.33133387E-001
    171.99792   4.38560409E-001
    172.08451   4.43993884E-001
    172.17111   4.49433334E-001
    172.25771   4.54878299E-001
    172.34431   4.60328340E-001
    172.43091   4.65783040E-001
    172.51751   4.71242003E-001
    172.60410   4.76704852E-001
    172.69070   4.82171232E-001
    172.77730   4.87640807E-001
    172.86390   4.93113263E-001
    172.95050   4.98588305E-001
    173.03709   5.04065657E-001
    173.12369   5.09545063E-001
    173.21029   5.15026287E-001
    173.29689   5.20509110E-001
    173.38349   5.25993333E-001
    173.47009   5.31478774E-001
    173.55668   5.36965268E-001
    173.64328   5.42452669E-001
    173.72988   5.47940845E-001
    173.81648   5.53429684E-001
    173.90308   5.58919086E-001
    173.98968   5.64408968E-001
    174.07627   5.69899263E-001
    174.16287   5.75389916E-001
    174.24947   5.80880888E-001
    174.33607   5.86372151E-001
    174.42267   5.91863691E-001
    174.50927   5.97355507E-001
    174.59586   6.02847610E-001
    174.68246   6.08340020E-001
    174.76906   6.13832771E-001
    174.85566   6.19325905E-001
    174.94226   6.24819474E-001
    175.02886   6.30313542E-001
    175.11545   6.35808178E-001
    175.20205   6.41303463E-001
    175.28865   6.46799484E-001
    175.37525   6.52296337E-001
    175.46185   6.57794125E-001
    175.54844   6.63292957E-001
    175.63504   6.68792949E-001
    175.72164   6.74294225E-001
    175.80824   6.79796913E-001
    175.89484   6.85301146E-001
    175.98144   6.90807065E-001
    176.06803   6.96314812E-001
    176.15463   7.01824539E-001
    176.24123   7.07336398E-001
    176.32783   7.12850548E-001
    176.41443   7.18367151E-001
    176.50103   7.23886374E-001
    176.58762   7.29408386E-001
    176.67422   7.34933363E-001
    176.76082   7.40461482E-001
    176.84742   7.45992923E-001
    176.93402   7.51527873E-001
    177.02062   7.57066519E-001
    177.10721   7.62609052E-001
    177.19381   7.68155668E-001
    177.28041   7.73706565E-001
    177.36701   7.79261945E-001
    177.45361   7.84822012E-001
    177.54021   7.90386976E-001
    177.62680   7.95957047E-001
    177.71340   8.01532441E-001
    177.80000   8.07113376E-001
    177.88660   8.12700075E-001
    177.97320   8.18292763E-001
    178.05979   8.23891669E-001
    178.14639   8.29497027E-001
    178.23299   8.35109072E-001
    178.31959   8.40728044E-001
    178.40619   8.46354189E-001
    178.49279   8.51987752E-001
    178.57938   8.57628985E-001
    178.66598   8.63278144E-001
    178.75258   8.68935487E-001
    178.83918   8.74601276E-001
    178.92578   8.80275778E-001
    179.01238   8.85959263E-001
    179.09897   8.91652002E-001
    179.18557   8.97354274E-001
    179.27217   9.03066357E-001
    179.35877   9.08788534E-001
    179.44537   9.14521093E-001
    179.53197   9.20264320E-001
    179.61856   9.26018507E-001
    179.70516   9.31783948E-001
    179.79176   9.37560938E-001
    179.87836   9.43349773E-001
    179.96496   9.49150753E-001
    180.05156   9.54964177E-001
    180.13815   9.60790343E-001
    180.22475   9.66629553E-001
    180.31135   9.72482106E-001
    180.39795   9.78348299E-001
    180.48455   9.84228431E-001
    180.57114   9.90122797E-001
    180.65774   9.96031688E-001
    180.74434   1.00195539E+000
    180.83094   1.00789420E+000
    180.91754   1.01384839E+000
    181.00414   1.01981823E+000
    181.09073   1.02580400E+000
    181.17733   1.03180595E+000
    181.26393   1.03782435E+000
    181.35053   1.04385943E+000
    181.43713   1.04991143E+000
    181.52373   1.05598057E+000
    181.61032   1.06206708E+000
    181.69692   1.06817114E+000
    181.78352   1.07429295E+000
    181.87012   1.08043268E+000
    181.95672   1.08659049E+000
    182.04332   1.09276651E+000
    182.12991   1.09896088E+000
    182.21651   1.10517368E+000
    182.30311   1.11140502E+000
    182.38971   1.11765494E+000
    182.47631   1.12392349E+000
    182.56291   1.13021069E+000
    182.64950   1.13651652E+000
    182.73610   1.14284096E+000
    182.82270   1.14918394E+000
    182.90930   1.15554538E+000
    182.99590   1.16192515E+000
    183.08249   1.16832311E+000
    183.16909   1.17473908E+000
    183.25569   1.18117285E+000
    183.34229   1.18762416E+000
    183.42889   1.19409275E+000
    183.51549   1.20057828E+000
    183.60208   1.20708042E+000
    183.68868   1.21359876E+000
    183.77528   1.22013288E+000
    183.86188   1.22668231E+000
    183.94848   1.23324653E+000
    184.03508   1.23982499E+000
    184.12167   1.24641710E+000
    184.20827   1.25302222E+000
    184.29487   1.25963967E+000
    184.38147   1.26626871E+000
    184.46807   1.27290857E+000
    184.55467   1.27955845E+000
    184.64126   1.28621746E+000
    184.72786   1.29288469E+000
    184.81446   1.29955919E+000
    184.90106   1.30623995E+000
    184.98766   1.31292590E+000
    185.07426   1.31961595E+000
    185.16085   1.32630893E+000
    185.24745   1.33300365E+000
    185.33405   1.33969885E+000
    185.42065   1.34639322E+000
    185.50725   1.35308542E+000
    185.59385   1.35977405E+000
    185.68044   1.36645765E+000
    185.76704   1.37313473E+000
    185.85364   1.37980374E+000
    185.94024   1.38646309E+000
    186.02684   1.39311114E+000
    186.11343   1.39974620E+000
    186.20003   1.40636653E+000
    186.28663   1.41297036E+000
    186.37323   1.41955586E+000
    186.45983   1.42612117E+000
    186.54643   1.43266437E+000
    186.63302   1.43918352E+000
    186.71962   1.44567662E+000
    186.80622   1.45214163E+000
    186.89282   1.45857650E+000
    186.97942   1.46497910E+000
    187.06602   1.47134731E+000
    187.15261   1.47767893E+000
    187.23921   1.48397177E+000
    187.32581   1.49022357E+000
    187.41241   1.49643208E+000
    187.49901   1.50259498E+000
    187.58561   1.50870997E+000
    187.67220   1.51477468E+000
    187.75880   1.52078675E+000
    187.84540   1.52674379E+000
    187.93200   1.53264339E+000
    188.01860   1.53848313E+000
    188.10520   1.54426055E+000
    188.19179   1.54997322E+000
    188.27839   1.55561867E+000
    188.36499   1.56119443E+000
    188.45159   1.56669802E+000
    188.53819   1.57212697E+000
    188.62478   1.57747880E+000
    188.71138   1.58275103E+000
    188.79798   1.58794118E+000
    188.88458   1.59304679E+000
    188.97118   1.59806540E+000
    189.05778   1.60299456E+000
    189.14437   1.60783183E+000
    189.23097   1.61257481E+000
    189.31757   1.61722108E+000
    189.40417   1.62176826E+000
    189.49077   1.62621401E+000
    189.57737   1.63055599E+000
    189.66396   1.63479190E+000
    189.75056   1.63891947E+000
    189.83716   1.64293645E+000
    189.92376   1.64684065E+000
    190.01036   1.65062991E+000
    190.09696   1.65430208E+000
    190.18355   1.65785511E+000
    190.27015   1.66128693E+000
    190.35675   1.66459558E+000
    190.44335   1.66777910E+000
    190.52995   1.67083561E+000
    190.61655   1.67376327E+000
    190.70314   1.67656030E+000
    190.78974   1.67922499E+000
    190.87634   1.68175567E+000
    190.96294   1.68415074E+000
    191.04954   1.68640867E+000
    191.13613   1.68852799E+000
    191.22273   1.69050730E+000
    191.30933   1.69234526E+000
    191.39593   1.69404062E+000
    191.48253   1.69559219E+000
    191.56913   1.69699885E+000
    191.65572   1.69825957E+000
    191.74232   1.69937340E+000
    191.82892   1.70033943E+000
    191.91552   1.70115688E+000
    192.00212   1.70182503E+000
    192.08872   1.70234323E+000
    192.17531   1.70271093E+000
    192.26191   1.70292767E+000
    192.34851   1.70299304E+000
    192.43511   1.70290677E+000
    192.52171   1.70266862E+000
    192.60831   1.70227848E+000
    192.69490   1.70173630E+000
    192.78150   1.70104214E+000
    192.86810   1.70019614E+000
    192.95470   1.69919852E+000
    193.04130   1.69804960E+000
    193.12790   1.69674979E+000
    193.21449   1.69529958E+000
    193.30109   1.69369956E+000
    193.38769   1.69195040E+000
    193.47429   1.69005287E+000
    193.56089   1.68800781E+000
    193.64748   1.68581617E+000
    193.73408   1.68347898E+000
    193.82068   1.68099734E+000
    193.90728   1.67837247E+000
    193.99388   1.67560566E+000
    194.08048   1.67269827E+000
    194.16707   1.66965176E+000
    194.25367   1.66646768E+000
    194.34027   1.66314766E+000
    194.42687   1.65969339E+000
    194.51347   1.65610667E+000
    194.60007   1.65238936E+000
    194.68666   1.64854341E+000
    194.77326   1.64457083E+000
    194.85986   1.64047373E+000
    194.94646   1.63625428E+000
    195.03306   1.63191471E+000
    195.11966   1.62745735E+000
    195.20625   1.62288457E+000
    195.29285   1.61819882E+000
    195.37945   1.61340263E+000
    195.46605   1.60849857E+000
    195.55265   1.60348929E+000
    195.63925   1.59837749E+000
    195.72584   1.59316593E+000
    195.81244   1.58785744E+000
    195.89904   1.58245489E+000
    195.98564   1.57696120E+000
    196.07224   1.57137935E+000
    196.15883   1.56571238E+000
    196.24543   1.55996335E+000
    196.33203   1.55413538E+000
    196.41863   1.54823164E+000
    196.50523   1.54225532E+000
    196.59183   1.53620967E+000
    196.67842   1.53009797E+000
    196.76502   1.52392351E+000
    196.85162   1.51768965E+000
    196.93822   1.51139976E+000
    197.02482   1.50505723E+000
    197.11142   1.49866549E+000
    197.19801   1.49222799E+000
    197.28461   1.48574820E+000
    197.37121   1.47922961E+000
    197.45781   1.47267572E+000
    197.54441   1.46609004E+000
    197.63101   1.45947612E+000
    197.71760   1.45283750E+000
    197.80420   1.44617771E+000
    197.89080   1.43950033E+000
    197.97740   1.43280891E+000
    198.06400   1.42610701E+000
    198.15060   1.41939820E+000
    198.23719   1.41268603E+000
    198.32379   1.40597407E+000
    198.41039   1.39926586E+000
    198.49699   1.39256495E+000
    198.58359   1.38587486E+000
    198.67019   1.37919913E+000
    198.75678   1.37254126E+000
    198.84338   1.36590475E+000
    198.92998   1.35929306E+000
    199.01658   1.35270966E+000
    199.10318   1.34615799E+000
    199.18977   1.33964145E+000
    199.27637   1.33316346E+000
    199.36297   1.32672736E+000
    199.44957   1.32033651E+000
    199.53617   1.31399421E+000
    199.62277   1.30770375E+000
    199.70936   1.30146838E+000
    199.79596   1.29529133E+000
    199.88256   1.28917578E+000
    199.96916   1.28312488E+000
    200.05576   1.27714176E+000
    200.14236   1.27122948E+000
    200.22895   1.26539110E+000
    200.31555   1.25962962E+000
    200.40215   1.25394800E+000
    200.48875   1.24834916E+000
    200.57535   1.24283598E+000
    200.66195   1.23741129E+000
    200.74854   1.23207791E+000
    200.83514   1.22683856E+000
    200.92174   1.22169595E+000
    201.00834   1.21665274E+000
    201.09494   1.21171155E+000
    201.18154   1.20687492E+000
    201.26813   1.20214539E+000
    201.35473   1.19752541E+000
    201.44133   1.19301740E+000
    201.52793   1.18862373E+000
    201.61453   1.18434672E+000
    201.70112   1.18018864E+000
    201.78772   1.17615170E+000
    201.87432   1.17223806E+000
    201.96092   1.16844985E+000
    202.04752   1.16478913E+000
    202.13412   1.16125790E+000
    202.22071   1.15785813E+000
    202.30731   1.15459173E+000
    202.39391   1.15146054E+000
    202.48051   1.14846638E+000
    202.56711   1.14561099E+000
    202.65371   1.14289606E+000
    202.74030   1.14032325E+000
    202.82690   1.13789415E+000
    202.91350   1.13561030E+000
    203.00010   1.13347318E+000
    203.08670   1.13148424E+000
    203.17330   1.12964484E+000
    203.25989   1.12795634E+000
    203.34649   1.12642000E+000
    203.43309   1.12503705E+000
    203.51969   1.12380866E+000
    203.60629   1.12273597E+000
    203.69289   1.12182005E+000
    203.77948   1.12106191E+000
    203.86608   1.12046253E+000
    203.95268   1.12002282E+000
    204.03928   1.11974367E+000
    204.12588   1.11962588E+000
    204.21247   1.11967022E+000
    204.29907   1.11987742E+000
    204.38567   1.12024815E+000
    204.47227   1.12078302E+000
    204.55887   1.12148262E+000
    204.64547   1.12234746E+000
    204.73206   1.12337802E+000
    204.81866   1.12457473E+000
    204.90526   1.12593797E+000
    204.99186   1.12746806E+000
    205.07846   1.12916531E+000
    205.16506   1.13102993E+000
    205.25165   1.13306214E+000
    205.33825   1.13526206E+000
    205.42485   1.13762981E+000
    205.51145   1.14016543E+000
    205.59805   1.14286894E+000
    205.68465   1.14574029E+000
    205.77124   1.14877940E+000
    205.85784   1.15198616E+000
    205.94444   1.15536038E+000
    206.03104   1.15890185E+000
    206.11764   1.16261032E+000
    206.20424   1.16648547E+000
    206.29083   1.17052697E+000
    206.37743   1.17473442E+000
    206.46403   1.17910738E+000
    206.55063   1.18364540E+000
    206.63723   1.18834793E+000
    206.72382   1.19321443E+000
    206.81042   1.19824429E+000
    206.89702   1.20343687E+000
    206.98362   1.20879147E+000
    207.07022   1.21430737E+000
    207.15682   1.21998379E+000
    207.24341   1.22581993E+000
    207.33001   1.23181493E+000
    207.41661   1.23796789E+000
    207.50321   1.24427787E+000
    207.58981   1.25074391E+000
    207.67641   1.25736497E+000
    207.76300   1.26414001E+000
    207.84960   1.27106791E+000
    207.93620   1.27814755E+000
    208.02280   1.28537774E+000
    208.10940   1.29275725E+000
    208.19600   1.30028483E+000
    208.28259   1.30795918E+000
    208.36919   1.31577895E+000
    208.45579   1.32374276E+000
    208.54239   1.33184918E+000
    208.62899   1.34009677E+000
    208.71559   1.34848401E+000
    208.80218   1.35700937E+000
    208.88878   1.36567126E+000
    208.97538   1.37446806E+000
    209.06198   1.38339812E+000
    209.14858   1.39245974E+000
    209.23517   1.40165117E+000
    209.32177   1.41097065E+000
    209.40837   1.42041636E+000
    209.49497   1.42998644E+000
    209.58157   1.43967900E+000
    209.66817   1.44949210E+000
    209.75476   1.45942379E+000
    209.84136   1.46947204E+000
    209.92796   1.47963483E+000
    210.01456   1.48991005E+000
    210.10116   1.50029559E+000
    210.18776   1.51078929E+000
    210.27435   1.52138896E+000
    210.36095   1.53209236E+000
    210.44755   1.54289722E+000
    210.53415   1.55380124E+000
    210.62075   1.56480206E+000
    210.70735   1.57589732E+000
    210.79394   1.58708461E+000
    210.88054   1.59836146E+000
    210.96714   1.60972539E+000
    211.05374   1.62117389E+000
    211.14034   1.63270440E+000
    211.22694   1.64431434E+000
    211.31353   1.65600107E+000
    211.40013   1.66776196E+000
    211.48673   1.67959430E+000
    211.57333   1.69149539E+000
    211.65993   1.70346246E+000
    211.74653   1.71549275E+000
    211.83312   1.72758342E+000
    211.91972   1.73973165E+000
    212.00632   1.75193456E+000
    212.09292   1.76418924E+000
    212.17952   1.77649277E+000
    212.26611   1.78884218E+000
    212.35271   1.80123450E+000
    212.43931   1.81366670E+000
    212.52591   1.82613576E+000
    212.61251   1.83863861E+000
    212.69911   1.85117216E+000
    212.78570   1.86373330E+000
    212.87230   1.87631890E+000
    212.95890   1.88892580E+000
    213.04550   1.90155082E+000
    213.13210   1.91419077E+000
    213.21870   1.92684244E+000
    213.30529   1.93950258E+000
    213.39189   1.95216794E+000
    213.47849   1.96483526E+000
    213.56509   1.97750125E+000
    213.65169   1.99016260E+000
    213.73829   2.00281601E+000
    213.82488   2.01545814E+000
    213.91148   2.02808567E+000
    213.99808   2.04069523E+000
    214.08468   2.05328347E+000
    214.17128   2.06584703E+000
    214.25788   2.07838252E+000
    214.34447   2.09088656E+000
    214.43107   2.10335578E+000
    214.51767   2.11578677E+000
    214.60427   2.12817615E+000
    214.69087   2.14052051E+000
    214.77746   2.15281646E+000
    214.86406   2.16506062E+000
    214.95066   2.17724957E+000
    215.03726   2.18937994E+000
    215.12386   2.20144833E+000
    215.21046   2.21345136E+000
    215.29705   2.22538567E+000
    215.38365   2.23724788E+000
    215.47025   2.24903464E+000
    215.55685   2.26074260E+000
    215.64345   2.27236844E+000
    215.73005   2.28390881E+000
    215.81664   2.29536044E+000
    215.90324   2.30672001E+000
    215.98984   2.31798426E+000
    216.07644   2.32914993E+000
    216.16304   2.34021379E+000
    216.24964   2.35117262E+000
    216.33623   2.36202324E+000
    216.42283   2.37276247E+000
    216.50943   2.38338716E+000
    216.59603   2.39389421E+000
    216.68263   2.40428052E+000
    216.76923   2.41454303E+000
    216.85582   2.42467872E+000
    216.94242   2.43468457E+000
    217.02902   2.44455762E+000
    217.11562   2.45429495E+000
    217.20222   2.46389364E+000
    217.28881   2.47335085E+000
    217.37541   2.48266373E+000
    217.46201   2.49182951E+000
    217.54861   2.50084545E+000
    217.63521   2.50970882E+000
    217.72181   2.51841698E+000
    217.80840   2.52696730E+000
    217.89500   2.53535721E+000
    217.98160   2.54358417E+000
    218.06820   2.55164570E+000
    218.15480   2.55953937E+000
    218.24140   2.56726279E+000
    218.32799   2.57481361E+000
    218.41459   2.58218956E+000
    218.50119   2.58938839E+000
    218.58779   2.59640793E+000
    218.67439   2.60324605E+000
    218.76099   2.60990066E+000
    218.84758   2.61636976E+000
    218.93418   2.62265137E+000
    219.02078   2.62874358E+000
    219.10738   2.63464456E+000
    219.19398   2.64035251E+000
    219.28058   2.64586570E+000
    219.36717   2.65118245E+000
    219.45377   2.65630116E+000
    219.54037   2.66122028E+000
    219.62697   2.66593831E+000
    219.71357   2.67045384E+000
    219.80016   2.67476550E+000
    219.88676   2.67887198E+000
    219.97336   2.68277207E+000
    220.05996   2.68646458E+000
    220.14656   2.68994840E+000
    220.23316   2.69322251E+000
    220.31975   2.69628592E+000
    220.40635   2.69913773E+000
    220.49295   2.70177708E+000
    220.57955   2.70420321E+000
    220.66615   2.70641541E+000
    220.75275   2.70841302E+000
    220.83934   2.71019549E+000
    220.92594   2.71176228E+000
    221.01254   2.71311298E+000
    221.09914   2.71424719E+000
    221.18574   2.71516461E+000
    221.27234   2.71586501E+000
    221.35893   2.71634820E+000
    221.44553   2.71661409E+000
    221.53213   2.71666263E+000
    221.61873   2.71649385E+000
    221.70533   2.71610785E+000
    221.79193   2.71550478E+000
    221.87852   2.71468488E+000
    221.96512   2.71364843E+000
    222.05172   2.71239579E+000
    222.13832   2.71092739E+000
    222.22492   2.70924371E+000
    222.31151   2.70734531E+000
    222.39811   2.70523280E+000
    222.48471   2.70290686E+000
    222.57131   2.70036824E+000
    222.65791   2.69761774E+000
    222.74451   2.69465622E+000
    222.83110   2.69148462E+000
    222.91770   2.68810392E+000
    223.00430   2.68451518E+000
    223.09090   2.68071949E+000
    223.17750   2.67671803E+000
    223.26410   2.67251202E+000
    223.35069   2.66810275E+000
    223.43729   2.66349154E+000
    223.52389   2.65867980E+000
    223.61049   2.65366898E+000
    223.69709   2.64846057E+000
    223.78369   2.64305612E+000
    223.87028   2.63745726E+000
    223.95688   2.63166563E+000
    224.04348   2.62568295E+000
    224.13008   2.61951097E+000
    224.21668   2.61315150E+000
    224.30328   2.60660640E+000
    224.38987   2.59987756E+000
    224.47647   2.59296693E+000
    224.56307   2.58587651E+000
    224.64967   2.57860832E+000
    224.73627   2.57116444E+000
    224.82287   2.56354699E+000
    224.90946   2.55575813E+000
    224.99606   2.54780005E+000
    225.08266   2.53967500E+000
    225.16926   2.53138522E+000
    225.25586   2.52293305E+000
    225.34245   2.51432081E+000
    225.42905   2.50555089E+000
    225.51565   2.49662569E+000
    225.60225   2.48754765E+000
    225.68885   2.47831923E+000
    225.77545   2.46894294E+000
    225.86204   2.45942130E+000
    225.94864   2.44975686E+000
    226.03524   2.43995220E+000
    226.12184   2.43000992E+000
    226.20844   2.41993264E+000
    226.29504   2.40972301E+000
    226.38163   2.39938370E+000
    226.46823   2.38891738E+000
    226.55483   2.37832678E+000
    226.64143   2.36761460E+000
    226.72803   2.35678358E+000
    226.81463   2.34583648E+000
    226.90122   2.33477606E+000
    226.98782   2.32360510E+000
    227.07442   2.31232639E+000
    227.16102   2.30094273E+000
    227.24762   2.28945693E+000
    227.33422   2.27787180E+000
    227.42081   2.26619017E+000
    227.50741   2.25441487E+000
    227.59401   2.24254873E+000
    227.68061   2.23059459E+000
    227.76721   2.21855528E+000
    227.85380   2.20643366E+000
    227.94040   2.19423256E+000
    228.02700   2.18195482E+000
    228.11360   2.16960328E+000
    228.20020   2.15718078E+000
    228.28680   2.14469016E+000
    228.37339   2.13213423E+000
    228.45999   2.11951583E+000
    228.54659   2.10683776E+000
    228.63319   2.09410284E+000
    228.71979   2.08131387E+000
    228.80639   2.06847363E+000
    228.89298   2.05558491E+000
    228.97958   2.04265047E+000
    229.06618   2.02967308E+000
    229.15278   2.01665547E+000
    229.23938   2.00360037E+000
    229.32598   1.99051051E+000
    229.41257   1.97738857E+000
    229.49917   1.96423725E+000
    229.58577   1.95105920E+000
    229.67237   1.93785709E+000
    229.75897   1.92463354E+000
    229.84557   1.91139116E+000
    229.93216   1.89813254E+000
    230.01876   1.88486026E+000
    230.10536   1.87157686E+000
    230.19196   1.85828487E+000
    230.27856   1.84498681E+000
    230.36515   1.83168515E+000
    230.45175   1.81838235E+000
    230.53835   1.80508086E+000
    230.62495   1.79178307E+000
    230.71155   1.77849138E+000
    230.79815   1.76520814E+000
    230.88474   1.75193570E+000
    230.97134   1.73867636E+000
    231.05794   1.72543240E+000
    231.14454   1.71220607E+000
    231.23114   1.69899959E+000
    231.31774   1.68581518E+000
    231.40433   1.67265499E+000
    231.49093   1.65952117E+000
    231.57753   1.64641583E+000
    231.66413   1.63334104E+000
    231.75073   1.62029887E+000
    231.83733   1.60729133E+000
    231.92392   1.59432041E+000
    232.01052   1.58138808E+000
    232.09712   1.56849626E+000
    232.18372   1.55564685E+000
    232.27032   1.54284173E+000
    232.35692   1.53008272E+000
    232.44351   1.51737164E+000
    232.53011   1.50471026E+000
    232.61671   1.49210032E+000
    232.70331   1.47954352E+000
    232.78991   1.46704156E+000
    232.87650   1.45459607E+000
    232.96310   1.44220867E+000
    233.04970   1.42988094E+000
    233.13630   1.41761444E+000
    233.22290   1.40541068E+000
    233.30950   1.39327114E+000
    233.39609   1.38119729E+000
    233.48269   1.36919054E+000
    233.56929   1.35725229E+000
    233.65589   1.34538389E+000
    233.74249   1.33358668E+000
    233.82909   1.32186194E+000
    233.91568   1.31021095E+000
    234.00228   1.29863493E+000
    234.08888   1.28713508E+000
    234.17548   1.27571258E+000
    234.26208   1.26436857E+000
    234.34868   1.25310415E+000
    234.43527   1.24192039E+000
    234.52187   1.23081836E+000
    234.60847   1.21979905E+000
    234.69507   1.20886347E+000
    234.78167   1.19801257E+000
    234.86827   1.18724727E+000
    234.95486   1.17656847E+000
    235.04146   1.16597704E+000
    235.12806   1.15547382E+000
    235.21466   1.14505961E+000
    235.30126   1.13473522E+000
    235.38785   1.12450137E+000
    235.47445   1.11435881E+000
    235.56105   1.10430823E+000
    235.64765   1.09435030E+000
    235.73425   1.08448566E+000
    235.82085   1.07471494E+000
    235.90744   1.06503872E+000
    235.99404   1.05545757E+000
    236.08064   1.04597203E+000
    236.16724   1.03658260E+000
    236.25384   1.02728978E+000
    236.34044   1.01809404E+000
    236.42703   1.00899580E+000
    236.51363   9.99995490E-001
    236.60023   9.91093492E-001
    236.68683   9.82290176E-001
    236.77343   9.73585884E-001
    236.86003   9.64980938E-001
    236.94662   9.56475636E-001
    237.03322   9.48070254E-001
    237.11982   9.39765046E-001
    237.20642   9.31560245E-001
    237.29302   9.23456063E-001
    237.37962   9.15452689E-001
    237.46621   9.07550296E-001
    237.55281   8.99749032E-001
    237.63941   8.92049028E-001
    237.72601   8.84450395E-001
    237.81261   8.76953226E-001
    237.89921   8.69557592E-001
    237.98580   8.62263550E-001
    238.07240   8.55071135E-001
    238.15900   8.47980368E-001
    238.24560   8.40991249E-001
    238.33220   8.34103764E-001
    238.41879   8.27317881E-001
    238.50539   8.20633551E-001
    238.59199   8.14050710E-001
    238.67859   8.07569279E-001
    238.76519   8.01189162E-001
    238.85179   7.94910249E-001
    238.93838   7.88732415E-001
    239.02498   7.82655521E-001
    239.11158   7.76679414E-001
    239.19818   7.70803926E-001
    239.28478   7.65028878E-001
    239.37138   7.59354075E-001
    239.45797   7.53779311E-001
    239.54457   7.48304369E-001
    239.63117   7.42929016E-001
    239.71777   7.37653009E-001
    239.80437   7.32476095E-001
    239.89097   7.27398008E-001
    239.97756   7.22418470E-001
    240.06416   7.17537194E-001
    240.15076   7.12753881E-001
    240.23736   7.08068225E-001
    240.32396   7.03479906E-001
    240.41056   6.98988596E-001
    240.49715   6.94593958E-001
    240.58375   6.90295646E-001
    240.67035   6.86093303E-001
    240.75695   6.81986566E-001
    240.84355   6.77975063E-001
    240.93014   6.74058411E-001
    241.01674   6.70236224E-001
    241.10334   6.66508103E-001
    241.18994   6.62873645E-001
    241.27654   6.59332438E-001
    241.36314   6.55884064E-001
    241.44973   6.52528098E-001
    241.53633   6.49264108E-001
    241.62293   6.46091654E-001
    241.70953   6.43010291E-001
    241.79613   6.40019570E-001
    241.88273   6.37119033E-001
    241.96932   6.34308216E-001
    242.05592   6.31586653E-001
    242.14252   6.28953869E-001
    242.22912   6.26409385E-001
    242.31572   6.23952717E-001
    242.40232   6.21583376E-001
    242.48891   6.19300869E-001
    242.57551   6.17104697E-001
    242.66211   6.14994358E-001
    242.74871   6.12969343E-001
    242.83531   6.11029143E-001
    242.92191   6.09173241E-001
    243.00850   6.07401117E-001
    243.09510   6.05712250E-001
    243.18170   6.04106111E-001
    243.26830   6.02582171E-001
    243.35490   6.01139895E-001
    243.44149   5.99778746E-001
    243.52809   5.98498183E-001
    243.61469   5.97297662E-001
    243.70129   5.96176637E-001
    243.78789   5.95134558E-001
    243.87449   5.94170872E-001
    243.96108   5.93285022E-001
    244.04768   5.92476452E-001
    244.13428   5.91744599E-001
    244.22088   5.91088901E-001
    244.30748   5.90508791E-001
    244.39408   5.90003701E-001
    244.48067   5.89573060E-001
    244.56727   5.89216294E-001
    244.65387   5.88932828E-001
    244.74047   5.88722085E-001
    244.82707   5.88583485E-001
    244.91367   5.88516446E-001
    245.00026   5.88520383E-001
    245.08686   5.88594711E-001
    245.17346   5.88738843E-001
    245.26006   5.88952188E-001
    245.34666   5.89234154E-001
    245.43326   5.89584149E-001
    245.51985   5.90001577E-001
    245.60645   5.90485840E-001
    245.69305   5.91036341E-001
    245.77965   5.91652478E-001
    245.86625   5.92333650E-001
    245.95284   5.93079252E-001
    246.03944   5.93888680E-001
    246.12604   5.94761326E-001
    246.21264   5.95696581E-001
    246.29924   5.96693836E-001
    246.38584   5.97752479E-001
    246.47243   5.98871896E-001
    246.55903   6.00051472E-001
    246.64563   6.01290593E-001
    246.73223   6.02588638E-001
    246.81883   6.03944991E-001
    246.90543   6.05359029E-001
    246.99202   6.06830131E-001
    247.07862   6.08357674E-001
    247.16522   6.09941031E-001
    247.25182   6.11579578E-001
    247.33842   6.13272686E-001
    247.42502   6.15019726E-001
    247.51161   6.16820068E-001
    247.59821   6.18673079E-001
    247.68481   6.20578127E-001
    247.77141   6.22534577E-001
    247.85801   6.24541793E-001
    247.94461   6.26599137E-001
    248.03120   6.28705971E-001
    248.11780   6.30861655E-001
    248.20440   6.33065548E-001
    248.29100   6.35317007E-001
    248.37760   6.37615388E-001
    248.46419   6.39960047E-001
    248.55079   6.42350336E-001
    248.63739   6.44785608E-001
    248.72399   6.47265214E-001
    248.81059   6.49788504E-001
    248.89719   6.52354826E-001
    248.98378   6.54963527E-001
    249.07038   6.57613955E-001
    249.15698   6.60305453E-001
    249.24358   6.63037365E-001
    249.33018   6.65809034E-001
    249.41678   6.68619802E-001
    249.50337   6.71469008E-001
    249.58997   6.74355992E-001
    249.67657   6.77280092E-001
    249.76317   6.80240645E-001
    249.84977   6.83236986E-001
    249.93637   6.86268451E-001
    250.02296   6.89334374E-001
    250.10956   6.92434087E-001
    250.19616   6.95566922E-001
    250.28276   6.98732211E-001
    250.36936   7.01929283E-001
    250.45596   7.05157467E-001
    250.54255   7.08416092E-001
    250.62915   7.11704486E-001
    250.71575   7.15021975E-001
    250.80235   7.18367884E-001
    250.88895   7.21741540E-001
    250.97554   7.25142267E-001
    251.06214   7.28569389E-001
    251.14874   7.32022228E-001
    251.23534   7.35500108E-001
    251.32194   7.39002352E-001
    251.40854   7.42528279E-001
    251.49513   7.46077213E-001
    251.58173   7.49648473E-001
    251.66833   7.53241381E-001
    251.75493   7.56855255E-001
    251.84153   7.60489417E-001
    251.92813   7.64143186E-001
    252.01472   7.67815882E-001
    252.10132   7.71506824E-001
    252.18792   7.75215331E-001
    252.27452   7.78940722E-001
    252.36112   7.82682318E-001
    252.44772   7.86439438E-001
    252.53431   7.90211402E-001
    252.62091   7.93997529E-001
    252.70751   7.97797140E-001
    252.79411   8.01609555E-001
    252.88071   8.05434097E-001
    252.96731   8.09270085E-001
    253.05390   8.13116843E-001
    253.14050   8.16973693E-001
    253.22710   8.20839959E-001
    253.31370   8.24714965E-001
    253.40030   8.28598035E-001
    253.48690   8.32488497E-001
    253.57349   8.36385676E-001
    253.66009   8.40288902E-001
    253.74669   8.44197502E-001
    253.83329   8.48110807E-001
    253.91989   8.52028150E-001
    254.00648   8.55948862E-001
    254.09308   8.59872279E-001
    254.17968   8.63797736E-001
    254.26628   8.67724571E-001
    254.35288   8.71652122E-001
    254.43948   8.75579732E-001
    254.52607   8.79506742E-001
    254.61267   8.83432498E-001
    254.69927   8.87356346E-001
    254.78587   8.91277636E-001
    254.87247   8.95195717E-001
    254.95907   8.99109944E-001
    255.04566   9.03019671E-001
    255.13226   9.06924258E-001
    255.21886   9.10823065E-001
    255.30546   9.14715454E-001
    255.39206   9.18600792E-001
    255.47866   9.22478448E-001
    255.56525   9.26347793E-001
    255.65185   9.30208202E-001
    255.73845   9.34059052E-001
    255.82505   9.37899724E-001
    255.91165   9.41729602E-001
    255.99825   9.45548074E-001
    256.08484   9.49354530E-001
    256.17144   9.53148365E-001
    256.25804   9.56928975E-001
    256.34464   9.60695764E-001
    256.43124   9.64448136E-001
    256.51783   9.68185501E-001
    256.60443   9.71907271E-001
    256.69103   9.75612864E-001
    256.77763   9.79301701E-001
    256.86423   9.82973207E-001
    256.95083   9.86626814E-001
    257.03742   9.90261955E-001
    257.12402   9.93878068E-001
    257.21062   9.97474597E-001
    257.29722   1.00105099E+000
    257.38382   1.00460670E+000
    257.47042   1.00814119E+000
    257.55701   1.01165391E+000
    257.64361   1.01514434E+000
    257.73021   1.01861194E+000
    257.81681   1.02205620E+000
    257.90341   1.02547660E+000
    257.99001   1.02887263E+000
    258.07660   1.03224378E+000
    258.16320   1.03558955E+000
    258.24980   1.03890944E+000
    258.33640   1.04220297E+000
    258.42300   1.04546966E+000
    258.50960   1.04870902E+000
    258.59619   1.05192058E+000
    258.68279   1.05510388E+000
    258.76939   1.05825846E+000
    258.85599   1.06138387E+000
    258.94259   1.06447965E+000
    259.02918   1.06754537E+000
    259.11578   1.07058059E+000
    259.20238   1.07358488E+000
    259.28898   1.07655783E+000
    259.37558   1.07949901E+000
    259.46218   1.08240802E+000
    259.54877   1.08528446E+000
    259.63537   1.08812793E+000
    259.72197   1.09093804E+000
    259.80857   1.09371441E+000
    259.89517   1.09645667E+000
    259.98177   1.09916445E+000
    260.06836   1.10183738E+000
    260.15496   1.10447513E+000
    260.24156   1.10707733E+000
    260.32816   1.10964365E+000
    260.41476   1.11217377E+000
    260.50136   1.11466734E+000
    260.58795   1.11712407E+000
    260.67455   1.11954363E+000
    260.76115   1.12192574E+000
    260.84775   1.12427008E+000
    260.93435   1.12657637E+000
    261.02095   1.12884435E+000
    261.10754   1.13107372E+000
    261.19414   1.13326424E+000
    261.28074   1.13541564E+000
    261.36734   1.13752767E+000
    261.45394   1.13960010E+000
    261.54053   1.14163269E+000
    261.62713   1.14362521E+000
    261.71373   1.14557745E+000
    261.80033   1.14748920E+000
    261.88693   1.14936025E+000
    261.97353   1.15119042E+000
    262.06012   1.15297951E+000
    262.14672   1.15472736E+000
    262.23332   1.15643378E+000
    262.31992   1.15809862E+000
    262.40652   1.15972172E+000
    262.49312   1.16130294E+000
    262.57971   1.16284214E+000
    262.66631   1.16433919E+000
    262.75291   1.16579397E+000
    262.83951   1.16720636E+000
    262.92611   1.16857626E+000
    263.01271   1.16990358E+000
    263.09930   1.17118821E+000
    263.18590   1.17243009E+000
    263.27250   1.17362913E+000
    263.35910   1.17478527E+000
    263.44570   1.17589846E+000
    263.53230   1.17696865E+000
    263.61889   1.17799578E+000
    263.70549   1.17897984E+000
    263.79209   1.17992079E+000
    263.87869   1.18081862E+000
    263.96529   1.18167331E+000
    264.05188   1.18248488E+000
    264.13848   1.18325331E+000
    264.22508   1.18397864E+000
    264.31168   1.18466087E+000
    264.39828   1.18530004E+000
    264.48488   1.18589619E+000
    264.57147   1.18644936E+000
    264.65807   1.18695960E+000
    264.74467   1.18742699E+000
    264.83127   1.18785158E+000
    264.91787   1.18823345E+000
    265.00447   1.18857268E+000
    265.09106   1.18886938E+000
    265.17766   1.18912363E+000
    265.26426   1.18933554E+000
    265.35086   1.18950523E+000
    265.43746   1.18963281E+000
    265.52406   1.18971843E+000
    265.61065   1.18976220E+000
    265.69725   1.18976428E+000
    265.78385   1.18972482E+000
    265.87045   1.18964397E+000
    265.95705   1.18952190E+000
    266.04365   1.18935878E+000
    266.13024   1.18915479E+000
    266.21684   1.18891011E+000
    266.30344   1.18862494E+000
    266.39004   1.18829947E+000
    266.47664   1.18793392E+000
    266.56324   1.18752849E+000
    266.64983   1.18708340E+000
    266.73643   1.18659888E+000
    266.82303   1.18607517E+000
    266.90963   1.18551249E+000
    266.99623   1.18491110E+000
    267.08282   1.18427125E+000
    267.16942   1.18359319E+000
    267.25602   1.18287718E+000
    267.34262   1.18212351E+000
    267.42922   1.18133244E+000
    267.51582   1.18050425E+000
    267.60241   1.17963923E+000
    267.68901   1.17873768E+000
    267.77561   1.17779990E+000
    267.86221   1.17682618E+000
    267.94881   1.17581684E+000
    268.03541   1.17477219E+000
    268.12200   1.17369256E+000
    268.20860   1.17257827E+000
    268.29520   1.17142965E+000
    268.38180   1.17024704E+000
    268.46840   1.16903078E+000
    268.55500   1.16778121E+000
    268.64159   1.16649869E+000
    268.72819   1.16518358E+000
    268.81479   1.16383623E+000
    268.90139   1.16245700E+000
    268.98799   1.16104628E+000
    269.07459   1.15960442E+000
    269.16118   1.15813182E+000
    269.24778   1.15662885E+000
    269.33438   1.15509591E+000
    269.42098   1.15353337E+000
    269.50758   1.15194164E+000
    269.59417   1.15032112E+000
    269.68077   1.14867220E+000
    269.76737   1.14699530E+000
    269.85397   1.14529082E+000
    269.94057   1.14355918E+000
    270.02717   1.14180080E+000
    270.11376   1.14001608E+000
    270.20036   1.13820547E+000
    270.28696   1.13636938E+000
    270.37356   1.13450824E+000
    270.46016   1.13262249E+000
    270.54676   1.13071257E+000
    270.63335   1.12877890E+000
    270.71995   1.12682193E+000
    270.80655   1.12484211E+000
    270.89315   1.12283987E+000
    270.97975   1.12081568E+000
    271.06635   1.11876997E+000
    271.15294   1.11670321E+000
    271.23954   1.11461584E+000
    271.32614   1.11250832E+000
    271.41274   1.11038112E+000
    271.49934   1.10823469E+000
    271.58594   1.10606950E+000
    271.67253   1.10388600E+000
    271.75913   1.10168467E+000
    271.84573   1.09946598E+000
    271.93233   1.09723038E+000
    272.01893   1.09497835E+000
    272.10552   1.09271037E+000
    272.19212   1.09042690E+000
    272.27872   1.08812841E+000
    272.36532   1.08581539E+000
    272.45192   1.08348830E+000
    272.53852   1.08114762E+000
    272.62511   1.07879383E+000
    272.71171   1.07642740E+000
    272.79831   1.07404882E+000
    272.88491   1.07165855E+000
    272.97151   1.06925707E+000
    273.05811   1.06684487E+000
    273.14470   1.06442242E+000
    273.23130   1.06199021E+000
    273.31790   1.05954870E+000
    273.40450   1.05709837E+000
    273.49110   1.05463972E+000
    273.57770   1.05217320E+000
    273.66429   1.04969930E+000
    273.75089   1.04721849E+000
    273.83749   1.04473126E+000
    273.92409   1.04223807E+000
    274.01069   1.03973941E+000
    274.09729   1.03723574E+000
    274.18388   1.03472753E+000
    274.27048   1.03221527E+000
    274.35708   1.02969942E+000
    274.44368   1.02718044E+000
    274.53028   1.02465882E+000
    274.61687   1.02213501E+000
    274.70347   1.01960948E+000
    274.79007   1.01708270E+000
    274.87667   1.01455514E+000
    274.96327   1.01202724E+000
    275.04987   1.00949947E+000
    275.13646   1.00697229E+000
    275.22306   1.00444616E+000
    275.30966   1.00192153E+000
    275.39626   9.99398852E-001
    275.48286   9.96878576E-001
    275.56946   9.94361153E-001
    275.65605   9.91847027E-001
    275.74265   9.89336644E-001
    275.82925   9.86830445E-001
    275.91585   9.84328870E-001
    276.00245   9.81832356E-001
    276.08905   9.79341338E-001
    276.17564   9.76856248E-001
    276.26224   9.74377516E-001
    276.34884   9.71905568E-001
    276.43544   9.69440830E-001
    276.52204   9.66983722E-001
    276.60864   9.64534664E-001
    276.69523   9.62094072E-001
    276.78183   9.59662357E-001
    276.86843   9.57239932E-001
    276.95503   9.54827201E-001
    277.04163   9.52424570E-001
    277.12822   9.50032439E-001
    277.21482   9.47651205E-001
    277.30142   9.45281264E-001
    277.38802   9.42923006E-001
    277.47462   9.40576818E-001
    277.56122   9.38243086E-001
    277.64781   9.35922189E-001
    277.73441   9.33614507E-001
    277.82101   9.31320411E-001
    277.90761   9.29040273E-001
    277.99421   9.26774460E-001
    278.08081   9.24523335E-001
    278.16740   9.22287256E-001
    278.25400   9.20066581E-001
    278.34060   9.17861659E-001
    278.42720   9.15672841E-001
    278.51380   9.13500470E-001
    278.60040   9.11344886E-001
    278.68699   9.09206426E-001
    278.77359   9.07085422E-001
    278.86019   9.04982204E-001
    278.94679   9.02897094E-001
    279.03339   9.00830415E-001
    279.11999   8.98782482E-001
    279.20658   8.96753607E-001
    279.29318   8.94744099E-001
    279.37978   8.92754262E-001
    279.46638   8.90784395E-001
    279.55298   8.88834794E-001
    279.63958   8.86905751E-001
    279.72617   8.84997551E-001
    279.81277   8.83110478E-001
    279.89937   8.81244811E-001
    279.98597   8.79400823E-001
    280.07257   8.77578784E-001
    280.15916   8.75778959E-001
    280.24576   8.74001610E-001
    280.33236   8.72246992E-001
    280.41896   8.70515358E-001
    280.50556   8.68806955E-001
    280.59216   8.67122026E-001
    280.67875   8.65460810E-001
    280.76535   8.63823541E-001
    280.85195   8.62210448E-001
    280.93855   8.60621757E-001
    281.02515   8.59057688E-001
    281.11175   8.57518456E-001
    281.19834   8.56004274E-001
    281.28494   8.54515347E-001
    281.37154   8.53051879E-001
    281.45814   8.51614066E-001
    281.54474   8.50202101E-001
    281.63134   8.48816174E-001
    281.71793   8.47456466E-001
    281.80453   8.46123159E-001
    281.89113   8.44816425E-001
    281.97773   8.43536435E-001
    282.06433   8.42283355E-001
    282.15093   8.41057344E-001
    282.23752   8.39858558E-001
    282.32412   8.38687149E-001
    282.41072   8.37543263E-001
    282.49732   8.36427042E-001
    282.58392   8.35338624E-001
    282.67051   8.34278142E-001
    282.75711   8.33245722E-001
    282.84371   8.32241489E-001
    282.93031   8.31265561E-001
    283.01691   8.30318053E-001
    283.10351   8.29399074E-001
    283.19010   8.28508728E-001
    283.27670   8.27647117E-001
    283.36330   8.26814336E-001
    283.44990   8.26010475E-001
    283.53650   8.25235621E-001
    283.62310   8.24489857E-001
    283.70969   8.23773259E-001
    283.79629   8.23085900E-001
    283.88289   8.22427849E-001
    283.96949   8.21799169E-001
    284.05609   8.21199918E-001
    284.14269   8.20630153E-001
    284.22928   8.20089922E-001
    284.31588   8.19579272E-001
    284.40248   8.19098243E-001
    284.48908   8.18646872E-001
    284.57568   8.18225192E-001
    284.66228   8.17833229E-001
    284.74887   8.17471008E-001
    284.83547   8.17138547E-001
    284.92207   8.16835861E-001
    285.00867   8.16562961E-001
    285.09527   8.16319851E-001
    285.18186   8.16106533E-001
    285.26846   8.15923005E-001
    285.35506   8.15769259E-001
    285.44166   8.15645284E-001
    285.52826   8.15551064E-001
    285.61486   8.15486579E-001
    285.70145   8.15451806E-001
    285.78805   8.15446716E-001
    285.87465   8.15471276E-001
    285.96125   8.15525450E-001
    286.04785   8.15609197E-001
    286.13445   8.15722472E-001
    286.22104   8.15865226E-001
    286.30764   8.16037407E-001
    286.39424   8.16238956E-001
    286.48084   8.16469814E-001
    286.56744   8.16729914E-001
    286.65404   8.17019189E-001
    286.74063   8.17337565E-001
    286.82723   8.17684965E-001
    286.91383   8.18061308E-001
    287.00043   8.18466511E-001
    287.08703   8.18900484E-001
    287.17363   8.19363135E-001
    287.26022   8.19854369E-001
    287.34682   8.20374085E-001
    287.43342   8.20922181E-001
    287.52002   8.21498549E-001
    287.60662   8.22103078E-001
    287.69321   8.22735655E-001
    287.77981   8.23396160E-001
    287.86641   8.24084472E-001
    287.95301   8.24800467E-001
    288.03961   8.25544016E-001
    288.12621   8.26314986E-001
    288.21280   8.27113242E-001
    288.29940   8.27938645E-001
    288.38600   8.28791052E-001
    288.47260   8.29670319E-001
    288.55920   8.30576296E-001
    288.64580   8.31508830E-001
    288.73239   8.32467766E-001
    288.81899   8.33452946E-001
    288.90559   8.34464207E-001
    288.99219   8.35501384E-001
    289.07879   8.36564309E-001
    289.16539   8.37652811E-001
    289.25198   8.38766715E-001
    289.33858   8.39905843E-001
    289.42518   8.41070016E-001
    289.51178   8.42259049E-001
    289.59838   8.43472757E-001
    289.68498   8.44710950E-001
    289.77157   8.45973437E-001
    289.85817   8.47260022E-001
    289.94477   8.48570508E-001
    290.03137   8.49904694E-001
    290.11797   8.51262377E-001
    290.20456   8.52643352E-001
    290.29116   8.54047410E-001
    290.37776   8.55474339E-001
    290.46436   8.56923927E-001
    290.55096   8.58395957E-001
    290.63756   8.59890211E-001
    290.72415   8.61406467E-001
    290.81075   8.62944502E-001
    290.89735   8.64504090E-001
    290.98395   8.66085003E-001
    291.07055   8.67687010E-001
    291.15715   8.69309878E-001
    291.24374   8.70953372E-001
    291.33034   8.72617255E-001
    291.41694   8.74301287E-001
    291.50354   8.76005227E-001
    291.59014   8.77728831E-001
    291.67674   8.79471853E-001
    291.76333   8.81234045E-001
    291.84993   8.83015158E-001
    291.93653   8.84814940E-001
    292.02313   8.86633137E-001
    292.10973   8.88469494E-001
    292.19633   8.90323753E-001
    292.28292   8.92195655E-001
    292.36952   8.94084940E-001
    292.45612   8.95991345E-001
    292.54272   8.97914605E-001
    292.62932   8.99854454E-001
    292.71592   9.01810626E-001
    292.80251   9.03782850E-001
    292.88911   9.05770857E-001
    292.97571   9.07774373E-001
    293.06231   9.09793126E-001
    293.14891   9.11826841E-001
    293.23550   9.13875240E-001
    293.32210   9.15938047E-001
    293.40870   9.18014982E-001
    293.49530   9.20105765E-001
    293.58190   9.22210114E-001
    293.66850   9.24327747E-001
    293.75509   9.26458379E-001
    293.84169   9.28601726E-001
    293.92829   9.30757502E-001
    294.01489   9.32925419E-001
    294.10149   9.35105189E-001
    294.18809   9.37296524E-001
    294.27468   9.39499132E-001
    294.36128   9.41712724E-001
    294.44788   9.43937007E-001
    294.53448   9.46171689E-001
    294.62108   9.48416476E-001
    294.70768   9.50671075E-001
    294.79427   9.52935190E-001
    294.88087   9.55208526E-001
    294.96747   9.57490786E-001
    295.05407   9.59781675E-001
    295.14067   9.62080894E-001
    295.22727   9.64388146E-001
    295.31386   9.66703133E-001
    295.40046   9.69025555E-001
    295.48706   9.71355114E-001
    295.57366   9.73691510E-001
    295.66026   9.76034444E-001
    295.74685   9.78383614E-001
    295.83345   9.80738721E-001
    295.92005   9.83099464E-001
    296.00665   9.85465541E-001
    296.09325   9.87836653E-001
    296.17985   9.90212497E-001
    296.26644   9.92592773E-001
    296.35304   9.94977179E-001
    296.43964   9.97365414E-001
    296.52624   9.99757176E-001
    296.61284   1.00215216E+000
    296.69944   1.00455008E+000
    296.78603   1.00695061E+000
    296.87263   1.00935347E+000
    296.95923   1.01175836E+000
    297.04583   1.01416496E+000
    297.13243   1.01657299E+000
    297.21903   1.01898213E+000
    297.30562   1.02139210E+000
    297.39222   1.02380260E+000
    297.47882   1.02621331E+000
    297.56542   1.02862395E+000
    297.65202   1.03103422E+000
    297.73862   1.03344382E+000
    297.82521   1.03585245E+000
    297.91181   1.03825982E+000
    297.99841   1.04066563E+000
    298.08501   1.04306958E+000
    298.17161   1.04547139E+000
    298.25820   1.04787075E+000
    298.34480   1.05026737E+000
    298.43140   1.05266097E+000
    298.51800   1.05505125E+000
    298.60460   1.05743791E+000
    298.69120   1.05982068E+000
    298.77779   1.06219925E+000
    298.86439   1.06457334E+000
    298.95099   1.06694267E+000
    299.03759   1.06930695E+000
    299.12419   1.07166589E+000
    299.21079   1.07401921E+000
    299.29738   1.07636663E+000
    299.38398   1.07870785E+000
    299.47058   1.08104261E+000
    299.55718   1.08337062E+000
    299.64378   1.08569160E+000
    299.73038   1.08800528E+000
    299.81697   1.09031138E+000
    299.90357   1.09260962E+000
    299.99017   1.09489974E+000
    300.07677   1.09718145E+000
    300.16337   1.09945448E+000
    300.24997   1.10171858E+000
    300.33656   1.10397346E+000
    300.42316   1.10621886E+000
    300.50976   1.10845452E+000
    300.59636   1.11068017E+000
    300.68296   1.11289555E+000
    300.76955   1.11510039E+000
    300.85615   1.11729445E+000
    300.94275   1.11947745E+000
    301.02935   1.12164915E+000
    301.11595   1.12380928E+000
    301.20255   1.12595760E+000
    301.28914   1.12809385E+000
    301.37574   1.13021779E+000
    301.46234   1.13232917E+000
    301.54894   1.13442773E+000
    301.63554   1.13651323E+000
    301.72214   1.13858544E+000
    301.80873   1.14064411E+000
    301.89533   1.14268900E+000
    301.98193   1.14471987E+000
    302.06853   1.14673649E+000
    302.15513   1.14873863E+000
    302.24173   1.15072604E+000
    302.32832   1.15269851E+000
    302.41492   1.15465580E+000
    302.50152   1.15659769E+000
    302.58812   1.15852396E+000
    302.67472   1.16043437E+000
    302.76132   1.16232872E+000
    302.84791   1.16420678E+000
    302.93451   1.16606834E+000
    303.02111   1.16791318E+000
    303.10771   1.16974109E+000
    303.19431   1.17155186E+000
    303.28090   1.17334529E+000
    303.36750   1.17512117E+000
    303.45410   1.17687929E+000
    303.54070   1.17861946E+000
    303.62730   1.18034147E+000
    303.71390   1.18204512E+000
    303.80049   1.18373024E+000
    303.88709   1.18539661E+000
    303.97369   1.18704405E+000
    304.06029   1.18867238E+000
    304.14689   1.19028140E+000
    304.23349   1.19187094E+000
    304.32008   1.19344081E+000
    304.40668   1.19499083E+000
    304.49328   1.19652083E+000
    304.57988   1.19803063E+000
    304.66648   1.19952007E+000
    304.75308   1.20098896E+000
    304.83967   1.20243716E+000
    304.92627   1.20386448E+000
    305.01287   1.20527077E+000
    305.09947   1.20665586E+000
    305.18607   1.20801961E+000
    305.27267   1.20936185E+000
    305.35926   1.21068244E+000
    305.44586   1.21198122E+000
    305.53246   1.21325804E+000
    305.61906   1.21451276E+000
    305.70566   1.21574523E+000
    305.79226   1.21695532E+000
    305.87885   1.21814289E+000
    305.96545   1.21930780E+000
    306.05205   1.22044992E+000
    306.13865   1.22156912E+000
    306.22525   1.22266526E+000
    306.31184   1.22373823E+000
    306.39844   1.22478791E+000
    306.48504   1.22581416E+000
    306.57164   1.22681688E+000
    306.65824   1.22779594E+000
    306.74484   1.22875124E+000
    306.83143   1.22968266E+000
    306.91803   1.23059009E+000
    307.00463   1.23147344E+000
    307.09123   1.23233259E+000
    307.17783   1.23316745E+000
    307.26443   1.23397792E+000
    307.35102   1.23476390E+000
    307.43762   1.23552530E+000
    307.52422   1.23626204E+000
    307.61082   1.23697401E+000
    307.69742   1.23766115E+000
    307.78402   1.23832336E+000
    307.87061   1.23896056E+000
    307.95721   1.23957268E+000
    308.04381   1.24015965E+000
    308.13041   1.24072138E+000
    308.21701   1.24125781E+000
    308.30361   1.24176888E+000
    308.39020   1.24225451E+000
    308.47680   1.24271465E+000
    308.56340   1.24314924E+000
    308.65000   1.24355821E+000
    308.73660   1.24394151E+000
    308.82319   1.24429910E+000
    308.90979   1.24463092E+000
    308.99639   1.24493692E+000
    309.08299   1.24521707E+000
    309.16959   1.24547131E+000
    309.25619   1.24569960E+000
    309.34278   1.24590192E+000
    309.42938   1.24607823E+000
    309.51598   1.24622848E+000
    309.60258   1.24635266E+000
    309.68918   1.24645074E+000
    309.77578   1.24652269E+000
    309.86237   1.24656848E+000
    309.94897   1.24658811E+000
    310.03557   1.24658154E+000
    310.12217   1.24654877E+000
    310.20877   1.24648979E+000
    310.29537   1.24640458E+000
    310.38196   1.24629313E+000
    310.46856   1.24615544E+000
    310.55516   1.24599151E+000
    310.64176   1.24580134E+000
    310.72836   1.24558492E+000
    310.81496   1.24534227E+000
    310.90155   1.24507338E+000
    310.98815   1.24477827E+000
    311.07475   1.24445694E+000
    311.16135   1.24410942E+000
    311.24795   1.24373571E+000
    311.33454   1.24333584E+000
    311.42114   1.24290982E+000
    311.50774   1.24245767E+000
    311.59434   1.24197943E+000
    311.68094   1.24147512E+000
    311.76754   1.24094476E+000
    311.85413   1.24038840E+000
    311.94073   1.23980606E+000
    312.02733   1.23919777E+000
    312.11393   1.23856358E+000
    312.20053   1.23790353E+000
    312.28713   1.23721766E+000
    312.37372   1.23650601E+000
    312.46032   1.23576863E+000
    312.54692   1.23500557E+000
    312.63352   1.23421687E+000
    312.72012   1.23340260E+000
    312.80672   1.23256281E+000
    312.89331   1.23169755E+000
    312.97991   1.23080689E+000
    313.06651   1.22989088E+000
    313.15311   1.22894958E+000
    313.23971   1.22798307E+000
    313.32631   1.22699141E+000
    313.41290   1.22597467E+000
    313.49950   1.22493292E+000
    313.58610   1.22386622E+000
    313.67270   1.22277467E+000
    313.75930   1.22165833E+000
    313.84589   1.22051728E+000
    313.93249   1.21935160E+000
    314.01909   1.21816138E+000
    314.10569   1.21694670E+000
    314.19229   1.21570764E+000
    314.27889   1.21444430E+000
    314.36548   1.21315676E+000
    314.45208   1.21184511E+000
    314.53868   1.21050944E+000
    314.62528   1.20914986E+000
    314.71188   1.20776646E+000
    314.79848   1.20635933E+000
    314.88507   1.20492857E+000
    314.97167   1.20347429E+000
    315.05827   1.20199660E+000
    315.14487   1.20049558E+000
    315.23147   1.19897136E+000
    315.31807   1.19742403E+000
    315.40466   1.19585371E+000
    315.49126   1.19426051E+000
    315.57786   1.19264454E+000
    315.66446   1.19100592E+000
    315.75106   1.18934475E+000
    315.83766   1.18766117E+000
    315.92425   1.18595527E+000
    316.01085   1.18422720E+000
    316.09745   1.18247706E+000
    316.18405   1.18070497E+000
    316.27065   1.17891107E+000
    316.35724   1.17709548E+000
    316.44384   1.17525832E+000
    316.53044   1.17339972E+000
    316.61704   1.17151982E+000
    316.70364   1.16961873E+000
    316.79024   1.16769660E+000
    316.87683   1.16575356E+000
    316.96343   1.16378973E+000
    317.05003   1.16180526E+000
    317.13663   1.15980029E+000
    317.22323   1.15777494E+000
    317.30983   1.15572936E+000
    317.39642   1.15366368E+000
    317.48302   1.15157806E+000
    317.56962   1.14947262E+000
    317.65622   1.14734752E+000
    317.74282   1.14520290E+000
    317.82942   1.14303890E+000
    317.91601   1.14085567E+000
    318.00261   1.13865335E+000
    318.08921   1.13643210E+000
    318.17581   1.13419206E+000
    318.26241   1.13193338E+000
    318.34901   1.12965621E+000
    318.43560   1.12736071E+000
    318.52220   1.12504702E+000
    318.60880   1.12271531E+000
    318.69540   1.12036572E+000
    318.78200   1.11799840E+000
    318.86860   1.11561352E+000
    318.95519   1.11321123E+000
    319.04179   1.11079169E+000
    319.12839   1.10835505E+000
    319.21499   1.10590147E+000
    319.30159   1.10343112E+000
    319.38818   1.10094414E+000
    319.47478   1.09844071E+000
    319.56138   1.09592099E+000
    319.64798   1.09338512E+000
    319.73458   1.09083329E+000
    319.82118   1.08826564E+000
    319.90777   1.08568235E+000
    319.99437   1.08308357E+000
    320.08097   1.08046947E+000
    320.16757   1.07784021E+000
    320.25417   1.07519597E+000
    320.34077   1.07253690E+000
    320.42736   1.06986317E+000
    320.51396   1.06717495E+000
    320.60056   1.06447240E+000
    320.68716   1.06175570E+000
    320.77376   1.05902500E+000
    320.86036   1.05628048E+000
    320.94695   1.05352230E+000
    321.03355   1.05075064E+000
    321.12015   1.04796565E+000
    321.20675   1.04516752E+000
    321.29335   1.04235640E+000
    321.37995   1.03953248E+000
    321.46654   1.03669591E+000
    321.55314   1.03384686E+000
    321.63974   1.03098552E+000
    321.72634   1.02811203E+000
    321.81294   1.02522659E+000
    321.89953   1.02232935E+000
    321.98613   1.01942049E+000
    322.07273   1.01650018E+000
    322.15933   1.01356858E+000
    322.24593   1.01062588E+000
    322.33253   1.00767223E+000
    322.41912   1.00470780E+000
    322.50572   1.00173278E+000
    322.59232   9.98747327E-001
    322.67892   9.95751612E-001
    322.76552   9.92745806E-001
    322.85212   9.89730080E-001
    322.93871   9.86704603E-001
    323.02531   9.83669546E-001
    323.11191   9.80625078E-001
    323.19851   9.77571369E-001
    323.28511   9.74508588E-001
    323.37171   9.71436904E-001
    323.45830   9.68356487E-001
    323.54490   9.65267506E-001
    323.63150   9.62170128E-001
    323.71810   9.59064523E-001
    323.80470   9.55950859E-001
    323.89130   9.52829303E-001
    323.97789   9.49700024E-001
    324.06449   9.46563188E-001
    324.15109   9.43418962E-001
    324.23769   9.40267514E-001
    324.32429   9.37109009E-001
    324.41088   9.33943613E-001
    324.49748   9.30771493E-001
    324.58408   9.27592812E-001
    324.67068   9.24407738E-001
    324.75728   9.21216432E-001
    324.84388   9.18019061E-001
    324.93047   9.14815786E-001
    325.01707   9.11606772E-001
    325.10367   9.08392181E-001
    325.19027   9.05172175E-001
    325.27687   9.01946916E-001
    325.36347   8.98716566E-001
    325.45006   8.95481284E-001
    325.53666   8.92241231E-001
    325.62326   8.88996568E-001
    325.70986   8.85747452E-001
    325.79646   8.82494043E-001
    325.88306   8.79236498E-001
    325.96965   8.75974975E-001
    326.05625   8.72709631E-001
    326.14285   8.69440622E-001
    326.22945   8.66168104E-001
    326.31605   8.62892232E-001
    326.40265   8.59613159E-001
    326.48924   8.56331041E-001
    326.57584   8.53046029E-001
    326.66244   8.49758277E-001
    326.74904   8.46467936E-001
    326.83564   8.43175157E-001
    326.92223   8.39880090E-001
    327.00883   8.36582886E-001
    327.09543   8.33283693E-001
    327.18203   8.29982660E-001
    327.26863   8.26679934E-001
    327.35523   8.23375661E-001
    327.44182   8.20069989E-001
    327.52842   8.16763062E-001
    327.61502   8.13455024E-001
    327.70162   8.10146020E-001
    327.78822   8.06836193E-001
    327.87482   8.03525684E-001
    327.96141   8.00214636E-001
    328.04801   7.96903188E-001
    328.13461   7.93591481E-001
    328.22121   7.90279653E-001
    328.30781   7.86967844E-001
    328.39441   7.83656189E-001
    328.48100   7.80344826E-001
    328.56760   7.77033890E-001
    328.65420   7.73723516E-001
    328.74080   7.70413839E-001
    328.82740   7.67104991E-001
    328.91400   7.63797104E-001
    329.00059   7.60490309E-001
    329.08719   7.57184738E-001
    329.17379   7.53880520E-001
    329.26039   7.50577784E-001
    329.34699   7.47276657E-001
    329.43358   7.43977266E-001
    329.52018   7.40679738E-001
    329.60678   7.37384197E-001
    329.69338   7.34090767E-001
    329.77998   7.30799573E-001
    329.86658   7.27510735E-001
    329.95317   7.24224376E-001
    330.03977   7.20940617E-001
    330.12637   7.17659576E-001
    330.21297   7.14381372E-001
    330.29957   7.11106124E-001
    330.38617   7.07833946E-001
    330.47276   7.04564957E-001
    330.55936   7.01299269E-001
    330.64596   6.98036998E-001
    330.73256   6.94778255E-001
    330.81916   6.91523154E-001
    330.90576   6.88271804E-001
    330.99235   6.85024316E-001
    331.07895   6.81780799E-001
    331.16555   6.78541361E-001
    331.25215   6.75306109E-001
    331.33875   6.72075149E-001
    331.42535   6.68848586E-001
    331.51194   6.65626525E-001
    331.59854   6.62409068E-001
    331.68514   6.59196317E-001
    331.77174   6.55988375E-001
    331.85834   6.52785340E-001
    331.94494   6.49587313E-001
    332.03153   6.46394391E-001
    332.11813   6.43206671E-001
    332.20473   6.40024251E-001
    332.29133   6.36847224E-001
    332.37793   6.33675686E-001
    332.46452   6.30509729E-001
    332.55112   6.27349447E-001
    332.63772   6.24194929E-001
    332.72432   6.21046266E-001
    332.81092   6.17903548E-001
    332.89752   6.14766863E-001
    332.98411   6.11636298E-001
    333.07071   6.08511940E-001
    333.15731   6.05393872E-001
    333.24391   6.02282181E-001
    333.33051   5.99176949E-001
    333.41711   5.96078259E-001
    333.50370   5.92986192E-001
    333.59030   5.89900827E-001
    333.67690   5.86822245E-001
    333.76350   5.83750524E-001
    333.85010   5.80685741E-001
    333.93670   5.77627972E-001
    334.02329   5.74577293E-001
    334.10989   5.71533779E-001
    334.19649   5.68497502E-001
    334.28309   5.65468535E-001
    334.36969   5.62446950E-001
    334.45629   5.59432816E-001
    334.54288   5.56426205E-001
    334.62948   5.53427183E-001
    334.71608   5.50435818E-001
    334.80268   5.47452178E-001
    334.88928   5.44476327E-001
    334.97587   5.41508331E-001
    335.06247   5.38548253E-001
    335.14907   5.35596156E-001
    335.23567   5.32652101E-001
    335.32227   5.29716149E-001
    335.40887   5.26788361E-001
    335.49546   5.23868795E-001
    335.58206   5.20957509E-001
    335.66866   5.18054559E-001
    335.75526   5.15160004E-001
    335.84186   5.12273896E-001
    335.92846   5.09396291E-001
    336.01505   5.06527242E-001
    336.10165   5.03666801E-001
    336.18825   5.00815019E-001
    336.27485   4.97971948E-001
    336.36145   4.95137636E-001
    336.44805   4.92312133E-001
    336.53464   4.89495486E-001
    336.62124   4.86687742E-001
    336.70784   4.83888947E-001
    336.79444   4.81099146E-001
    336.88104   4.78318383E-001
    336.96764   4.75546702E-001
    337.05423   4.72784145E-001
    337.14083   4.70030753E-001
    337.22743   4.67286567E-001
    337.31403   4.64551627E-001
    337.40063   4.61825972E-001
    337.48722   4.59109640E-001
    337.57382   4.56402668E-001
    337.66042   4.53705091E-001
    337.74702   4.51016947E-001
    337.83362   4.48338269E-001
    337.92022   4.45669091E-001
    338.00681   4.43009446E-001
    338.09341   4.40359366E-001
    338.18001   4.37718883E-001
    338.26661   4.35088026E-001
    338.35321   4.32466827E-001
    338.43981   4.29855312E-001
    338.52640   4.27253511E-001
    338.61300   4.24661450E-001
    338.69960   4.22079156E-001
    338.78620   4.19506655E-001
    338.87280   4.16943972E-001
    338.95940   4.14391129E-001
    339.04599   4.11848152E-001
    339.13259   4.09315061E-001
    339.21919   4.06791880E-001
    339.30579   4.04278628E-001
    339.39239   4.01775326E-001
    339.47899   3.99281994E-001
    339.56558   3.96798650E-001
    339.65218   3.94325312E-001
    339.73878   3.91861997E-001
    339.82538   3.89408722E-001
    339.91198   3.86965502E-001
    339.99857   3.84532353E-001
    340.08517   3.82109289E-001
    340.17177   3.79696323E-001
    340.25837   3.77293469E-001
    340.34497   3.74900738E-001
    340.43157   3.72518142E-001
    340.51816   3.70145692E-001
    340.60476   3.67783398E-001
    340.69136   3.65431269E-001
    340.77796   3.63089314E-001
    340.86456   3.60757542E-001
    340.95116   3.58435959E-001
    341.03775   3.56124573E-001
    341.12435   3.53823389E-001
    341.21095   3.51532413E-001
    341.29755   3.49251651E-001
    341.38415   3.46981105E-001
    341.47075   3.44720780E-001
    341.55734   3.42470679E-001
    341.64394   3.40230804E-001
    341.73054   3.38001157E-001
    341.81714   3.35781739E-001
    341.90374   3.33572550E-001
    341.99034   3.31373590E-001
    342.07693   3.29184859E-001
    342.16353   3.27006356E-001
    342.25013   3.24838078E-001
    342.33673   3.22680024E-001
    342.42333   3.20532190E-001
    342.50992   3.18394572E-001
    342.59652   3.16267168E-001
    342.68312   3.14149971E-001
    342.76972   3.12042978E-001
    342.85632   3.09946181E-001
    342.94292   3.07859576E-001
    343.02951   3.05783155E-001
    343.11611   3.03716911E-001
    343.20271   3.01660836E-001
    343.28931   2.99614922E-001
    343.37591   2.97579160E-001
    343.46251   2.95553540E-001
    343.54910   2.93538054E-001
    343.63570   2.91532690E-001
    343.72230   2.89537438E-001
    343.80890   2.87552287E-001
    343.89550   2.85577224E-001
    343.98210   2.83612238E-001
    344.06869   2.81657317E-001
    344.15529   2.79712446E-001
    344.24189   2.77777612E-001
    344.32849   2.75852802E-001
    344.41509   2.73938001E-001
    344.50169   2.72033194E-001
    344.58828   2.70138365E-001
    344.67488   2.68253500E-001
    344.76148   2.66378581E-001
    344.84808   2.64513593E-001
    344.93468   2.62658518E-001
    345.02128   2.60813340E-001
    345.10787   2.58978039E-001
    345.19447   2.57152599E-001
    345.28107   2.55337001E-001
    345.36767   2.53531225E-001
    345.45427   2.51735253E-001
    345.54086   2.49949064E-001
    345.62746   2.48172640E-001
    345.71406   2.46405959E-001
    345.80066   2.44649000E-001
    345.88726   2.42901743E-001
    345.97386   2.41164167E-001
    346.06045   2.39436249E-001
    346.14705   2.37717967E-001
    346.23365   2.36009300E-001
    346.32025   2.34310224E-001
    346.40685   2.32620716E-001
    346.49345   2.30940752E-001
    346.58004   2.29270311E-001
    346.66664   2.27609366E-001
    346.75324   2.25957894E-001
    346.83984   2.24315871E-001
    346.92644   2.22683271E-001
    347.01304   2.21060070E-001
    347.09963   2.19446242E-001
    347.18623   2.17841761E-001
    347.27283   2.16246602E-001
    347.35943   2.14660737E-001
    347.44603   2.13084142E-001
    347.53263   2.11516788E-001
    347.61922   2.09958650E-001
    347.70582   2.08409699E-001
    347.79242   2.06869908E-001
    347.87902   2.05339250E-001
    347.96562   2.03817697E-001
    348.05221   2.02305220E-001
    348.13881   2.00801791E-001
    348.22541   1.99307382E-001
    348.31201   1.97821963E-001
    348.39861   1.96345506E-001
    348.48521   1.94877982E-001
    348.57180   1.93419360E-001
    348.65840   1.91969612E-001
    348.74500   1.90528708E-001
    348.83160   1.89096617E-001
    348.91820   1.87673309E-001
    349.00480   1.86258754E-001
    349.09139   1.84852922E-001
    349.17799   1.83455781E-001
    349.26459   1.82067302E-001
    349.35119   1.80687452E-001
    349.43779   1.79316200E-001
    349.52439   1.77953516E-001
    349.61098   1.76599368E-001
    349.69758   1.75253723E-001
    349.78418   1.73916551E-001
    349.87078   1.72587819E-001
    349.95738   1.71267496E-001
    350.04398   1.69955548E-001
    350.13057   1.68651944E-001
    350.21717   1.67356652E-001
    350.30377   1.66069638E-001
    350.39037   1.64790870E-001
    350.47697   1.63520315E-001
    350.56356   1.62257940E-001
    350.65016   1.61003713E-001
    350.73676   1.59757599E-001
    350.82336   1.58519567E-001
    350.90996   1.57289582E-001
    350.99656   1.56067611E-001
    351.08315   1.54853621E-001
    351.16975   1.53647577E-001
    351.25635   1.52449448E-001
    351.34295   1.51259197E-001
    351.42955   1.50076793E-001
    351.51615   1.48902200E-001
    351.60274   1.47735386E-001
    351.68934   1.46576315E-001
    351.77594   1.45424955E-001
    351.86254   1.44281270E-001
    351.94914   1.43145226E-001
    352.03574   1.42016790E-001
    352.12233   1.40895927E-001
    352.20893   1.39782602E-001
    352.29553   1.38676782E-001
    352.38213   1.37578431E-001
    352.46873   1.36487516E-001
    352.55533   1.35404002E-001
    352.64192   1.34327854E-001
    352.72852   1.33259038E-001
    352.81512   1.32197518E-001
    352.90172   1.31143262E-001
    352.98832   1.30096233E-001
    353.07491   1.29056398E-001
    353.16151   1.28023721E-001
    353.24811   1.26998168E-001
    353.33471   1.25979704E-001
    353.42131   1.24968295E-001
    353.50791   1.23963906E-001
    353.59450   1.22966502E-001
    353.68110   1.21976048E-001
    353.76770   1.20992511E-001
    353.85430   1.20015854E-001
    353.94090   1.19046043E-001
    354.02750   1.18083045E-001
    354.11409   1.17126823E-001
    354.20069   1.16177344E-001
    354.28729   1.15234573E-001
    354.37389   1.14298474E-001
    354.46049   1.13369015E-001
    354.54709   1.12446159E-001
    354.63368   1.11529873E-001
    354.72028   1.10620122E-001
    354.80688   1.09716871E-001
    354.89348   1.08820086E-001
    354.98008   1.07929733E-001
    355.06668   1.07045778E-001
    355.15327   1.06168185E-001
    355.23987   1.05296921E-001
    355.32647   1.04431951E-001
    355.41307   1.03573241E-001
    355.49967   1.02720758E-001
    355.58626   1.01874466E-001
    355.67286   1.01034332E-001
    355.75946   1.00200322E-001
    355.84606   9.93724024E-002
    355.93266   9.85505382E-002
    356.01926   9.77346962E-002
    356.10585   9.69248426E-002
    356.19245   9.61209435E-002
    356.27905   9.53229654E-002
    356.36565   9.45308746E-002
    356.45225   9.37446377E-002
    356.53885   9.29642211E-002
    356.62544   9.21895914E-002
    356.71204   9.14207154E-002
    356.79864   9.06575597E-002
    356.88524   8.99000912E-002
    356.97184   8.91482768E-002
    357.05844   8.84020834E-002
    357.14503   8.76614781E-002
    357.23163   8.69264280E-002
    357.31823   8.61969003E-002
    357.40483   8.54728623E-002
    357.49143   8.47542813E-002
    357.57803   8.40411249E-002
    357.66462   8.33333606E-002
    357.75122   8.26309559E-002
    357.83782   8.19338786E-002
    357.92442   8.12420964E-002
    358.01102   8.05555774E-002
    358.09762   7.98742894E-002
    358.18421   7.91982006E-002
    358.27081   7.85272790E-002
    358.35741   7.78614930E-002
    358.44401   7.72008110E-002
    358.53061   7.65452013E-002
    358.61720   7.58946326E-002
    358.70380   7.52490735E-002
    358.79040   7.46084926E-002
    358.87700   7.39728590E-002
    358.96360   7.33421416E-002
    359.05020   7.27163093E-002
    359.13679   7.20953314E-002
    359.22339   7.14791771E-002
    359.30999   7.08678158E-002
    359.39659   7.02612170E-002
    359.48319   6.96593502E-002
    359.56979   6.90621852E-002
    359.65638   6.84696917E-002
    359.74298   6.78818397E-002
    359.82958   6.72985991E-002
    359.91618   6.67199402E-002
    360.00278   6.61458330E-002
    360.08938   6.55762481E-002
    360.17597   6.50111557E-002
    360.26257   6.44505266E-002
    360.34917   6.38943315E-002
    360.43577   6.33425410E-002
    360.52237   6.27951262E-002
    360.60897   6.22520580E-002
    360.69556   6.17133077E-002
    360.78216   6.11788465E-002
    360.86876   6.06486457E-002
    360.95536   6.01226769E-002
    361.04196   5.96009117E-002
    361.12855   5.90833219E-002
    361.21515   5.85698793E-002
    361.30175   5.80605558E-002
    361.38835   5.75553237E-002
    361.47495   5.70541550E-002
    361.56155   5.65570222E-002
    361.64814   5.60638977E-002
    361.73474   5.55747540E-002
    361.82134   5.50895640E-002
    361.90794   5.46083003E-002
    361.99454   5.41309360E-002
    362.08114   5.36574442E-002
    362.16773   5.31877980E-002
    362.25433   5.27219707E-002
    362.34093   5.22599358E-002
    362.42753   5.18016669E-002
    362.51413   5.13471376E-002
    362.60073   5.08963218E-002
    362.68732   5.04491934E-002
    362.77392   5.00057264E-002
    362.86052   4.95658951E-002
    362.94712   4.91296738E-002
    363.03372   4.86970369E-002
    363.12032   4.82679589E-002
    363.20691   4.78424146E-002
    363.29351   4.74203787E-002
    363.38011   4.70018263E-002
    363.46671   4.65867323E-002
    363.55331   4.61750720E-002
    363.63990   4.57668207E-002
    363.72650   4.53619538E-002
    363.81310   4.49604469E-002
    363.89970   4.45622757E-002
    363.98630   4.41674160E-002
    364.07290   4.37758438E-002
    364.15949   4.33875351E-002
    364.24609   4.30024661E-002
    364.33269   4.26206132E-002
    364.41929   4.22419528E-002
    364.50589   4.18664616E-002
    364.59249   4.14941161E-002
    364.67908   4.11248932E-002
    364.76568   4.07587699E-002
    364.85228   4.03957233E-002
    364.93888   4.00357305E-002
    365.02548   3.96787690E-002
    365.11208   3.93248161E-002
    365.19867   3.89738494E-002
    365.28527   3.86258467E-002
    365.37187   3.82807857E-002
    365.45847   3.79386445E-002
    365.54507   3.75994012E-002
    365.63167   3.72630338E-002
    365.71826   3.69295208E-002
    365.80486   3.65988406E-002
    365.89146   3.62709718E-002
    365.97806   3.59458931E-002
    366.06466   3.56235833E-002
    366.15125   3.53040214E-002
    366.23785   3.49871864E-002
    366.32445   3.46730576E-002
    366.41105   3.43616142E-002
    366.49765   3.40528357E-002
    366.58425   3.37467017E-002
    366.67084   3.34431918E-002
    366.75744   3.31422859E-002
    366.84404   3.28439639E-002
    366.93064   3.25482058E-002
    367.01724   3.22549919E-002
    367.10384   3.19643023E-002
    367.19043   3.16761175E-002
    367.27703   3.13904181E-002
    367.36363   3.11071847E-002
    367.45023   3.08263980E-002
    367.53683   3.05480390E-002
    367.62343   3.02720887E-002
    367.71002   2.99985282E-002
    367.79662   2.97273387E-002
    367.88322   2.94585016E-002
    367.96982   2.91919984E-002
    368.05642   2.89278107E-002
    368.14302   2.86659202E-002
    368.22961   2.84063087E-002
    368.31621   2.81489582E-002
    368.40281   2.78938508E-002
    368.48941   2.76409685E-002
    368.57601   2.73902938E-002
    368.66260   2.71418091E-002
    368.74920   2.68954968E-002
    368.83580   2.66513395E-002
    368.92240   2.64093201E-002
    369.00900   2.61694215E-002
    369.09560   2.59316265E-002
    369.18219   2.56959182E-002
    369.26879   2.54622800E-002
    369.35539   2.52306950E-002
    369.44199   2.50011467E-002
    369.52859   2.47736187E-002
    369.61519   2.45480946E-002
    369.70178   2.43245581E-002
    369.78838   2.41029931E-002
    369.87498   2.38833835E-002
    369.96158   2.36657136E-002
    370.04818   2.34499673E-002
    370.13478   2.32361292E-002
    370.22137   2.30241834E-002
    370.30797   2.28141147E-002
    370.39457   2.26059075E-002
    370.48117   2.23995466E-002
    370.56777   2.21950169E-002
    370.65437   2.19923032E-002
    370.74096   2.17913906E-002
    370.82756   2.15922642E-002
    370.91416   2.13949094E-002
    371.00076   2.11993114E-002
    371.08736   2.10054557E-002
    371.17396   2.08133278E-002
    371.26055   2.06229135E-002
    371.34715   2.04341984E-002
    371.43375   2.02471685E-002
    371.52035   2.00618097E-002
    371.60695   1.98781080E-002
    371.69354   1.96960496E-002
    371.78014   1.95156208E-002
    371.86674   1.93368079E-002
    371.95334   1.91595973E-002
    372.03994   1.89839758E-002
    372.12654   1.88099298E-002
    372.21313   1.86374461E-002
    372.29973   1.84665116E-002
    372.38633   1.82971133E-002
    372.47293   1.81292381E-002
    372.55953   1.79628731E-002
    372.64613   1.77980057E-002
    372.73272   1.76346231E-002
    372.81932   1.74727127E-002
    372.90592   1.73122621E-002
    372.99252   1.71532588E-002
    373.07912   1.69956905E-002
    373.16572   1.68395450E-002
    373.25231   1.66848102E-002
    373.33891   1.65314741E-002
    373.42551   1.63795246E-002
    373.51211   1.62289499E-002
    373.59871   1.60797383E-002
    373.68531   1.59318781E-002
    373.77190   1.57853577E-002
    373.85850   1.56401655E-002
    373.94510   1.54962902E-002
    374.03170   1.53537205E-002
    374.11830   1.52124450E-002
    374.20489   1.50724526E-002
    374.29149   1.49337323E-002
    374.37809   1.47962730E-002
    374.46469   1.46600639E-002
    374.55129   1.45250941E-002
    374.63789   1.43913530E-002
    374.72448   1.42588297E-002
    374.81108   1.41275138E-002
    374.89768   1.39973948E-002
    374.98428   1.38684622E-002
    375.07088   1.37407057E-002
    375.15748   1.36141152E-002
    375.24407   1.34886803E-002
    375.33067   1.33643910E-002
    375.41727   1.32412374E-002
    375.50387   1.31192094E-002
    375.59047   1.29982973E-002
    375.67707   1.28784912E-002
    375.76366   1.27597814E-002
    375.85026   1.26421584E-002
    375.93686   1.25256125E-002
    376.02346   1.24101343E-002
    376.11006   1.22957144E-002
    376.19666   1.21823436E-002
    376.28325   1.20700124E-002
    376.36985   1.19587118E-002
    376.45645   1.18484327E-002
    376.54305   1.17391660E-002
    376.62965   1.16309027E-002
    376.71624   1.15236341E-002
    376.80284   1.14173512E-002
    376.88944   1.13120454E-002
    376.97604   1.12077080E-002
    377.06264   1.11043303E-002
    377.14924   1.10019038E-002
    377.23583   1.09004202E-002
    377.32243   1.07998709E-002
    377.40903   1.07002477E-002
    377.49563   1.06015423E-002
    377.58223   1.05037465E-002
    377.66883   1.04068522E-002
    377.75542   1.03108513E-002
    377.84202   1.02157359E-002
    377.92862   1.01214980E-002
    378.01522   1.00281297E-002
    378.10182   9.93562337E-003
    378.18842   9.84397115E-003
    378.27501   9.75316539E-003
    378.36161   9.66319851E-003
    378.44821   9.57406296E-003
    378.53481   9.48575127E-003
    378.62141   9.39825601E-003
    378.70801   9.31156984E-003
    378.79460   9.22568547E-003
    378.88120   9.14059565E-003
    378.96780   9.05629323E-003
    379.05440   8.97277109E-003
    379.14100   8.89002218E-003
    379.22759   8.80803951E-003
    379.31419   8.72681614E-003
    379.40079   8.64634520E-003
    379.48739   8.56661988E-003
    379.57399   8.48763340E-003
    379.66059   8.40937908E-003
    379.74718   8.33185026E-003
    379.83378   8.25504036E-003
    379.92038   8.17894284E-003
    380.00698   8.10355122E-003
    380.09358   8.02885908E-003
    380.18018   7.95486005E-003
    380.26677   7.88154782E-003
    380.35337   7.80891613E-003
    380.43997   7.73695877E-003
    380.52657   7.66566958E-003
    380.61317   7.59504247E-003
    380.69977   7.52507139E-003
    380.78636   7.45575033E-003
    380.87296   7.38707336E-003
    380.95956   7.31903459E-003
    381.04616   7.25162816E-003
    381.13276   7.18484828E-003
    381.21936   7.11868922E-003
    381.30595   7.05314527E-003
    381.39255   6.98821080E-003
    381.47915   6.92388022E-003
    381.56575   6.86014796E-003
    381.65235   6.79700854E-003
    381.73894   6.73445651E-003
    381.82554   6.67248645E-003
    381.91214   6.61109303E-003
    381.99874   6.55027092E-003
    382.08534   6.49001486E-003
    382.17194   6.43031964E-003
    382.25853   6.37118009E-003
    382.34513   6.31259108E-003
    382.43173   6.25454753E-003
    382.51833   6.19704441E-003
    382.60493   6.14007671E-003
    382.69153   6.08363950E-003
    382.77812   6.02772787E-003
    382.86472   5.97233695E-003
    382.95132   5.91746194E-003
    383.03792   5.86309805E-003
    383.12452   5.80924055E-003
    383.21112   5.75588475E-003
    383.29771   5.70302600E-003
    383.38431   5.65065969E-003
    383.47091   5.59878125E-003
    383.55751   5.54738616E-003
    383.64411   5.49646993E-003
    383.73071   5.44602811E-003
    383.81730   5.39605629E-003
    383.90390   5.34655011E-003
    383.99050   5.29750524E-003
    384.07710   5.24891739E-003
    384.16370   5.20078229E-003
    384.25030   5.15309576E-003
    384.33689   5.10585359E-003
    384.42349   5.05905166E-003
    384.51009   5.01268587E-003
    384.59669   4.96675215E-003
    384.68329   4.92124647E-003
    384.76988   4.87616484E-003
    384.85648   4.83150330E-003
    384.94308   4.78725794E-003
    385.02968   4.74342487E-003
    385.11628   4.70000024E-003
    385.20288   4.65698024E-003
    385.28947   4.61436108E-003
    385.37607   4.57213901E-003
    385.46267   4.53031034E-003
    385.54927   4.48887137E-003
    385.63587   4.44781846E-003
    385.72247   4.40714801E-003
    385.80906   4.36685642E-003
    385.89566   4.32694016E-003
    385.98226   4.28739572E-003
    386.06886   4.24821959E-003
    386.15546   4.20940835E-003
    386.24206   4.17095856E-003
    386.32865   4.13286685E-003
    386.41525   4.09512985E-003
    386.50185   4.05774423E-003
    386.58845   4.02070671E-003
    386.67505   3.98401401E-003
    386.76165   3.94766290E-003
    386.84824   3.91165018E-003
    386.93484   3.87597267E-003
    387.02144   3.84062721E-003
    387.10804   3.80561070E-003
    387.19464   3.77092004E-003
    387.28123   3.73655217E-003
    387.36783   3.70250405E-003
    387.45443   3.66877269E-003
    387.54103   3.63535511E-003
    387.62763   3.60224834E-003
    387.71423   3.56944949E-003
    387.80082   3.53695563E-003
    387.88742   3.50476392E-003
    387.97402   3.47287150E-003
    388.06062   3.44127555E-003
    388.14722   3.40997330E-003
    388.23382   3.37896197E-003
    388.32041   3.34823883E-003
    388.40701   3.31780116E-003
    388.49361   3.28764627E-003
    388.58021   3.25777151E-003
    388.66681   3.22817423E-003
    388.75341   3.19885182E-003
    388.84000   3.16980169E-003
    388.92660   3.14102128E-003
    389.01320   3.11250804E-003
    389.09980   3.08425945E-003
    389.18640   3.05627303E-003
    389.27300   3.02854630E-003
    389.35959   3.00107681E-003
    389.44619   2.97386214E-003
    389.53279   2.94689988E-003
    389.61939   2.92018766E-003
    389.70599   2.89372312E-003
    389.79258   2.86750393E-003
    389.87918   2.84152776E-003
    389.96578   2.81579233E-003
    390.05238   2.79029536E-003
    390.13898   2.76503462E-003
    390.22558   2.74000786E-003
    390.31217   2.71521288E-003
    390.39877   2.69064750E-003
    390.48537   2.66630955E-003
