       213.75481   0.00000000E+000
       213.75481   1.20000000E-003
       213.75481   0.00000000E+000
       160.15940   0.00000000E+000
       160.15940   5.12000000E-002
       160.15940   0.00000000E+000
       146.18365   0.00000000E+000
       146.18365   3.60000000E-002
       146.18365   0.00000000E+000
       142.05827   0.00000000E+000
       142.05827   2.50000000E-003
       142.05827   0.00000000E+000
       137.49897   0.00000000E+000
       137.49897   1.06600000E-001
       137.49897   0.00000000E+000
       133.65695   0.00000000E+000
       133.65695   5.00000000E-004
       133.65695   0.00000000E+000
       126.40614   0.00000000E+000
       126.40614   4.00000000E-004
       126.40614   0.00000000E+000
       126.38424   0.00000000E+000
       126.38424   3.90000000E-003
       126.38424   0.00000000E+000
       123.42386   0.00000000E+000
       123.42386   1.80000000E-003
       123.42386   0.00000000E+000
       122.68132   0.00000000E+000
       122.68132   6.80000000E-003
       122.68132   0.00000000E+000
       122.51887   0.00000000E+000
       122.51887   1.91300000E-001
       122.51887   0.00000000E+000
       113.81589   0.00000000E+000
       113.81589   3.30000000E-003
       113.81589   0.00000000E+000
       112.99643   0.00000000E+000
       112.99643   1.29300000E-001
       112.99643   0.00000000E+000
       111.63512   0.00000000E+000
       111.63512   4.20000000E-003
       111.63512   0.00000000E+000
       108.52769   0.00000000E+000
       108.52769   7.50000000E-003
       108.52769   0.00000000E+000
 
