   4000.00000   1.37873639E-005
   3998.66622   1.39035418E-005
   3997.33244   1.40204293E-005
   3995.99867   1.41380316E-005
   3994.66489   1.42563538E-005
   3993.33111   1.43754013E-005
   3991.99733   1.44951793E-005
   3990.66355   1.46156931E-005
   3989.32978   1.47369482E-005
   3987.99600   1.48589499E-005
   3986.66222   1.49817037E-005
   3985.32844   1.51052151E-005
   3983.99466   1.52294898E-005
   3982.66089   1.53545334E-005
   3981.32711   1.54803515E-005
   3979.99333   1.56069498E-005
   3978.65955   1.57343341E-005
   3977.32578   1.58625104E-005
   3975.99200   1.59914843E-005
   3974.65822   1.61212620E-005
   3973.32444   1.62518493E-005
   3971.99066   1.63832523E-005
   3970.65689   1.65154771E-005
   3969.32311   1.66485300E-005
   3967.98933   1.67824169E-005
   3966.65555   1.69171443E-005
   3965.32177   1.70527185E-005
   3963.98800   1.71891459E-005
   3962.65422   1.73264328E-005
   3961.32044   1.74645858E-005
   3959.98666   1.76036115E-005
   3958.65288   1.77435164E-005
   3957.31911   1.78843073E-005
   3955.98533   1.80259909E-005
   3954.65155   1.81685740E-005
   3953.31777   1.83120635E-005
   3951.98399   1.84564663E-005
   3950.65022   1.86017893E-005
   3949.31644   1.87480398E-005
   3947.98266   1.88952247E-005
   3946.64888   1.90433513E-005
   3945.31511   1.91924269E-005
   3943.98133   1.93424588E-005
   3942.64755   1.94934544E-005
   3941.31377   1.96454211E-005
   3939.97999   1.97983666E-005
   3938.64622   1.99522983E-005
   3937.31244   2.01072241E-005
   3935.97866   2.02631516E-005
   3934.64488   2.04200887E-005
   3933.31110   2.05780433E-005
   3931.97733   2.07370234E-005
   3930.64355   2.08970371E-005
   3929.30977   2.10580924E-005
   3927.97599   2.12201977E-005
   3926.64221   2.13833611E-005
   3925.30844   2.15475911E-005
   3923.97466   2.17128962E-005
   3922.64088   2.18792848E-005
   3921.30710   2.20467655E-005
   3919.97332   2.22153472E-005
   3918.63955   2.23850385E-005
   3917.30577   2.25558484E-005
   3915.97199   2.27277858E-005
   3914.63821   2.29008598E-005
   3913.30443   2.30750795E-005
   3911.97066   2.32504541E-005
   3910.63688   2.34269929E-005
   3909.30310   2.36047055E-005
   3907.96932   2.37836011E-005
   3906.63555   2.39636896E-005
   3905.30177   2.41449805E-005
   3903.96799   2.43274837E-005
   3902.63421   2.45112089E-005
   3901.30043   2.46961664E-005
   3899.96666   2.48823660E-005
   3898.63288   2.50698180E-005
   3897.29910   2.52585327E-005
   3895.96532   2.54485205E-005
   3894.63154   2.56397919E-005
   3893.29777   2.58323575E-005
   3891.96399   2.60262279E-005
   3890.63021   2.62214141E-005
   3889.29643   2.64179269E-005
   3887.96265   2.66157774E-005
   3886.62888   2.68149768E-005
   3885.29510   2.70155363E-005
   3883.96132   2.72174672E-005
   3882.62754   2.74207812E-005
   3881.29376   2.76254898E-005
   3879.95999   2.78316047E-005
   3878.62621   2.80391379E-005
   3877.29243   2.82481012E-005
   3875.95865   2.84585069E-005
   3874.62487   2.86703671E-005
   3873.29110   2.88836942E-005
   3871.95732   2.90985007E-005
   3870.62354   2.93147992E-005
   3869.28976   2.95326024E-005
   3867.95599   2.97519233E-005
   3866.62221   2.99727749E-005
   3865.28843   3.01951703E-005
   3863.95465   3.04191228E-005
   3862.62087   3.06446458E-005
   3861.28710   3.08717530E-005
   3859.95332   3.11004581E-005
   3858.61954   3.13307749E-005
   3857.28576   3.15627174E-005
   3855.95198   3.17962999E-005
   3854.61821   3.20315366E-005
   3853.28443   3.22684420E-005
   3851.95065   3.25070307E-005
   3850.61687   3.27473176E-005
   3849.28309   3.29893176E-005
   3847.94932   3.32330457E-005
   3846.61554   3.34785173E-005
   3845.28176   3.37257478E-005
   3843.94798   3.39747527E-005
   3842.61420   3.42255480E-005
   3841.28043   3.44781495E-005
   3839.94665   3.47325733E-005
   3838.61287   3.49888357E-005
   3837.27909   3.52469533E-005
   3835.94532   3.55069427E-005
   3834.61154   3.57688207E-005
   3833.27776   3.60326044E-005
   3831.94398   3.62983110E-005
   3830.61020   3.65659579E-005
   3829.27643   3.68355627E-005
   3827.94265   3.71071432E-005
   3826.60887   3.73807175E-005
   3825.27509   3.76563036E-005
   3823.94131   3.79339201E-005
   3822.60754   3.82135856E-005
   3821.27376   3.84953188E-005
   3819.93998   3.87791389E-005
   3818.60620   3.90650651E-005
   3817.27242   3.93531168E-005
   3815.93865   3.96433138E-005
   3814.60487   3.99356759E-005
   3813.27109   4.02302234E-005
   3811.93731   4.05269766E-005
   3810.60353   4.08259561E-005
   3809.26976   4.11271829E-005
   3807.93598   4.14306779E-005
   3806.60220   4.17364625E-005
   3805.26842   4.20445584E-005
   3803.93464   4.23549873E-005
   3802.60087   4.26677713E-005
   3801.26709   4.29829329E-005
   3799.93331   4.33004945E-005
   3798.59953   4.36204792E-005
   3797.26576   4.39429100E-005
   3795.93198   4.42678103E-005
   3794.59820   4.45952039E-005
   3793.26442   4.49251147E-005
   3791.93064   4.52575670E-005
   3790.59687   4.55925853E-005
   3789.26309   4.59301945E-005
   3787.92931   4.62704198E-005
   3786.59553   4.66132865E-005
   3785.26175   4.69588205E-005
   3783.92798   4.73070477E-005
   3782.59420   4.76579945E-005
   3781.26042   4.80116877E-005
   3779.92664   4.83681543E-005
   3778.59286   4.87274215E-005
   3777.25909   4.90895172E-005
   3775.92531   4.94544692E-005
   3774.59153   4.98223059E-005
   3773.25775   5.01930561E-005
   3771.92397   5.05667488E-005
   3770.59020   5.09434134E-005
   3769.25642   5.13230797E-005
   3767.92264   5.17057778E-005
   3766.58886   5.20915383E-005
   3765.25509   5.24803921E-005
   3763.92131   5.28723704E-005
   3762.58753   5.32675050E-005
   3761.25375   5.36658279E-005
   3759.91997   5.40673716E-005
   3758.58620   5.44721690E-005
   3757.25242   5.48802534E-005
   3755.91864   5.52916584E-005
   3754.58486   5.57064184E-005
   3753.25108   5.61245678E-005
   3751.91731   5.65461417E-005
   3750.58353   5.69711756E-005
   3749.24975   5.73997053E-005
   3747.91597   5.78317674E-005
   3746.58219   5.82673986E-005
   3745.24842   5.87066364E-005
   3743.91464   5.91495184E-005
   3742.58086   5.95960831E-005
   3741.24708   6.00463693E-005
   3739.91330   6.05004162E-005
   3738.57953   6.09582638E-005
   3737.24575   6.14199523E-005
   3735.91197   6.18855227E-005
   3734.57819   6.23550164E-005
   3733.24441   6.28284754E-005
   3731.91064   6.33059421E-005
   3730.57686   6.37874598E-005
   3729.24308   6.42730720E-005
   3727.90930   6.47628230E-005
   3726.57553   6.52567577E-005
   3725.24175   6.57549216E-005
   3723.90797   6.62573606E-005
   3722.57419   6.67641215E-005
   3721.24041   6.72752515E-005
   3719.90664   6.77907988E-005
   3718.57286   6.83108117E-005
   3717.23908   6.88353397E-005
   3715.90530   6.93644327E-005
   3714.57152   6.98981413E-005
   3713.23775   7.04365169E-005
   3711.90397   7.09796114E-005
   3710.57019   7.15274777E-005
   3709.23641   7.20801692E-005
   3707.90263   7.26377401E-005
   3706.56886   7.32002455E-005
   3705.23508   7.37677412E-005
   3703.90130   7.43402835E-005
   3702.56752   7.49179300E-005
   3701.23374   7.55007387E-005
   3699.89997   7.60887686E-005
   3698.56619   7.66820795E-005
   3697.23241   7.72807321E-005
   3695.89863   7.78847878E-005
   3694.56485   7.84943091E-005
   3693.23108   7.91093593E-005
   3691.89730   7.97300025E-005
   3690.56352   8.03563039E-005
   3689.22974   8.09883296E-005
   3687.89597   8.16261465E-005
   3686.56219   8.22698227E-005
   3685.22841   8.29194272E-005
   3683.89463   8.35750300E-005
   3682.56085   8.42367021E-005
   3681.22708   8.49045155E-005
   3679.89330   8.55785435E-005
   3678.55952   8.62588602E-005
   3677.22574   8.69455409E-005
   3675.89196   8.76386621E-005
   3674.55819   8.83383014E-005
   3673.22441   8.90445376E-005
   3671.89063   8.97574504E-005
   3670.55685   9.04771211E-005
   3669.22307   9.12036321E-005
   3667.88930   9.19370669E-005
   3666.55552   9.26775103E-005
   3665.22174   9.34250487E-005
   3663.88796   9.41797694E-005
   3662.55418   9.49417612E-005
   3661.22041   9.57111144E-005
   3659.88663   9.64879205E-005
   3658.55285   9.72722726E-005
   3657.21907   9.80642650E-005
   3655.88530   9.88639937E-005
   3654.55152   9.96715561E-005
   3653.21774   1.00487051E-004
   3651.88396   1.01310579E-004
   3650.55018   1.02142242E-004
   3649.21641   1.02982145E-004
   3647.88263   1.03830391E-004
   3646.54885   1.04687088E-004
   3645.21507   1.05552346E-004
   3643.88129   1.06426274E-004
   3642.54752   1.07308984E-004
   3641.21374   1.08200591E-004
   3639.87996   1.09101210E-004
   3638.54618   1.10010960E-004
   3637.21240   1.10929959E-004
   3635.87863   1.11858330E-004
   3634.54485   1.12796196E-004
   3633.21107   1.13743683E-004
   3631.87729   1.14700919E-004
   3630.54351   1.15668032E-004
   3629.20974   1.16645156E-004
   3627.87596   1.17632425E-004
   3626.54218   1.18629974E-004
   3625.20840   1.19637942E-004
   3623.87462   1.20656472E-004
   3622.54085   1.21685705E-004
   3621.20707   1.22725788E-004
   3619.87329   1.23776869E-004
   3618.53951   1.24839099E-004
   3617.20574   1.25912631E-004
   3615.87196   1.26997621E-004
   3614.53818   1.28094229E-004
   3613.20440   1.29202615E-004
   3611.87062   1.30322943E-004
   3610.53685   1.31455382E-004
   3609.20307   1.32600100E-004
   3607.86929   1.33757271E-004
   3606.53551   1.34927071E-004
   3605.20173   1.36109678E-004
   3603.86796   1.37305276E-004
   3602.53418   1.38514050E-004
   3601.20040   1.39736189E-004
   3599.86662   1.40971884E-004
   3598.53284   1.42221331E-004
   3597.19907   1.43484730E-004
   3595.86529   1.44762284E-004
   3594.53151   1.46054198E-004
   3593.19773   1.47360683E-004
   3591.86395   1.48681953E-004
   3590.53018   1.50018226E-004
   3589.19640   1.51369723E-004
   3587.86262   1.52736672E-004
   3586.52884   1.54119302E-004
   3585.19507   1.55517847E-004
   3583.86129   1.56932547E-004
   3582.52751   1.58363644E-004
   3581.19373   1.59811387E-004
   3579.85995   1.61276029E-004
   3578.52618   1.62757826E-004
   3577.19240   1.64257041E-004
   3575.85862   1.65773942E-004
   3574.52484   1.67308800E-004
   3573.19106   1.68861893E-004
   3571.85729   1.70433504E-004
   3570.52351   1.72023922E-004
   3569.18973   1.73633440E-004
   3567.85595   1.75262359E-004
   3566.52217   1.76910984E-004
   3565.18840   1.78579626E-004
   3563.85462   1.80268605E-004
   3562.52084   1.81978242E-004
   3561.18706   1.83708870E-004
   3559.85328   1.85460826E-004
   3558.51951   1.87234452E-004
   3557.18573   1.89030101E-004
   3555.85195   1.90848129E-004
   3554.51817   1.92688903E-004
   3553.18439   1.94552795E-004
   3551.85062   1.96440184E-004
   3550.51684   1.98351460E-004
   3549.18306   2.00287018E-004
   3547.84928   2.02247262E-004
   3546.51551   2.04232605E-004
   3545.18173   2.06243469E-004
   3543.84795   2.08280282E-004
   3542.51417   2.10343486E-004
   3541.18039   2.12433527E-004
   3539.84662   2.14550864E-004
   3538.51284   2.16695964E-004
   3537.17906   2.18869305E-004
   3535.84528   2.21071376E-004
   3534.51150   2.23302674E-004
   3533.17773   2.25563709E-004
   3531.84395   2.27855001E-004
   3530.51017   2.30177082E-004
   3529.17639   2.32530495E-004
   3527.84261   2.34915796E-004
   3526.50884   2.37333552E-004
   3525.17506   2.39784344E-004
   3523.84128   2.42268765E-004
   3522.50750   2.44787421E-004
   3521.17372   2.47340933E-004
   3519.83995   2.49929934E-004
   3518.50617   2.52555074E-004
   3517.17239   2.55217016E-004
   3515.83861   2.57916438E-004
   3514.50483   2.60654036E-004
   3513.17106   2.63430519E-004
   3511.83728   2.66246614E-004
   3510.50350   2.69103065E-004
   3509.16972   2.72000634E-004
   3507.83595   2.74940100E-004
   3506.50217   2.77922260E-004
   3505.16839   2.80947931E-004
   3503.83461   2.84017950E-004
   3502.50083   2.87133173E-004
   3501.16706   2.90294476E-004
   3499.83328   2.93502758E-004
   3498.49950   2.96758939E-004
   3497.16572   3.00063962E-004
   3495.83194   3.03418793E-004
   3494.49817   3.06824421E-004
   3493.16439   3.10281860E-004
   3491.83061   3.13792150E-004
   3490.49683   3.17356357E-004
   3489.16305   3.20975572E-004
   3487.82928   3.24650917E-004
   3486.49550   3.28383540E-004
   3485.16172   3.32174619E-004
   3483.82794   3.36025362E-004
   3482.49416   3.39937009E-004
   3481.16039   3.43910831E-004
   3479.82661   3.47948133E-004
   3478.49283   3.52050255E-004
   3477.15905   3.56218570E-004
   3475.82528   3.60454490E-004
   3474.49150   3.64759464E-004
   3473.15772   3.69134978E-004
   3471.82394   3.73582559E-004
   3470.49016   3.78103777E-004
   3469.15639   3.82700242E-004
   3467.82261   3.87373610E-004
   3466.48883   3.92125583E-004
   3465.15505   3.96957906E-004
   3463.82127   4.01872378E-004
   3462.48750   4.06870845E-004
   3461.15372   4.11955206E-004
   3459.81994   4.17127412E-004
   3458.48616   4.22389472E-004
   3457.15238   4.27743450E-004
   3455.81861   4.33191472E-004
   3454.48483   4.38735722E-004
   3453.15105   4.44378451E-004
   3451.81727   4.50121973E-004
   3450.48349   4.55968671E-004
   3449.14972   4.61921000E-004
   3447.81594   4.67981485E-004
   3446.48216   4.74152728E-004
   3445.14838   4.80437410E-004
   3443.81460   4.86838293E-004
   3442.48083   4.93358221E-004
   3441.14705   5.00000128E-004
   3439.81327   5.06767036E-004
   3438.47949   5.13662061E-004
   3437.14572   5.20688419E-004
   3435.81194   5.27849422E-004
   3434.47816   5.35148490E-004
   3433.14438   5.42589152E-004
   3431.81060   5.50175046E-004
   3430.47683   5.57909931E-004
   3429.14305   5.65797686E-004
   3427.80927   5.73842316E-004
   3426.47549   5.82047956E-004
   3425.14171   5.90418881E-004
   3423.80794   5.98959504E-004
   3422.47416   6.07674388E-004
   3421.14038   6.16568247E-004
   3419.80660   6.25645957E-004
   3418.47282   6.34912559E-004
   3417.13905   6.44373267E-004
   3415.80527   6.54033473E-004
   3414.47149   6.63898760E-004
   3413.13771   6.73974903E-004
   3411.80393   6.84267882E-004
   3410.47016   6.94783889E-004
   3409.13638   7.05529337E-004
   3407.80260   7.16510869E-004
   3406.46882   7.27735369E-004
   3405.13505   7.39209972E-004
   3403.80127   7.50942075E-004
   3402.46749   7.62939349E-004
   3401.13371   7.75209748E-004
   3399.79993   7.87761529E-004
   3398.46616   8.00603258E-004
   3397.13238   8.13743826E-004
   3395.79860   8.27192469E-004
   3394.46482   8.40958776E-004
   3393.13104   8.55052711E-004
   3391.79727   8.69484628E-004
   3390.46349   8.84265292E-004
   3389.12971   8.99405893E-004
   3387.79593   9.14918075E-004
   3386.46215   9.30813948E-004
   3385.12838   9.47106119E-004
   3383.79460   9.63807711E-004
   3382.46082   9.80932391E-004
   3381.12704   9.98494396E-004
   3379.79326   1.01650856E-003
   3378.45949   1.03499036E-003
   3377.12571   1.05395591E-003
   3375.79193   1.07342203E-003
   3374.45815   1.09340629E-003
   3373.12437   1.11392701E-003
   3371.79060   1.13500331E-003
   3370.45682   1.15665518E-003
   3369.12304   1.17890352E-003
   3367.78926   1.20177016E-003
   3366.45549   1.22527792E-003
   3365.12171   1.24945070E-003
   3363.78793   1.27431349E-003
   3362.45415   1.29989248E-003
   3361.12037   1.32621507E-003
   3359.78660   1.35330999E-003
   3358.45282   1.38120737E-003
   3357.11904   1.40993878E-003
   3355.78526   1.43953737E-003
   3354.45148   1.47003791E-003
   3353.11771   1.50147694E-003
   3351.78393   1.53389284E-003
   3350.45015   1.56732595E-003
   3349.11637   1.60181869E-003
   3347.78259   1.63741570E-003
   3346.44882   1.67416397E-003
   3345.11504   1.71211298E-003
   3343.78126   1.75131487E-003
   3342.44748   1.79182464E-003
   3341.11370   1.83370026E-003
   3339.77993   1.87700296E-003
   3338.44615   1.92179737E-003
   3337.11237   1.96815179E-003
   3335.77859   2.01613843E-003
   3334.44481   2.06583368E-003
   3333.11104   2.11731840E-003
   3331.77726   2.17067823E-003
   3330.44348   2.22600396E-003
   3329.10970   2.28339183E-003
   3327.77593   2.34294401E-003
   3326.44215   2.40476898E-003
   3325.10837   2.46898205E-003
   3323.77459   2.53570580E-003
   3322.44081   2.60507071E-003
   3321.10704   2.67721574E-003
   3319.77326   2.75228897E-003
   3318.43948   2.83044839E-003
   3317.10570   2.91186259E-003
   3315.77192   2.99671175E-003
   3314.43815   3.08518846E-003
   3313.10437   3.17749887E-003
   3311.77059   3.27386375E-003
   3310.43681   3.37451981E-003
   3309.10303   3.47972102E-003
   3307.76926   3.58974016E-003
   3306.43548   3.70487053E-003
   3305.10170   3.82542774E-003
   3303.76792   3.95175180E-003
   3302.43414   4.08420939E-003
   3301.10037   4.22319636E-003
   3299.76659   4.36914058E-003
   3298.43281   4.52250498E-003
   3297.09903   4.68379108E-003
   3295.76526   4.85354287E-003
   3294.43148   5.03235110E-003
   3293.09770   5.22085817E-003
   3291.76392   5.41976358E-003
   3290.43014   5.62983003E-003
   3289.09637   5.85189033E-003
   3287.76259   6.08685521E-003
   3286.42881   6.33572208E-003
   3285.09503   6.59958502E-003
   3283.76125   6.87964611E-003
   3282.42748   7.17722831E-003
   3281.09370   7.49379017E-003
   3279.75992   7.83094265E-003
   3278.42614   8.19046835E-003
   3277.09236   8.57434372E-003
   3275.75859   8.98476451E-003
   3274.42481   9.42417533E-003
   3273.09103   9.89530376E-003
   3271.75725   1.04012001E-002
   3270.42347   1.09452838E-002
   3269.08970   1.15313975E-002
   3267.75592   1.21638706E-002
   3266.42214   1.28475944E-002
   3265.08836   1.35881106E-002
   3263.75458   1.43917166E-002
   3262.42081   1.52655907E-002
   3261.08703   1.62179423E-002
   3259.75325   1.72581924E-002
   3258.41947   1.83971916E-002
   3257.08570   1.96474851E-002
   3255.75192   2.10236351E-002
   3254.41814   2.25426181E-002
   3253.08436   2.42243142E-002
   3251.75058   2.60921144E-002
   3250.41681   2.81736814E-002
   3249.08303   3.05019055E-002
   3247.74925   3.31161175E-002
   3246.41547   3.60636383E-002
   3245.08169   3.94017753E-002
   3243.74792   4.32004166E-002
   3242.41414   4.75454344E-002
   3241.08036   5.25431935E-002
   3239.74658   5.83265875E-002
   3238.41280   6.50632127E-002
   3237.07903   7.29665671E-002
   3235.74525   8.23115922E-002
   3234.41147   9.34565311E-002
   3233.07769   1.06874100E-001
   3231.74391   1.23196592E-001
   3230.41014   1.43282081E-001
   3229.07636   1.68312968E-001
   3227.74258   1.99944418E-001
   3226.40880   2.40529643E-001
   3225.07503   2.93461057E-001
   3223.74125   3.63674995E-001
   3222.40747   4.58343736E-001
   3221.07369   5.87614679E-001
   3219.73991   7.64605201E-001
   3218.40614   1.00182645E+000
   3217.07236   1.29678587E+000
   3215.73858   1.59880236E+000
   3214.40480   1.78455296E+000
   3213.07102   1.73708373E+000
   3211.73725   1.48774235E+000
   3210.40347   1.17384556E+000
   3209.06969   8.93632626E-001
   3207.73591   6.75358106E-001
   3206.40213   5.13192984E-001
   3205.06836   3.93504282E-001
   3203.73458   3.04134611E-001
   3202.40080   2.36131785E-001
   3201.06702   1.83334012E-001
   3199.73324   1.41654616E-001
   3198.39947   1.08533582E-001
   3197.06569   8.26216401E-002
   3195.73191   6.36662392E-002
   3194.39813   5.24950500E-002
   3193.06435   5.05943266E-002
   3191.73058   5.67679239E-002
   3190.39680   5.20578258E-002
   3189.06302  -3.39314150E-002
   3187.72924  -3.16565615E-001
   3186.39547  -8.39375205E-001
   3185.06169  -1.50533453E+000
   3183.72791  -2.10019120E+000
   3182.39413  -2.31362868E+000
   3181.06035  -1.96995329E+000
   3179.72658  -1.31609993E+000
   3178.39280  -7.49665787E-001
   3177.05902  -3.97913356E-001
   3175.72524  -1.85212474E-001
   3174.39146  -3.76444318E-002
   3173.05769   6.64158450E-002
   3171.72391   1.26675241E-001
   3170.39013   1.57326605E-001
   3169.05635   1.84057252E-001
   3167.72257   2.25086033E-001
   3166.38880   2.87878674E-001
   3165.05502   3.69892892E-001
   3163.72124   4.52767511E-001
   3162.38746   4.98435072E-001
   3161.05368   4.71985023E-001
   3159.71991   3.85589354E-001
   3158.38613   2.88336175E-001
   3157.05235   2.11166139E-001
   3155.71857   1.56815146E-001
   3154.38479   1.19011472E-001
   3153.05102   9.21963998E-002
   3151.71724   7.27323973E-002
   3150.38346   5.83108464E-002
   3149.04968   4.74312438E-002
   3147.71591   3.90908464E-002
   3146.38213   3.26036227E-002
   3145.04835   2.74908082E-002
   3143.71457   2.34123821E-002
   3142.38079   2.01229870E-002
   3141.04702   1.74429587E-002
   3139.71324   1.52389383E-002
   3138.37946   1.34106825E-002
   3137.04568   1.18819534E-002
   3135.71190   1.05941370E-002
   3134.37813   9.50171206E-003
   3133.04435   8.56899245E-003
   3131.71057   7.76775671E-003
   3130.37679   7.07550412E-003
   3129.04301   6.47415808E-003
   3127.70924   5.94909249E-003
   3126.37546   5.48839381E-003
   3125.04168   5.08229697E-003
   3123.70790   4.72275050E-003
   3122.37412   4.40307880E-003
   3121.04035   4.11771775E-003
   3119.70657   3.86200657E-003
   3118.37279   3.63202260E-003
   3117.03901   3.42444959E-003
   3115.70524   3.23647191E-003
   3114.37146   3.06568924E-003
   3113.03768   2.91004733E-003
   3111.70390   2.76778153E-003
   3110.37012   2.63737056E-003
   3109.03635   2.51749846E-003
   3107.70257   2.40702313E-003
   3106.36879   2.30495019E-003
   3105.03501   2.21041130E-003
   3103.70123   2.12264591E-003
   3102.36746   2.04098600E-003
   3101.03368   1.96484322E-003
   3099.69990   1.89369803E-003
   3098.36612   1.82709045E-003
   3097.03234   1.76461224E-003
   3095.69857   1.70590021E-003
   3094.36479   1.65063048E-003
   3093.03101   1.59851357E-003
   3091.69723   1.54929020E-003
   3090.36345   1.50272762E-003
   3089.02968   1.45861646E-003
   3087.69590   1.41676801E-003
   3086.36212   1.37701184E-003
   3085.02834   1.33919372E-003
   3083.69456   1.30317386E-003
   3082.36079   1.26882526E-003
   3081.02701   1.23603240E-003
   3079.69323   1.20468999E-003
   3078.35945   1.17470188E-003
   3077.02568   1.14598016E-003
   3075.69190   1.11844430E-003
   3074.35812   1.09202042E-003
   3073.02434   1.06664064E-003
   3071.69056   1.04224249E-003
   3070.35679   1.01876840E-003
   3069.02301   9.96165236E-004
   3067.68923   9.74383895E-004
   3066.35545   9.53378929E-004
   3065.02167   9.33108220E-004
   3063.68790   9.13532687E-004
   3062.35412   8.94616017E-004
   3061.02034   8.76324427E-004
   3059.68656   8.58626453E-004
   3058.35278   8.41492748E-004
   3057.01901   8.24895918E-004
   3055.68523   8.08810353E-004
   3054.35145   7.93212089E-004
   3053.01767   7.78078679E-004
   3051.68389   7.63389069E-004
   3050.35012   7.49123499E-004
   3049.01634   7.35263396E-004
   3047.68256   7.21791292E-004
   3046.34878   7.08690739E-004
   3045.01501   6.95946236E-004
   3043.68123   6.83543160E-004
   3042.34745   6.71467706E-004
   3041.01367   6.59706825E-004
   3039.67989   6.48248180E-004
   3038.34612   6.37080087E-004
   3037.01234   6.26191482E-004
   3035.67856   6.15571871E-004
   3034.34478   6.05211298E-004
   3033.01100   5.95100310E-004
   3031.67723   5.85229920E-004
   3030.34345   5.75591586E-004
   3029.00967   5.66177175E-004
   3027.67589   5.56978944E-004
   3026.34211   5.47989512E-004
   3025.00834   5.39201844E-004
   3023.67456   5.30609223E-004
   3022.34078   5.22205238E-004
   3021.00700   5.13983764E-004
   3019.67322   5.05938944E-004
   3018.33945   4.98065178E-004
   3017.00567   4.90357104E-004
   3015.67189   4.82809590E-004
   3014.33811   4.75417716E-004
   3013.00433   4.68176767E-004
   3011.67056   4.61082222E-004
   3010.33678   4.54129740E-004
   3009.00300   4.47315156E-004
   3007.66922   4.40634467E-004
   3006.33545   4.34083828E-004
   3005.00167   4.27659542E-004
   3003.66789   4.21358052E-004
   3002.33411   4.15175935E-004
   3001.00033   4.09109897E-004
   2999.66656   4.03156766E-004
   2998.33278   3.97313484E-004
   2996.99900   3.91577104E-004
   2995.66522   3.85944785E-004
   2994.33144   3.80413786E-004
   2992.99767   3.74981463E-004
   2991.66389   3.69645263E-004
   2990.33011   3.64402719E-004
   2988.99633   3.59251451E-004
   2987.66255   3.54189157E-004
   2986.32878   3.49213613E-004
   2984.99500   3.44322666E-004
   2983.66122   3.39514238E-004
   2982.32744   3.34786313E-004
   2980.99366   3.30136944E-004
   2979.65989   3.25564243E-004
   2978.32611   3.21066385E-004
   2976.99233   3.16641598E-004
   2975.65855   3.12288167E-004
   2974.32477   3.08004431E-004
   2972.99100   3.03788778E-004
   2971.65722   2.99639644E-004
   2970.32344   2.95555513E-004
   2968.98966   2.91534914E-004
   2967.65589   2.87576420E-004
   2966.32211   2.83678644E-004
   2964.98833   2.79840240E-004
   2963.65455   2.76059902E-004
   2962.32077   2.72336359E-004
   2960.98700   2.68668378E-004
   2959.65322   2.65054759E-004
   2958.31944   2.61494337E-004
   2956.98566   2.57985979E-004
   2955.65188   2.54528582E-004
   2954.31811   2.51121074E-004
   2952.98433   2.47762412E-004
   2951.65055   2.44451581E-004
   2950.31677   2.41187593E-004
   2948.98299   2.37969486E-004
   2947.64922   2.34796324E-004
   2946.31544   2.31667195E-004
   2944.98166   2.28581210E-004
   2943.64788   2.25537505E-004
   2942.31410   2.22535236E-004
   2940.98033   2.19573582E-004
   2939.64655   2.16651741E-004
   2938.31277   2.13768933E-004
   2936.97899   2.10924397E-004
   2935.64522   2.08117390E-004
   2934.31144   2.05347188E-004
   2932.97766   2.02613085E-004
   2931.64388   1.99914391E-004
   2930.31010   1.97250435E-004
   2928.97633   1.94620559E-004
   2927.64255   1.92024123E-004
   2926.30877   1.89460503E-004
   2924.97499   1.86929086E-004
   2923.64121   1.84429277E-004
   2922.30744   1.81960494E-004
   2920.97366   1.79522167E-004
   2919.63988   1.77113741E-004
   2918.30610   1.74734673E-004
   2916.97232   1.72384432E-004
   2915.63855   1.70062500E-004
   2914.30477   1.67768369E-004
   2912.97099   1.65501544E-004
   2911.63721   1.63261542E-004
   2910.30343   1.61047887E-004
   2908.96966   1.58860117E-004
   2907.63588   1.56697778E-004
   2906.30210   1.54560428E-004
   2904.96832   1.52447633E-004
   2903.63454   1.50358968E-004
   2902.30077   1.48294019E-004
   2900.96699   1.46252379E-004
   2899.63321   1.44233650E-004
   2898.29943   1.42237444E-004
   2896.96566   1.40263379E-004
   2895.63188   1.38311083E-004
   2894.29810   1.36380190E-004
   2892.96432   1.34470342E-004
   2891.63054   1.32581190E-004
   2890.29677   1.30712389E-004
   2888.96299   1.28863605E-004
   2887.62921   1.27034507E-004
   2886.29543   1.25224773E-004
   2884.96165   1.23434087E-004
   2883.62788   1.21662139E-004
   2882.29410   1.19908625E-004
   2880.96032   1.18173249E-004
   2879.62654   1.16455717E-004
   2878.29276   1.14755745E-004
   2876.95899   1.13073051E-004
   2875.62521   1.11407362E-004
   2874.29143   1.09758406E-004
   2872.95765   1.08125921E-004
   2871.62387   1.06509646E-004
   2870.29010   1.04909327E-004
   2868.95632   1.03324715E-004
   2867.62254   1.01755564E-004
   2866.28876   1.00201636E-004
   2864.95498   9.86626928E-005
   2863.62121   9.71385048E-005
   2862.28743   9.56288446E-005
   2860.95365   9.41334894E-005
   2859.61987   9.26522205E-005
   2858.28610   9.11848233E-005
   2856.95232   8.97310872E-005
   2855.61854   8.82908052E-005
   2854.28476   8.68637742E-005
   2852.95098   8.54497947E-005
   2851.61721   8.40486710E-005
   2850.28343   8.26602105E-005
   2848.94965   8.12842244E-005
   2847.61587   7.99205271E-005
   2846.28209   7.85689363E-005
   2844.94832   7.72292728E-005
   2843.61454   7.59013608E-005
   2842.28076   7.45850272E-005
   2840.94698   7.32801023E-005
   2839.61320   7.19864190E-005
   2838.27943   7.07038133E-005
   2836.94565   6.94321240E-005
   2835.61187   6.81711924E-005
   2834.27809   6.69208629E-005
   2832.94431   6.56809822E-005
   2831.61054   6.44513997E-005
   2830.27676   6.32319675E-005
   2828.94298   6.20225398E-005
   2827.60920   6.08229737E-005
   2826.27543   5.96331282E-005
   2824.94165   5.84528650E-005
   2823.60787   5.72820479E-005
   2822.27409   5.61205430E-005
   2820.94031   5.49682184E-005
   2819.60654   5.38249447E-005
   2818.27276   5.26905943E-005
   2816.93898   5.15650418E-005
   2815.60520   5.04481637E-005
   2814.27142   4.93398386E-005
   2812.93765   4.82399470E-005
   2811.60387   4.71483713E-005
   2810.27009   4.60649957E-005
   2808.93631   4.49897063E-005
   2807.60253   4.39223909E-005
   2806.26876   4.28629392E-005
   2804.93498   4.18112425E-005
   2803.60120   4.07671938E-005
   2802.26742   3.97306877E-005
   2800.93364   3.87016206E-005
   2799.59987   3.76798903E-005
   2798.26609   3.66653963E-005
   2796.93231   3.56580396E-005
   2795.59853   3.46577225E-005
   2794.26475   3.36643491E-005
   2792.93098   3.26778247E-005
   2791.59720   3.16980561E-005
   2790.26342   3.07249515E-005
   2788.92964   2.97584204E-005
   2787.59587   2.87983738E-005
   2786.26209   2.78447238E-005
   2784.92831   2.68973839E-005
   2783.59453   2.59562689E-005
   2782.26075   2.50212948E-005
   2780.92698   2.40923787E-005
   2779.59320   2.31694391E-005
   2778.25942   2.22523955E-005
   2776.92564   2.13411687E-005
   2775.59186   2.04356805E-005
   2774.25809   1.95358540E-005
   2772.92431   1.86416131E-005
   2771.59053   1.77528830E-005
   2770.25675   1.68695899E-005
   2768.92297   1.59916611E-005
   2767.58920   1.51190246E-005
   2766.25542   1.42516098E-005
   2764.92164   1.33893469E-005
   2763.58786   1.25321669E-005
   2762.25408   1.16800021E-005
   2760.92031   1.08327855E-005
   2759.58653   9.99045098E-006
   2758.25275   9.15293338E-006
   2756.91897   8.32016844E-006
   2755.58520   7.49209273E-006
   2754.25142   6.66864368E-006
   2752.91764   5.84975955E-006
   2751.58386   5.03537942E-006
   2750.25008   4.22544317E-006
   2748.91631   3.41989146E-006
   2747.58253   2.61866577E-006
   2746.24875   1.82170828E-006
   2744.91497   1.02896198E-006
   2743.58119   2.40370562E-007
   2742.24742  -5.44121553E-007
   2740.91364  -1.32456922E-006
   2739.57986  -2.10102661E-006
   2738.24608  -2.87354718E-006
   2736.91230  -3.64218374E-006
   2735.57853  -4.40698842E-006
   2734.24475  -5.16801269E-006
   2732.91097  -5.92530739E-006
   2731.57719  -6.67892272E-006
   2730.24341  -7.42890827E-006
   2728.90964  -8.17531299E-006
   2727.57586  -8.91818527E-006
   2726.24208  -9.65757287E-006
   2724.90830  -1.03935230E-005
   2723.57452  -1.11260823E-005
   2722.24075  -1.18552968E-005
   2720.90697  -1.25812120E-005
   2719.57319  -1.33038729E-005
   2718.23941  -1.40233239E-005
   2716.90564  -1.47396090E-005
   2715.57186  -1.54527715E-005
   2714.23808  -1.61628543E-005
   2712.90430  -1.68698998E-005
   2711.57052  -1.75739499E-005
   2710.23675  -1.82750460E-005
   2708.90297  -1.89732290E-005
   2707.56919  -1.96685394E-005
   2706.23541  -2.03610172E-005
   2704.90163  -2.10507019E-005
   2703.56786  -2.17376327E-005
   2702.23408  -2.24218481E-005
   2700.90030  -2.31033865E-005
   2699.56652  -2.37822856E-005
   2698.23274  -2.44585829E-005
   2696.89897  -2.51323153E-005
   2695.56519  -2.58035194E-005
   2694.23141  -2.64722314E-005
   2692.89763  -2.71384870E-005
   2691.56385  -2.78023217E-005
   2690.23008  -2.84637705E-005
   2688.89630  -2.91228680E-005
   2687.56252  -2.97796486E-005
   2686.22874  -3.04341461E-005
   2684.89496  -3.10863941E-005
   2683.56119  -3.17364259E-005
   2682.22741  -3.23842742E-005
   2680.89363  -3.30299717E-005
   2679.55985  -3.36735506E-005
   2678.22608  -3.43150427E-005
   2676.89230  -3.49544795E-005
   2675.55852  -3.55918924E-005
   2674.22474  -3.62273122E-005
   2672.89096  -3.68607696E-005
   2671.55719  -3.74922948E-005
   2670.22341  -3.81219180E-005
   2668.88963  -3.87496687E-005
   2667.55585  -3.93755765E-005
   2666.22207  -3.99996705E-005
   2664.88830  -4.06219795E-005
   2663.55452  -4.12425322E-005
   2662.22074  -4.18613569E-005
   2660.88696  -4.24784817E-005
   2659.55318  -4.30939343E-005
   2658.21941  -4.37077423E-005
   2656.88563  -4.43199330E-005
   2655.55185  -4.49305334E-005
   2654.21807  -4.55395703E-005
   2652.88429  -4.61470704E-005
   2651.55052  -4.67530598E-005
   2650.21674  -4.73575646E-005
   2648.88296  -4.79606108E-005
   2647.54918  -4.85622239E-005
   2646.21541  -4.91624294E-005
   2644.88163  -4.97612524E-005
   2643.54785  -5.03587178E-005
   2642.21407  -5.09548505E-005
   2640.88029  -5.15496751E-005
   2639.54652  -5.21432157E-005
   2638.21274  -5.27354966E-005
   2636.87896  -5.33265417E-005
   2635.54518  -5.39163747E-005
   2634.21140  -5.45050192E-005
   2632.87763  -5.50924986E-005
   2631.54385  -5.56788360E-005
   2630.21007  -5.62640544E-005
   2628.87629  -5.68481767E-005
   2627.54251  -5.74312254E-005
   2626.20874  -5.80132231E-005
   2624.87496  -5.85941919E-005
   2623.54118  -5.91741541E-005
   2622.20740  -5.97531316E-005
   2620.87362  -6.03311461E-005
   2619.53985  -6.09082193E-005
   2618.20607  -6.14843727E-005
   2616.87229  -6.20596276E-005
   2615.53851  -6.26340052E-005
   2614.20473  -6.32075264E-005
   2612.87096  -6.37802121E-005
   2611.53718  -6.43520831E-005
   2610.20340  -6.49231600E-005
   2608.86962  -6.54934631E-005
   2607.53585  -6.60630128E-005
   2606.20207  -6.66318292E-005
   2604.86829  -6.71999324E-005
   2603.53451  -6.77673423E-005
   2602.20073  -6.83340786E-005
   2600.86696  -6.89001611E-005
   2599.53318  -6.94656092E-005
   2598.19940  -7.00304423E-005
   2596.86562  -7.05946797E-005
   2595.53184  -7.11583407E-005
   2594.19807  -7.17214442E-005
   2592.86429  -7.22840092E-005
   2591.53051  -7.28460544E-005
   2590.19673  -7.34075988E-005
   2588.86295  -7.39686608E-005
   2587.52918  -7.45292589E-005
   2586.19540  -7.50894116E-005
   2584.86162  -7.56491372E-005
   2583.52784  -7.62084538E-005
   2582.19406  -7.67673797E-005
   2580.86029  -7.73259328E-005
   2579.52651  -7.78841309E-005
   2578.19273  -7.84419921E-005
   2576.85895  -7.89995339E-005
   2575.52518  -7.95567741E-005
   2574.19140  -8.01137302E-005
   2572.85762  -8.06704198E-005
   2571.52384  -8.12268601E-005
   2570.19006  -8.17830685E-005
   2568.85629  -8.23390624E-005
   2567.52251  -8.28948587E-005
   2566.18873  -8.34504747E-005
   2564.85495  -8.40059273E-005
   2563.52117  -8.45612335E-005
   2562.18740  -8.51164101E-005
   2560.85362  -8.56714740E-005
   2559.51984  -8.62264419E-005
   2558.18606  -8.67813305E-005
   2556.85228  -8.73361563E-005
   2555.51851  -8.78909359E-005
   2554.18473  -8.84456858E-005
   2552.85095  -8.90004225E-005
   2551.51717  -8.95551622E-005
   2550.18339  -9.01099213E-005
   2548.84962  -9.06647160E-005
   2547.51584  -9.12195626E-005
   2546.18206  -9.17744772E-005
   2544.84828  -9.23294759E-005
   2543.51450  -9.28845747E-005
   2542.18073  -9.34397896E-005
   2540.84695  -9.39951367E-005
   2539.51317  -9.45506317E-005
   2538.17939  -9.51062906E-005
   2536.84562  -9.56621291E-005
   2535.51184  -9.62181632E-005
   2534.17806  -9.67744084E-005
   2532.84428  -9.73308806E-005
   2531.51050  -9.78875953E-005
   2530.17673  -9.84445683E-005
   2528.84295  -9.90018150E-005
   2527.50917  -9.95593512E-005
   2526.17539  -1.00117192E-004
   2524.84161  -1.00675354E-004
   2523.50784  -1.01233851E-004
   2522.17406  -1.01792700E-004
   2520.84028  -1.02351915E-004
   2519.50650  -1.02911513E-004
   2518.17272  -1.03471508E-004
   2516.83895  -1.04031916E-004
   2515.50517  -1.04592752E-004
   2514.17139  -1.05154032E-004
   2512.83761  -1.05715771E-004
   2511.50383  -1.06277983E-004
   2510.17006  -1.06840685E-004
   2508.83628  -1.07403892E-004
   2507.50250  -1.07967618E-004
   2506.16872  -1.08531880E-004
   2504.83494  -1.09096691E-004
   2503.50117  -1.09662069E-004
   2502.16739  -1.10228026E-004
   2500.83361  -1.10794580E-004
   2499.49983  -1.11361744E-004
   2498.16606  -1.11929535E-004
   2496.83228  -1.12497966E-004
   2495.49850  -1.13067055E-004
   2494.16472  -1.13636814E-004
   2492.83094  -1.14207261E-004
   2491.49717  -1.14778409E-004
   2490.16339  -1.15350275E-004
   2488.82961  -1.15922873E-004
   2487.49583  -1.16496218E-004
   2486.16205  -1.17070325E-004
   2484.82828  -1.17645211E-004
   2483.49450  -1.18220889E-004
   2482.16072  -1.18797375E-004
   2480.82694  -1.19374685E-004
   2479.49316  -1.19952833E-004
   2478.15939  -1.20531834E-004
   2476.82561  -1.21111705E-004
   2475.49183  -1.21692460E-004
   2474.15805  -1.22274114E-004
   2472.82427  -1.22856683E-004
   2471.49050  -1.23440183E-004
   2470.15672  -1.24024627E-004
   2468.82294  -1.24610032E-004
   2467.48916  -1.25196413E-004
   2466.15539  -1.25783786E-004
   2464.82161  -1.26372165E-004
   2463.48783  -1.26961567E-004
   2462.15405  -1.27552006E-004
   2460.82027  -1.28143499E-004
   2459.48650  -1.28736060E-004
   2458.15272  -1.29329706E-004
   2456.81894  -1.29924451E-004
   2455.48516  -1.30520312E-004
   2454.15138  -1.31117303E-004
   2452.81761  -1.31715441E-004
   2451.48383  -1.32314742E-004
   2450.15005  -1.32915221E-004
   2448.81627  -1.33516893E-004
   2447.48249  -1.34119776E-004
   2446.14872  -1.34723884E-004
   2444.81494  -1.35329233E-004
   2443.48116  -1.35935839E-004
   2442.14738  -1.36543719E-004
   2440.81360  -1.37152888E-004
   2439.47983  -1.37763363E-004
   2438.14605  -1.38375159E-004
   2436.81227  -1.38988293E-004
   2435.47849  -1.39602780E-004
   2434.14471  -1.40218638E-004
   2432.81094  -1.40835882E-004
   2431.47716  -1.41454529E-004
   2430.14338  -1.42074595E-004
   2428.80960  -1.42696096E-004
   2427.47583  -1.43319050E-004
   2426.14205  -1.43943473E-004
   2424.80827  -1.44569380E-004
   2423.47449  -1.45196790E-004
   2422.14071  -1.45825719E-004
   2420.80694  -1.46456183E-004
   2419.47316  -1.47088200E-004
   2418.13938  -1.47721786E-004
   2416.80560  -1.48356959E-004
   2415.47182  -1.48993735E-004
   2414.13805  -1.49632132E-004
   2412.80427  -1.50272166E-004
   2411.47049  -1.50913856E-004
   2410.13671  -1.51557219E-004
   2408.80293  -1.52202271E-004
   2407.46916  -1.52849031E-004
   2406.13538  -1.53497516E-004
   2404.80160  -1.54147743E-004
   2403.46782  -1.54799731E-004
   2402.13404  -1.55453498E-004
   2400.80027  -1.56109060E-004
   2399.46649  -1.56766436E-004
   2398.13271  -1.57425645E-004
   2396.79893  -1.58086704E-004
   2395.46516  -1.58749632E-004
   2394.13138  -1.59414446E-004
   2392.79760  -1.60081166E-004
   2391.46382  -1.60749810E-004
   2390.13004  -1.61420396E-004
   2388.79627  -1.62092943E-004
   2387.46249  -1.62767470E-004
   2386.12871  -1.63443996E-004
   2384.79493  -1.64122540E-004
   2383.46115  -1.64803120E-004
   2382.12738  -1.65485757E-004
   2380.79360  -1.66170469E-004
   2379.45982  -1.66857275E-004
   2378.12604  -1.67546196E-004
   2376.79226  -1.68237251E-004
   2375.45849  -1.68930459E-004
   2374.12471  -1.69625840E-004
   2372.79093  -1.70323415E-004
   2371.45715  -1.71023203E-004
   2370.12337  -1.71725225E-004
   2368.78960  -1.72429501E-004
   2367.45582  -1.73136050E-004
   2366.12204  -1.73844895E-004
   2364.78826  -1.74556054E-004
   2363.45448  -1.75269550E-004
   2362.12071  -1.75985403E-004
   2360.78693  -1.76703634E-004
   2359.45315  -1.77424264E-004
   2358.11937  -1.78147314E-004
   2356.78560  -1.78872807E-004
   2355.45182  -1.79600762E-004
   2354.11804  -1.80331203E-004
   2352.78426  -1.81064151E-004
   2351.45048  -1.81799628E-004
   2350.11671  -1.82537655E-004
   2348.78293  -1.83278256E-004
   2347.44915  -1.84021453E-004
   2346.11537  -1.84767267E-004
   2344.78159  -1.85515723E-004
   2343.44782  -1.86266842E-004
   2342.11404  -1.87020647E-004
   2340.78026  -1.87777163E-004
   2339.44648  -1.88536412E-004
   2338.11270  -1.89298417E-004
   2336.77893  -1.90063202E-004
   2335.44515  -1.90830791E-004
   2334.11137  -1.91601209E-004
   2332.77759  -1.92374478E-004
   2331.44381  -1.93150623E-004
   2330.11004  -1.93929670E-004
   2328.77626  -1.94711641E-004
   2327.44248  -1.95496563E-004
   2326.10870  -1.96284460E-004
   2324.77492  -1.97075358E-004
   2323.44115  -1.97869281E-004
   2322.10737  -1.98666256E-004
   2320.77359  -1.99466307E-004
   2319.43981  -2.00269462E-004
   2318.10604  -2.01075745E-004
   2316.77226  -2.01885184E-004
   2315.43848  -2.02697804E-004
   2314.10470  -2.03513633E-004
   2312.77092  -2.04332698E-004
   2311.43715  -2.05155025E-004
   2310.10337  -2.05980642E-004
   2308.76959  -2.06809576E-004
   2307.43581  -2.07641855E-004
   2306.10203  -2.08477507E-004
   2304.76826  -2.09316561E-004
   2303.43448  -2.10159044E-004
   2302.10070  -2.11004986E-004
   2300.76692  -2.11854414E-004
   2299.43314  -2.12707359E-004
   2298.09937  -2.13563849E-004
   2296.76559  -2.14423914E-004
   2295.43181  -2.15287584E-004
   2294.09803  -2.16154889E-004
   2292.76425  -2.17025859E-004
   2291.43048  -2.17900525E-004
   2290.09670  -2.18778917E-004
   2288.76292  -2.19661066E-004
   2287.42914  -2.20547004E-004
   2286.09537  -2.21436762E-004
   2284.76159  -2.22330372E-004
   2283.42781  -2.23227866E-004
   2282.09403  -2.24129277E-004
   2280.76025  -2.25034637E-004
   2279.42648  -2.25943978E-004
   2278.09270  -2.26857335E-004
   2276.75892  -2.27774740E-004
   2275.42514  -2.28696227E-004
   2274.09136  -2.29621831E-004
   2272.75759  -2.30551585E-004
   2271.42381  -2.31485524E-004
   2270.09003  -2.32423684E-004
   2268.75625  -2.33366099E-004
   2267.42247  -2.34312805E-004
   2266.08870  -2.35263838E-004
   2264.75492  -2.36219234E-004
   2263.42114  -2.37179029E-004
   2262.08736  -2.38143260E-004
   2260.75358  -2.39111965E-004
   2259.41981  -2.40085181E-004
   2258.08603  -2.41062946E-004
   2256.75225  -2.42045298E-004
   2255.41847  -2.43032275E-004
   2254.08469  -2.44023917E-004
   2252.75092  -2.45020262E-004
   2251.41714  -2.46021350E-004
   2250.08336  -2.47027221E-004
   2248.74958  -2.48037916E-004
   2247.41581  -2.49053475E-004
   2246.08203  -2.50073939E-004
   2244.74825  -2.51099350E-004
   2243.41447  -2.52129750E-004
   2242.08069  -2.53165180E-004
   2240.74692  -2.54205684E-004
   2239.41314  -2.55251305E-004
   2238.07936  -2.56302085E-004
   2236.74558  -2.57358070E-004
   2235.41180  -2.58419302E-004
   2234.07803  -2.59485828E-004
   2232.74425  -2.60557692E-004
   2231.41047  -2.61634939E-004
   2230.07669  -2.62717617E-004
   2228.74291  -2.63805771E-004
   2227.40914  -2.64899448E-004
   2226.07536  -2.65998696E-004
   2224.74158  -2.67103562E-004
   2223.40780  -2.68214096E-004
   2222.07402  -2.69330345E-004
   2220.74025  -2.70452360E-004
   2219.40647  -2.71580189E-004
   2218.07269  -2.72713884E-004
   2216.73891  -2.73853496E-004
   2215.40514  -2.74999074E-004
   2214.07136  -2.76150673E-004
   2212.73758  -2.77308343E-004
   2211.40380  -2.78472138E-004
   2210.07002  -2.79642112E-004
   2208.73625  -2.80818318E-004
   2207.40247  -2.82000810E-004
   2206.06869  -2.83189645E-004
   2204.73491  -2.84384878E-004
   2203.40113  -2.85586565E-004
   2202.06736  -2.86794764E-004
   2200.73358  -2.88009530E-004
   2199.39980  -2.89230924E-004
   2198.06602  -2.90459003E-004
   2196.73224  -2.91693827E-004
   2195.39847  -2.92935456E-004
   2194.06469  -2.94183950E-004
   2192.73091  -2.95439371E-004
   2191.39713  -2.96701780E-004
   2190.06335  -2.97971241E-004
   2188.72958  -2.99247816E-004
   2187.39580  -3.00531570E-004
   2186.06202  -3.01822566E-004
   2184.72824  -3.03120872E-004
   2183.39446  -3.04426551E-004
   2182.06069  -3.05739673E-004
   2180.72691  -3.07060303E-004
   2179.39313  -3.08388510E-004
   2178.05935  -3.09724364E-004
   2176.72558  -3.11067933E-004
   2175.39180  -3.12419289E-004
   2174.05802  -3.13778504E-004
   2172.72424  -3.15145648E-004
   2171.39046  -3.16520796E-004
   2170.05669  -3.17904021E-004
   2168.72291  -3.19295397E-004
   2167.38913  -3.20695001E-004
   2166.05535  -3.22102909E-004
   2164.72157  -3.23519197E-004
   2163.38780  -3.24943944E-004
   2162.05402  -3.26377230E-004
   2160.72024  -3.27819133E-004
   2159.38646  -3.29269736E-004
   2158.05268  -3.30729119E-004
   2156.71891  -3.32197366E-004
   2155.38513  -3.33674560E-004
   2154.05135  -3.35160786E-004
   2152.71757  -3.36656130E-004
   2151.38379  -3.38160678E-004
   2150.05002  -3.39674519E-004
   2148.71624  -3.41197741E-004
   2147.38246  -3.42730434E-004
   2146.04868  -3.44272689E-004
   2144.71490  -3.45824598E-004
   2143.38113  -3.47386255E-004
   2142.04735  -3.48957753E-004
   2140.71357  -3.50539189E-004
   2139.37979  -3.52130658E-004
   2138.04602  -3.53732258E-004
   2136.71224  -3.55344090E-004
   2135.37846  -3.56966252E-004
   2134.04468  -3.58598846E-004
   2132.71090  -3.60241975E-004
   2131.37713  -3.61895743E-004
   2130.04335  -3.63560256E-004
   2128.70957  -3.65235619E-004
   2127.37579  -3.66921941E-004
   2126.04201  -3.68619331E-004
   2124.70824  -3.70327901E-004
   2123.37446  -3.72047761E-004
   2122.04068  -3.73779026E-004
   2120.70690  -3.75521810E-004
   2119.37312  -3.77276230E-004
   2118.03935  -3.79042405E-004
   2116.70557  -3.80820452E-004
   2115.37179  -3.82610495E-004
   2114.03801  -3.84412654E-004
   2112.70423  -3.86227054E-004
   2111.37046  -3.88053822E-004
   2110.03668  -3.89893084E-004
   2108.70290  -3.91744970E-004
   2107.36912  -3.93609611E-004
   2106.03535  -3.95487138E-004
   2104.70157  -3.97377688E-004
   2103.36779  -3.99281395E-004
   2102.03401  -4.01198398E-004
   2100.70023  -4.03128836E-004
   2099.36646  -4.05072852E-004
   2098.03268  -4.07030589E-004
   2096.69890  -4.09002192E-004
   2095.36512  -4.10987810E-004
   2094.03134  -4.12987591E-004
   2092.69757  -4.15001688E-004
   2091.36379  -4.17030254E-004
   2090.03001  -4.19073445E-004
   2088.69623  -4.21131419E-004
   2087.36245  -4.23204337E-004
   2086.02868  -4.25292360E-004
   2084.69490  -4.27395655E-004
   2083.36112  -4.29514387E-004
   2082.02734  -4.31648726E-004
   2080.69356  -4.33798844E-004
   2079.35979  -4.35964916E-004
   2078.02601  -4.38147118E-004
   2076.69223  -4.40345629E-004
   2075.35845  -4.42560632E-004
   2074.02467  -4.44792311E-004
   2072.69090  -4.47040853E-004
   2071.35712  -4.49306448E-004
   2070.02334  -4.51589289E-004
   2068.68956  -4.53889571E-004
   2067.35579  -4.56207493E-004
   2066.02201  -4.58543256E-004
   2064.68823  -4.60897065E-004
   2063.35445  -4.63269127E-004
   2062.02067  -4.65659652E-004
   2060.68690  -4.68068853E-004
   2059.35312  -4.70496949E-004
   2058.01934  -4.72944159E-004
   2056.68556  -4.75410705E-004
   2055.35178  -4.77896817E-004
   2054.01801  -4.80402722E-004
   2052.68423  -4.82928656E-004
   2051.35045  -4.85474856E-004
   2050.01667  -4.88041563E-004
   2048.68289  -4.90629022E-004
   2047.34912  -4.93237481E-004
   2046.01534  -4.95867193E-004
   2044.68156  -4.98518415E-004
   2043.34778  -5.01191407E-004
   2042.01400  -5.03886435E-004
   2040.68023  -5.06603766E-004
   2039.34645  -5.09343674E-004
   2038.01267  -5.12106436E-004
   2036.67889  -5.14892336E-004
   2035.34512  -5.17701658E-004
   2034.01134  -5.20534695E-004
   2032.67756  -5.23391743E-004
   2031.34378  -5.26273102E-004
   2030.01000  -5.29179078E-004
   2028.67623  -5.32109982E-004
   2027.34245  -5.35066129E-004
   2026.00867  -5.38047842E-004
   2024.67489  -5.41055446E-004
   2023.34111  -5.44089273E-004
   2022.00734  -5.47149662E-004
   2020.67356  -5.50236955E-004
   2019.33978  -5.53351502E-004
   2018.00600  -5.56493657E-004
   2016.67222  -5.59663782E-004
   2015.33845  -5.62862244E-004
   2014.00467  -5.66089417E-004
   2012.67089  -5.69345681E-004
   2011.33711  -5.72631422E-004
   2010.00333  -5.75947035E-004
   2008.66956  -5.79292919E-004
   2007.33578  -5.82669483E-004
   2006.00200  -5.86077140E-004
   2004.66822  -5.89516313E-004
   2003.33444  -5.92987432E-004
   2002.00067  -5.96490934E-004
   2000.66689  -6.00027264E-004
   1999.33311  -6.03596876E-004
   1997.99933  -6.07200230E-004
   1996.66556  -6.10837797E-004
   1995.33178  -6.14510056E-004
   1993.99800  -6.18217494E-004
   1992.66422  -6.21960607E-004
   1991.33044  -6.25739901E-004
   1989.99667  -6.29555890E-004
   1988.66289  -6.33409101E-004
   1987.32911  -6.37300067E-004
   1985.99533  -6.41229334E-004
   1984.66155  -6.45197456E-004
   1983.32778  -6.49204999E-004
   1981.99400  -6.53252540E-004
   1980.66022  -6.57340666E-004
   1979.32644  -6.61469978E-004
   1977.99266  -6.65641085E-004
   1976.65889  -6.69854611E-004
   1975.32511  -6.74111190E-004
   1973.99133  -6.78411471E-004
   1972.65755  -6.82756114E-004
   1971.32377  -6.87145792E-004
   1969.99000  -6.91581193E-004
   1968.65622  -6.96063018E-004
   1967.32244  -7.00591983E-004
   1965.98866  -7.05168816E-004
   1964.65488  -7.09794264E-004
   1963.32111  -7.14469085E-004
   1961.98733  -7.19194057E-004
   1960.65355  -7.23969970E-004
   1959.31977  -7.28797634E-004
   1957.98600  -7.33677874E-004
   1956.65222  -7.38611533E-004
   1955.31844  -7.43599471E-004
   1953.98466  -7.48642569E-004
   1952.65088  -7.53741723E-004
   1951.31711  -7.58897852E-004
   1949.98333  -7.64111892E-004
   1948.64955  -7.69384801E-004
   1947.31577  -7.74717559E-004
   1945.98199  -7.80111164E-004
   1944.64822  -7.85566640E-004
   1943.31444  -7.91085031E-004
   1941.98066  -7.96667405E-004
   1940.64688  -8.02314856E-004
   1939.31310  -8.08028501E-004
   1937.97933  -8.13809481E-004
   1936.64555  -8.19658966E-004
   1935.31177  -8.25578151E-004
   1933.97799  -8.31568260E-004
   1932.64421  -8.37630544E-004
   1931.31044  -8.43766285E-004
   1929.97666  -8.49976792E-004
   1928.64288  -8.56263409E-004
   1927.30910  -8.62627509E-004
   1925.97533  -8.69070500E-004
   1924.64155  -8.75593822E-004
   1923.30777  -8.82198951E-004
   1921.97399  -8.88887398E-004
   1920.64021  -8.95660713E-004
   1919.30644  -9.02520481E-004
   1917.97266  -9.09468330E-004
   1916.63888  -9.16505925E-004
   1915.30510  -9.23634976E-004
   1913.97132  -9.30857234E-004
   1912.63755  -9.38174496E-004
   1911.30377  -9.45588603E-004
   1909.96999  -9.53101446E-004
   1908.63621  -9.60714961E-004
   1907.30243  -9.68431139E-004
   1905.96866  -9.76252020E-004
   1904.63488  -9.84179699E-004
   1903.30110  -9.92216327E-004
   1901.96732  -1.00036411E-003
   1900.63354  -1.00862532E-003
   1899.29977  -1.01700228E-003
   1897.96599  -1.02549738E-003
   1896.63221  -1.03411309E-003
   1895.29843  -1.04285192E-003
   1893.96465  -1.05171647E-003
   1892.63088  -1.06070941E-003
   1891.29710  -1.06983349E-003
   1889.96332  -1.07909152E-003
   1888.62954  -1.08848641E-003
   1887.29577  -1.09802114E-003
   1885.96199  -1.10769878E-003
   1884.62821  -1.11752249E-003
   1883.29443  -1.12749552E-003
   1881.96065  -1.13762123E-003
   1880.62688  -1.14790307E-003
   1879.29310  -1.15834458E-003
   1877.95932  -1.16894943E-003
   1876.62554  -1.17972138E-003
   1875.29176  -1.19066432E-003
   1873.95799  -1.20178227E-003
   1872.62421  -1.21307934E-003
   1871.29043  -1.22455981E-003
   1869.95665  -1.23622805E-003
   1868.62287  -1.24808862E-003
   1867.28910  -1.26014617E-003
   1865.95532  -1.27240556E-003
   1864.62154  -1.28487176E-003
   1863.28776  -1.29754992E-003
   1861.95398  -1.31044536E-003
   1860.62021  -1.32356359E-003
   1859.28643  -1.33691027E-003
   1857.95265  -1.35049129E-003
   1856.61887  -1.36431272E-003
   1855.28510  -1.37838084E-003
   1853.95132  -1.39270215E-003
   1852.61754  -1.40728337E-003
   1851.28376  -1.42213147E-003
   1849.94998  -1.43725367E-003
   1848.61621  -1.45265742E-003
   1847.28243  -1.46835046E-003
   1845.94865  -1.48434082E-003
   1844.61487  -1.50063681E-003
   1843.28109  -1.51724705E-003
   1841.94732  -1.53418048E-003
   1840.61354  -1.55144638E-003
   1839.27976  -1.56905439E-003
   1837.94598  -1.58701450E-003
   1836.61220  -1.60533711E-003
   1835.27843  -1.62403302E-003
   1833.94465  -1.64311343E-003
   1832.61087  -1.66259002E-003
   1831.27709  -1.68247491E-003
   1829.94331  -1.70278074E-003
   1828.60954  -1.72352065E-003
   1827.27576  -1.74470831E-003
   1825.94198  -1.76635799E-003
   1824.60820  -1.78848453E-003
   1823.27442  -1.81110343E-003
   1821.94065  -1.83423082E-003
   1820.60687  -1.85788355E-003
   1819.27309  -1.88207922E-003
   1817.93931  -1.90683618E-003
   1816.60554  -1.93217361E-003
   1815.27176  -1.95811157E-003
   1813.93798  -1.98467102E-003
   1812.60420  -2.01187387E-003
   1811.27042  -2.03974308E-003
   1809.93665  -2.06830269E-003
   1808.60287  -2.09757785E-003
   1807.26909  -2.12759494E-003
   1805.93531  -2.15838164E-003
   1804.60153  -2.18996696E-003
   1803.26776  -2.22238137E-003
   1801.93398  -2.25565687E-003
   1800.60020  -2.28982707E-003
   1799.26642  -2.32492733E-003
   1797.93264  -2.36099485E-003
   1796.59887  -2.39806878E-003
   1795.26509  -2.43619035E-003
   1793.93131  -2.47540303E-003
   1792.59753  -2.51575266E-003
   1791.26375  -2.55728760E-003
   1789.92998  -2.60005893E-003
   1788.59620  -2.64412063E-003
   1787.26242  -2.68952977E-003
   1785.92864  -2.73634674E-003
   1784.59486  -2.78463550E-003
   1783.26109  -2.83446380E-003
   1781.92731  -2.88590354E-003
   1780.59353  -2.93903098E-003
   1779.25975  -2.99392715E-003
   1777.92598  -3.05067820E-003
   1776.59220  -3.10937577E-003
   1775.25842  -3.17011747E-003
   1773.92464  -3.23300731E-003
   1772.59086  -3.29815627E-003
   1771.25709  -3.36568286E-003
   1769.92331  -3.43571375E-003
   1768.58953  -3.50838445E-003
   1767.25575  -3.58384013E-003
   1765.92197  -3.66223641E-003
   1764.58820  -3.74374034E-003
   1763.25442  -3.82853142E-003
   1761.92064  -3.91680276E-003
   1760.58686  -4.00876236E-003
   1759.25308  -4.10463454E-003
   1757.91931  -4.20466151E-003
   1756.58553  -4.30910519E-003
   1755.25175  -4.41824915E-003
   1753.91797  -4.53240087E-003
   1752.58419  -4.65189425E-003
   1751.25042  -4.77709241E-003
   1749.91664  -4.90839091E-003
   1748.58286  -5.04622132E-003
   1747.24908  -5.19105535E-003
   1745.91531  -5.34340948E-003
   1744.58153  -5.50385027E-003
   1743.24775  -5.67300040E-003
   1741.91397  -5.85154568E-003
   1740.58019  -6.04024299E-003
   1739.24642  -6.23992951E-003
   1737.91264  -6.45153343E-003
   1736.57886  -6.67608629E-003
   1735.24508  -6.91473747E-003
   1733.91130  -7.16877106E-003
   1732.57753  -7.43962574E-003
   1731.24375  -7.72891816E-003
   1729.90997  -8.03847071E-003
   1728.57619  -8.37034450E-003
   1727.24241  -8.72687893E-003
   1725.90864  -9.11073910E-003
   1724.57486  -9.52497329E-003
   1723.24108  -9.97308284E-003
   1721.90730  -1.04591076E-002
   1720.57352  -1.09877312E-002
   1719.23975  -1.15644120E-002
   1717.90597  -1.21955461E-002
   1716.57219  -1.28886739E-002
   1715.23841  -1.36527412E-002
   1713.90463  -1.44984358E-002
   1712.57086  -1.54386224E-002
   1711.23708  -1.64889126E-002
   1709.90330  -1.76684200E-002
   1708.56952  -1.90007717E-002
   1707.23575  -2.05154820E-002
   1705.90197  -2.22498431E-002
   1704.56819  -2.42515646E-002
   1703.23441  -2.65825155E-002
   1701.90063  -2.93241106E-002
   1700.56686  -3.25851848E-002
   1699.23308  -3.65136738E-002
   1697.89930  -4.13141486E-002
   1696.56552  -4.72743104E-002
   1695.23174  -5.48047882E-002
   1693.89797  -6.44969664E-002
   1692.56419  -7.71986090E-002
   1691.23041  -9.40808300E-002
   1689.89663  -1.16573129E-001
   1688.56285  -1.45759909E-001
   1687.22908  -1.80309311E-001
   1685.89530  -2.12421488E-001
   1684.56152  -2.26825139E-001
   1683.22774  -2.13408343E-001
   1681.89396  -1.81922633E-001
   1680.56019  -1.54306116E-001
   1679.22641  -1.49616119E-001
   1677.89263  -1.75851739E-001
   1676.55885  -2.30284662E-001
   1675.22508  -3.08824429E-001
   1673.89130  -4.09522535E-001
   1672.55752  -5.23406774E-001
   1671.22374  -6.19443274E-001
   1669.88996  -6.49239867E-001
   1668.55619  -5.94565316E-001
   1667.22241  -4.91805991E-001
   1665.88863  -3.86776787E-001
   1664.55485  -3.00914004E-001
   1663.22107  -2.36817864E-001
   1661.88730  -1.90538118E-001
   1660.55352  -1.57495688E-001
   1659.21974  -1.34120762E-001
   1657.88596  -1.17979985E-001
   1656.55218  -1.07564598E-001
   1655.21841  -1.02086055E-001
   1653.88463  -1.01339418E-001
   1652.55085  -1.05581203E-001
   1651.21707  -1.15226762E-001
   1649.88329  -1.29886073E-001
   1648.54952  -1.46169972E-001
   1647.21574  -1.55879126E-001
   1645.88196  -1.50794427E-001
   1644.54818  -1.32312880E-001
   1643.21440  -1.09416470E-001
   1641.88063  -8.88743577E-002
   1640.54685  -7.27289506E-002
   1639.21307  -6.06226545E-002
   1637.87929  -5.16226203E-002
   1636.54552  -4.48840204E-002
   1635.21174  -3.97792103E-002
   1633.87796  -3.58712777E-002
   1632.54418  -3.28632938E-002
   1631.21040  -3.05566287E-002
   1629.87663  -2.88226237E-002
   1628.54285  -2.75853913E-002
   1627.20907  -2.68130882E-002
   1625.87529  -2.65155855E-002
   1624.54151  -2.67458363E-002
   1623.20774  -2.75971472E-002
   1621.87396  -2.91708372E-002
   1620.54018  -3.14476917E-002
   1619.20640  -3.39783145E-002
   1617.87262  -3.56027498E-002
   1616.53885  -3.50961064E-002
   1615.20507  -3.25982223E-002
   1613.87129  -2.94148543E-002
   1612.53751  -2.65735721E-002
   1611.20373  -2.44024043E-002
   1609.86996  -2.28619640E-002
   1608.53618  -2.18212869E-002
   1607.20240  -2.11606139E-002
   1605.86862  -2.07924000E-002
   1604.53484  -2.06580844E-002
   1603.20107  -2.07208895E-002
   1601.86729  -2.09598779E-002
   1600.53351  -2.13659836E-002
   1599.19973  -2.19397049E-002
   1597.86596  -2.26900669E-002
   1596.53218  -2.36346058E-002
   1595.19840  -2.48002802E-002
   1593.86462  -2.62253738E-002
   1592.53084  -2.79626119E-002
   1591.19707  -3.00839209E-002
   1589.86329  -3.26875435E-002
   1588.52951  -3.59086617E-002
   1587.19573  -3.99353497E-002
   1585.86195  -4.50327415E-002
   1584.52818  -5.15798878E-002
   1583.19440  -6.01259447E-002
   1581.86062  -7.14743787E-002
   1580.52684  -8.68020526E-002
   1579.19306  -1.07799947E-001
   1577.85929  -1.36735385E-001
   1576.52551  -1.76046036E-001
   1575.19173  -2.26354981E-001
   1573.85795  -2.81120555E-001
   1572.52417  -3.20073467E-001
   1571.19040  -3.17067464E-001
   1569.85662  -2.68114268E-001
   1568.52284  -1.95721297E-001
   1567.18906  -1.20938297E-001
   1565.85529  -5.01924994E-002
   1564.52151   1.96414701E-002
   1563.18773   9.53506254E-002
   1561.85395   1.84263734E-001
   1560.52017   2.90292963E-001
   1559.18640   4.04281248E-001
   1557.85262   4.90402616E-001
   1556.51884   4.96220040E-001
   1555.18506   4.06508022E-001
   1553.85128   2.62215374E-001
   1552.51751   1.07873923E-001
   1551.18373  -4.05361088E-002
   1549.84995  -1.87467264E-001
   1548.51617  -3.44535638E-001
   1547.18239  -5.21268244E-001
   1545.84862  -7.12465156E-001
   1544.51484  -8.79597803E-001
   1543.18106  -9.55815103E-001
   1541.84728  -9.11992441E-001
   1540.51350  -7.98450173E-001
   1539.17973  -6.83925559E-001
   1537.84595  -6.03651635E-001
   1536.51217  -5.65936785E-001
   1535.17839  -5.70645621E-001
   1533.84461  -6.18649715E-001
   1532.51084  -7.14388792E-001
   1531.17706  -8.63669192E-001
   1529.84328  -1.06326949E+000
   1528.50950  -1.27658474E+000
   1527.17573  -1.41308100E+000
   1525.84195  -1.38093302E+000
   1524.50817  -1.19510779E+000
   1523.17439  -9.56242238E-001
   1521.84061  -7.40895208E-001
   1520.50684  -5.72582297E-001
   1519.17306  -4.47668765E-001
   1517.83928  -3.55917662E-001
   1516.50550  -2.87997824E-001
   1515.17172  -2.36959536E-001
   1513.83795  -1.97943731E-001
   1512.50417  -1.67608641E-001
   1511.17039  -1.43650730E-001
   1509.83661  -1.24466710E-001
   1508.50283  -1.08928044E-001
   1507.16906  -9.62333614E-002
   1505.83528  -8.58127045E-002
   1504.50150  -7.72663361E-002
   1503.16772  -7.03275104E-002
   1501.83394  -6.48432959E-002
   1500.50017  -6.07710117E-002
   1499.16639  -5.81905780E-002
   1497.83261  -5.73349519E-002
   1496.49883  -5.86395802E-002
   1495.16506  -6.27982278E-002
   1493.83128  -7.07548416E-002
   1492.49750  -8.33645442E-002
   1491.16372  -9.99193060E-002
   1489.82994  -1.13924609E-001
   1488.49617  -1.06507438E-001
   1487.16239  -5.16781188E-002
   1485.82861   4.54720617E-002
   1484.49483   1.29003660E-001
   1483.16105   1.57148198E-001
   1481.82728   1.43555161E-001
   1480.49350   1.17685127E-001
   1479.15972   9.52152108E-002
   1477.82594   8.01360347E-002
   1476.49216   7.20815499E-002
   1475.15839   6.99144255E-002
   1473.82461   7.28326601E-002
   1472.49083   8.06066744E-002
   1471.15705   9.36227001E-002
   1469.82327   1.12948709E-001
   1468.48950   1.40479855E-001
   1467.15572   1.79137502E-001
   1465.82194   2.32917810E-001
   1464.48816   3.06033904E-001
   1463.15438   3.99083388E-001
   1461.82061   4.99277850E-001
   1460.48683   5.70142215E-001
   1459.15305   5.69342558E-001
   1457.81927   4.96956716E-001
   1456.48550   3.95311855E-001
   1455.15172   3.00694643E-001
   1453.81794   2.25692377E-001
   1452.48416   1.69520972E-001
   1451.15038   1.27748744E-001
   1449.81661   9.60797056E-002
   1448.48283   7.11624614E-002
   1447.14905   5.04899560E-002
   1445.81527   3.21728448E-002
   1444.48149   1.48997869E-002
   1443.14772  -1.63555288E-003
   1441.81394  -1.57808952E-002
   1440.48016  -2.39644127E-002
   1439.14638  -2.41853646E-002
   1437.81260  -1.89563949E-002
   1436.47883  -1.22557136E-002
   1435.14505  -6.18432988E-003
   1433.81127  -1.07032804E-003
   1432.47749   3.49237045E-003
   1431.14371   8.10422100E-003
   1429.80994   1.34290243E-002
   1428.47616   2.02199752E-002
   1427.14238   2.93580488E-002
   1425.80860   4.17412756E-002
   1424.47482   5.76547717E-002
   1423.14105   7.50346708E-002
   1421.80727   8.73164194E-002
   1420.47349   8.59758330E-002
   1419.13971   6.97388176E-002
   1417.80594   4.61107090E-002
   1416.47216   2.22399946E-002
   1415.13838   5.83212575E-004
   1413.80460  -1.93970420E-002
   1412.47082  -3.92525965E-002
   1411.13705  -6.05874776E-002
   1409.80327  -8.42477632E-002
   1408.46949  -1.08789417E-001
   1407.13571  -1.29048848E-001
   1405.80193  -1.39336944E-001
   1404.46816  -1.40975338E-001
   1403.13438  -1.41799985E-001
   1401.80060  -1.48843338E-001
   1400.46682  -1.66093135E-001
   1399.13304  -1.96135814E-001
   1397.79927  -2.40760589E-001
   1396.46549  -2.98262495E-001
   1395.13171  -3.56508030E-001
   1393.79793  -3.89018853E-001
   1392.46415  -3.73565270E-001
   1391.13038  -3.19442924E-001
   1389.79660  -2.54751077E-001
   1388.46282  -1.97943198E-001
   1387.12904  -1.53661668E-001
   1385.79527  -1.20210069E-001
   1384.46149  -9.45153528E-002
   1383.12771  -7.38169462E-002
   1381.79393  -5.60780774E-002
   1380.46015  -4.03401444E-002
   1379.12638  -2.74649558E-002
   1377.79260  -2.02234750E-002
   1376.45882  -2.04874243E-002
   1375.12504  -2.63143248E-002
   1373.79126  -3.41825332E-002
   1372.45749  -4.21005104E-002
   1371.12371  -4.97122511E-002
   1369.78993  -5.73860518E-002
   1368.45615  -6.57028364E-002
   1367.12237  -7.53234857E-002
   1365.78860  -8.70198105E-002
   1364.45482  -1.01772794E-001
   1363.12104  -1.20917770E-001
   1361.78726  -1.46340468E-001
   1360.45348  -1.80708317E-001
   1359.11971  -2.27603205E-001
   1357.78593  -2.91015269E-001
   1356.45215  -3.72611950E-001
   1355.11837  -4.64033817E-001
   1353.78459  -5.36478760E-001
   1352.45082  -5.49959303E-001
   1351.11704  -4.95587628E-001
   1349.78326  -4.07565420E-001
   1348.44948  -3.21805511E-001
   1347.11571  -2.53043053E-001
   1345.78193  -2.01989614E-001
   1344.44815  -1.64996068E-001
   1343.11437  -1.38243148E-001
   1341.78059  -1.18781806E-001
   1340.44682  -1.04534241E-001
   1339.11304  -9.40786381E-002
   1337.77926  -8.64480102E-002
   1336.44548  -8.09839798E-002
   1335.11170  -7.72385901E-002
   1333.77793  -7.49103619E-002
   1332.44415  -7.38033667E-002
   1331.11037  -7.38016965E-002
   1329.77659  -7.48545581E-002
   1328.44281  -7.69692359E-002
   1327.10904  -8.02106070E-002
   1325.77526  -8.47070527E-002
   1324.44148  -9.06637198E-002
   1323.10770  -9.83854062E-002
   1321.77392  -1.08313135E-001
   1320.44015  -1.21081050E-001
   1319.10637  -1.37603783E-001
   1317.77259  -1.59208210E-001
   1316.43881  -1.87823056E-001
   1315.10504  -2.26217294E-001
   1313.77126  -2.78171599E-001
   1312.43748  -3.48094816E-001
   1311.10370  -4.38599393E-001
   1309.76992  -5.43211241E-001
   1308.43615  -6.35238095E-001
   1307.10237  -6.73540983E-001
   1305.76859  -6.44703124E-001
   1304.43481  -5.83059412E-001
   1303.10103  -5.30705055E-001
   1301.76726  -5.09324966E-001
   1300.43348  -5.25206659E-001
   1299.09970  -5.76866887E-001
   1297.76592  -6.51513445E-001
   1296.43214  -7.14368584E-001
   1295.09837  -7.17584742E-001
   1293.76459  -6.47273616E-001
   1292.43081  -5.39903882E-001
   1291.09703  -4.36227106E-001
   1289.76325  -3.53399534E-001
   1288.42948  -2.92308033E-001
   1287.09570  -2.48692643E-001
   1285.76192  -2.18088062E-001
   1284.42814  -1.97074396E-001
   1283.09436  -1.83294564E-001
   1281.76059  -1.75213507E-001
   1280.42681  -1.71895862E-001
   1279.09303  -1.72853766E-001
   1277.75925  -1.77960257E-001
   1276.42548  -1.87416873E-001
   1275.09170  -2.01769522E-001
   1273.75792  -2.21975052E-001
   1272.42414  -2.49530636E-001
   1271.09036  -2.86689759E-001
   1269.75659  -3.36801286E-001
   1268.42281  -4.04813314E-001
   1267.08903  -4.97943241E-001
   1265.75525  -6.26293330E-001
   1264.42147  -8.02364835E-001
   1263.08770  -1.03601103E+000
   1261.75392  -1.31698828E+000
   1260.42014  -1.58115785E+000
   1259.08636  -1.70325317E+000
   1257.75258  -1.60040264E+000
   1256.41881  -1.33835145E+000
   1255.08503  -1.04446168E+000
   1253.75125  -7.91001971E-001
   1252.41747  -5.91921121E-001
   1251.08369  -4.37774486E-001
   1249.74992  -3.17122801E-001
   1248.41614  -2.26284518E-001
   1247.08236  -1.72179784E-001
   1245.74858  -1.61399277E-001
   1244.41480  -1.82278965E-001
   1243.08103  -2.09513312E-001
   1241.74725  -2.26394857E-001
   1240.41347  -2.34770445E-001
   1239.07969  -2.44334524E-001
   1237.74592  -2.59429897E-001
   1236.41214  -2.73948780E-001
   1235.07836  -2.73787633E-001
   1233.74458  -2.50996515E-001
   1232.41080  -2.14010493E-001
   1231.07703  -1.76192958E-001
   1229.74325  -1.44308705E-001
   1228.40947  -1.19204012E-001
   1227.07569  -9.94962189E-002
   1225.74191  -8.34754433E-002
   1224.40814  -6.96406534E-002
   1223.07436  -5.67724698E-002
   1221.74058  -4.40413998E-002
   1220.40680  -3.15042600E-002
   1219.07302  -2.10190898E-002
   1217.73925  -1.60223561E-002
   1216.40547  -1.81221177E-002
   1215.07169  -2.48001341E-002
   1213.73791  -3.25309367E-002
   1212.40413  -3.95872847E-002
   1211.07036  -4.57649788E-002
   1209.73658  -5.14443736E-002
   1208.40280  -5.71273914E-002
   1207.06902  -6.33229814E-002
   1205.73525  -7.05674444E-002
   1204.40147  -7.94903972E-002
   1203.06769  -9.09020299E-002
   1201.73391  -1.05888366E-001
   1200.40013  -1.25858525E-001
   1199.06636  -1.52327277E-001
   1197.73258  -1.85816503E-001
   1196.39880  -2.22906834E-001
   1195.06502  -2.52767308E-001
   1193.73124  -2.62053667E-001
   1192.39747  -2.50871224E-001
   1191.06369  -2.34576108E-001
   1189.72991  -2.28312031E-001
   1188.39613  -2.40567426E-001
   1187.06235  -2.74546127E-001
   1185.72858  -3.28627266E-001
   1184.39480  -3.93578532E-001
   1183.06102  -4.46092774E-001
   1181.72724  -4.55325735E-001
   1180.39346  -4.14212230E-001
   1179.05969  -3.48664898E-001
   1177.72591  -2.86640327E-001
   1176.39213  -2.40400992E-001
   1175.05835  -2.10865626E-001
   1173.72457  -1.94924350E-001
   1172.39080  -1.89670506E-001
   1171.05702  -1.93665405E-001
   1169.72324  -2.06884735E-001
   1168.38946  -2.30584846E-001
   1167.05569  -2.67388543E-001
   1165.72191  -3.21496840E-001
   1164.38813  -3.98618028E-001
   1163.05435  -5.04297587E-001
   1161.72057  -6.37319576E-001
   1160.38680  -7.74490183E-001
   1159.05302  -8.59229757E-001
   1157.71924  -8.37341655E-001
   1156.38546  -7.22400566E-001
   1155.05168  -5.77365701E-001
   1153.71791  -4.47803445E-001
   1152.38413  -3.47005949E-001
   1151.05035  -2.72379659E-001
   1149.71657  -2.17641449E-001
   1148.38279  -1.77155924E-001
   1147.04902  -1.46748283E-001
   1145.71524  -1.23505596E-001
   1144.38146  -1.05425482E-001
   1143.04768  -9.11264743E-002
   1141.71390  -7.96443445E-002
   1140.38013  -7.02960172E-002
   1139.04635  -6.25898992E-002
   1137.71257  -5.61666659E-002
   1136.37879  -5.07597948E-002
   1135.04502  -4.61689333E-002
   1133.71124  -4.22416864E-002
   1132.37746  -3.88610044E-002
   1131.04368  -3.59363549E-002
   1129.70990  -3.33975033E-002
   1128.37613  -3.11901347E-002
   1127.04235  -2.92728222E-002
   1125.70857  -2.76150295E-002
   1124.37479  -2.61959731E-002
   1123.04101  -2.50042821E-002
   1121.70724  -2.40385004E-002
   1120.37346  -2.33086092E-002
   1119.03968  -2.28389150E-002
   1117.70590  -2.26729102E-002
   1116.37212  -2.28810947E-002
   1115.03835  -2.35733197E-002
   1113.70457  -2.49179553E-002
   1112.37079  -2.71707624E-002
   1111.03701  -3.07151157E-002
   1109.70323  -3.61060245E-002
   1108.36946  -4.40730187E-002
   1107.03568  -5.53172067E-002
   1105.70190  -6.96605367E-002
   1104.36812  -8.39569524E-002
   1103.03434  -9.00730651E-002
   1101.70057  -7.89490868E-002
   1100.36679  -5.02841500E-002
   1099.03301  -1.15134113E-002
   1097.69923   3.21723844E-002
   1096.36546   8.09166856E-002
   1095.03168   1.37204138E-001
   1093.69790   2.00960231E-001
   1092.36412   2.62302001E-001
   1091.03034   2.97618253E-001
   1089.69657   2.86605620E-001
   1088.36279   2.37926244E-001
   1087.02901   1.77935106E-001
   1085.69523   1.24119497E-001
   1084.36145   8.09924442E-002
   1083.02768   4.70381648E-002
   1081.69390   1.93714021E-002
   1080.36012  -4.71315954E-003
   1079.02634  -2.75340823E-002
   1077.69256  -5.12163566E-002
   1076.35879  -7.79810832E-002
   1075.02501  -1.10459314E-001
   1073.69123  -1.51971987E-001
   1072.35745  -2.06520860E-001
   1071.02367  -2.77593022E-001
   1069.68990  -3.63582784E-001
   1068.35612  -4.47978914E-001
   1067.02234  -4.94369787E-001
   1065.68856  -4.72987480E-001
   1064.35478  -3.97790310E-001
   1063.02101  -3.07612980E-001
   1061.68723  -2.27356998E-001
   1060.35345  -1.63062081E-001
   1059.01967  -1.12669961E-001
   1057.68590  -7.36304115E-002
   1056.35212  -4.57836594E-002
   1055.01834  -2.97150154E-002
   1053.68456  -2.29604042E-002
   1052.35078  -2.08418513E-002
   1051.01701  -2.00225256E-002
   1049.68323  -1.92076261E-002
   1048.34945  -1.81488172E-002
   1047.01567  -1.69131404E-002
   1045.68189  -1.56076679E-002
   1044.34812  -1.43116216E-002
   1043.01434  -1.30720960E-002
   1041.68056  -1.19130811E-002
   1040.34678  -1.08442567E-002
   1039.01300  -9.86716507E-003
   1037.67923  -8.97910249E-003
   1036.34545  -8.17545563E-003
   1035.01167  -7.45106788E-003
   1033.67789  -6.80102687E-003
   1032.34411  -6.22111813E-003
   1031.01034  -5.70809506E-003
   1029.67656  -5.25985717E-003
   1028.34278  -4.87559508E-003
   1027.00900  -4.55594146E-003
   1025.67523  -4.30315831E-003
   1024.34145  -4.12138834E-003
   1023.00767  -4.01700061E-003
   1021.67389  -3.99906888E-003
   1020.34011  -4.08003411E-003
   1019.00634  -4.27662513E-003
   1017.67256  -4.61114485E-003
   1016.33878  -5.11328220E-003
   1015.00500  -5.82269134E-003
   1013.67122  -6.79270826E-003
   1012.33745  -8.09577747E-003
   1011.00367  -9.83148325E-003
   1009.66989  -1.21385844E-002
   1008.33611  -1.52132161E-002
   1007.00233  -1.93364726E-002
   1005.66856  -2.49156064E-002
   1004.33478  -3.25423996E-002
   1003.00100  -4.30632823E-002
   1001.66722  -5.76163124E-002
   1000.33344  -7.74574285E-002
    998.99967  -1.03063791E-001
    997.66589  -1.31665993E-001
    996.33211  -1.54102652E-001
    994.99833  -1.58201220E-001
    993.66455  -1.41906328E-001
    992.33078  -1.15881721E-001
    990.99700  -9.06970665E-002
    989.66322  -7.07895694E-002
    988.32944  -5.68023529E-002
    986.99567  -4.80943525E-002
    985.66189  -4.38843913E-002
    984.32811  -4.36807577E-002
    982.99433  -4.74199747E-002
    981.66055  -5.55792285E-002
    980.32678  -6.95009726E-002
    978.99300  -9.23267613E-002
    977.65922  -1.31091238E-001
    976.32544  -1.98804219E-001
    974.99166  -3.07812059E-001
    973.65789  -4.44697210E-001
    972.32411  -5.56860109E-001
    970.99033  -6.00437071E-001
    969.65655  -5.96449488E-001
    968.32277  -6.02451230E-001
    966.98900  -6.57580476E-001
    965.65522  -7.62764993E-001
    964.32144  -8.63819716E-001
    962.98766  -8.37609208E-001
    961.65388  -5.58101279E-001
    960.32011  -1.82153742E-002
    958.98633   6.97575842E-001
    957.65255   1.53969906E+000
    956.31877   2.50740468E+000
    954.98499   3.55375230E+000
    953.65122   4.46019228E+000
    952.31744   4.85524292E+000
    950.98366   4.57560904E+000
    949.64988   3.89699711E+000
    948.31611   3.19141732E+000
    946.98233   2.62482648E+000
    945.64855   2.18325161E+000
    944.31477   1.80037632E+000
    942.98099   1.45241779E+000
    941.64722   1.15531789E+000
    940.31344   9.19348400E-001
    938.97966   7.38732113E-001
    937.64588   6.01543294E-001
    936.31210   4.96550161E-001
    934.97833   4.15086746E-001
    933.64455   3.50898121E-001
    932.31077   2.99548136E-001
    930.97699   2.57881854E-001
    929.64321   2.23630301E-001
    928.30944   1.95138143E-001
    926.97566   1.71179429E-001
    925.64188   1.50832786E-001
    924.30810   1.33396108E-001
    922.97432   1.18327497E-001
    921.64055   1.05203808E-001
    920.30677   9.36911545E-002
    918.97299   8.35236554E-002
    917.63921   7.44879509E-002
    916.30544   6.64118226E-002
    914.97166   5.91557900E-002
    913.63788   5.26069149E-002
    912.30410   4.66742916E-002
    910.97032   4.12858814E-002
    909.63655   3.63864848E-002
    908.30277   3.19367577E-002
    906.96899   2.79132897E-002
    905.63521   2.43098834E-002
    904.30143   2.11403300E-002
    902.96766   1.84431947E-002
    901.63388   1.62894544E-002
    900.30010   1.47943355E-002
    898.96632   1.41355013E-002
    897.63254   1.45810012E-002
    896.29877   1.65323594E-002
    894.96499   2.05910628E-002
    893.63121   2.76602809E-002
    892.29743   3.90955222E-002
    890.96365   5.69075387E-002
    889.62988   8.39597007E-002
    888.29610   1.23868963E-001
    886.96232   1.79615844E-001
    885.62854   2.48457249E-001
    884.29476   3.11119053E-001
    882.96099   3.26064770E-001
    881.62721   2.57588903E-001
    880.29343   1.16144186E-001
    878.95965  -6.09258660E-002
    877.62588  -2.52049812E-001
    876.29210  -4.56353315E-001
    874.95832  -6.75496691E-001
    873.62454  -8.90297179E-001
    872.29076  -1.04748407E+000
    870.95699  -1.09845172E+000
    869.62321  -1.06550080E+000
    868.28943  -1.01981123E+000
    866.95565  -1.01473625E+000
    865.62187  -1.07383294E+000
    864.28810  -1.20953149E+000
    862.95432  -1.43749917E+000
    861.62054  -1.78336466E+000
    860.28676  -2.28414781E+000
    858.95298  -2.97905273E+000
    857.61921  -3.86916175E+000
    856.28543  -4.81680937E+000
    854.95165  -5.44462362E+000
    853.61787  -5.32775181E+000
    852.28409  -4.47847495E+000
    850.95032  -3.32108497E+000
    849.61654  -2.20399531E+000
    848.28276  -1.23310491E+000
    846.94898  -3.76536323E-001
    845.61521   4.41880327E-001
    844.28143   1.30722351E+000
    842.94765   2.29933570E+000
    841.61387   3.46023563E+000
    840.28009   4.70219796E+000
    838.94632   5.68263586E+000
    837.61254   5.91993317E+000
    836.27876   5.31205660E+000
    834.94498   4.28192881E+000
    833.61120   3.27123721E+000
    832.27743   2.46200830E+000
    830.94365   1.86481975E+000
    829.60987   1.43709393E+000
    828.27609   1.13448371E+000
    826.94231   9.23881872E-001
    825.60854   7.83883079E-001
    824.27476   7.02785239E-001
    822.94098   6.76896109E-001
    821.60720   7.09194284E-001
    820.27342   8.06408398E-001
    818.93965   9.68702936E-001
    817.60587   1.16083735E+000
    816.27209   1.26703550E+000
    814.93831   1.10651468E+000
    813.60453   5.91154170E-001
    812.27076  -1.91520680E-001
    810.93698  -1.13215111E+000
    809.60320  -2.21033906E+000
    808.26942  -3.44666644E+000
    806.93565  -4.77569967E+000
    805.60187  -5.89419258E+000
    804.26809  -6.29610201E+000
    802.93431  -5.74659610E+000
    801.60053  -4.60062612E+000
    800.26676  -3.36217048E+000
    798.93298  -2.27722387E+000
    797.59920  -1.36873308E+000
    796.26542  -5.71639876E-001
    794.93164   1.99499007E-001
    793.59787   1.02953509E+000
    792.26409   1.98519312E+000
    790.93031   3.05847643E+000
    789.59653   4.03879058E+000
    788.26275   4.43130123E+000
    786.92898   3.78117705E+000
    785.59520   2.19068029E+000
    784.26142   1.15439467E-001
    782.92764  -2.15263486E+000
    781.59386  -4.50043860E+000
    780.26009  -6.67509606E+000
    778.92631  -8.05428316E+000
    777.59253  -8.03973746E+000
    776.25875  -6.82410629E+000
    774.92497  -5.16925618E+000
    773.59120  -3.61798529E+000
    772.25742  -2.32109503E+000
    770.92364  -1.23127757E+000
    769.58986  -2.46387544E-001
    768.25609   7.36292623E-001
    766.92231   1.79079734E+000
    765.58853   2.90161972E+000
    764.25475   3.85463323E+000
    762.92097   4.24100555E+000
    761.58720   3.83058695E+000
    760.25342   2.87500451E+000
    758.91964   1.77491660E+000
    757.58586   7.32306618E-001
    756.25208  -2.19448511E-001
    754.91831  -1.06487986E+000
    753.58453  -1.69909837E+000
    752.25075  -1.96704724E+000
    750.91697  -1.86764726E+000
    749.58319  -1.59073458E+000
    748.24942  -1.31599161E+000
    746.91564  -1.11877408E+000
    745.58186  -1.01065832E+000
    744.24808  -9.85604658E-001
    742.91430  -1.03991462E+000
    741.58053  -1.17723886E+000
    740.24675  -1.40545701E+000
    738.91297  -1.72129225E+000
    737.57919  -2.07255005E+000
    736.24542  -2.31891786E+000
    734.91164  -2.29964526E+000
    733.57786  -2.01515126E+000
    732.24408  -1.62470571E+000
    730.91030  -1.26430841E+000
    729.57653  -9.80949660E-001
    728.24275  -7.71608159E-001
    726.90897  -6.19446066E-001
    725.57519  -5.07463413E-001
    724.24141  -4.21720098E-001
    722.90764  -3.52948859E-001
    721.57386  -2.96823265E-001
    720.24008  -2.51326084E-001
    718.90630  -2.14632983E-001
    717.57252  -1.84906365E-001
    716.23875  -1.60564503E-001
    714.90497  -1.40370524E-001
    713.57119  -1.23390351E-001
    712.23741  -1.08920025E-001
    710.90363  -9.64208470E-002
    709.56986  -8.54690209E-002
    708.23608  -7.57169850E-002
    706.90230  -6.68618093E-002
    705.56852  -5.86160487E-002
    704.23474  -5.06764166E-002
    702.90097  -4.26854194E-002
    701.56719  -3.41818646E-002
    700.23341  -2.45429575E-002
    698.89963  -1.29509259E-002
    697.56586   1.47678606E-003
    696.23208   1.89569767E-002
    694.89830   3.67797337E-002
    693.56452   4.52858589E-002
    692.23074   2.76701674E-002
    690.89697  -2.76256621E-002
    689.56319  -1.16791112E-001
    688.22941  -2.31232649E-001
    686.89563  -3.65406870E-001
    685.56185  -5.04981656E-001
    684.22808  -6.08648762E-001
    682.89430  -6.21669743E-001
    681.56052  -5.35771553E-001
    680.22674  -4.01454931E-001
    678.89296  -2.68429205E-001
    677.55919  -1.56032959E-001
    676.22541  -6.43065297E-002
    674.89163   1.27118451E-002
    673.55785   8.14387676E-002
    672.22407   1.47506645E-001
    670.89030   2.15970501E-001
    669.55652   2.91891595E-001
    668.22274   3.81044095E-001
    666.88896   4.90764167E-001
    665.55519   6.31030191E-001
    664.22141   8.15790774E-001
    662.88763   1.06412501E+000
    661.55385   1.39923836E+000
    660.22007   1.83874693E+000
    658.88630   2.36174262E+000
    657.55252   2.84698624E+000
    656.21874   3.06570575E+000
    654.88496   2.87766925E+000
    653.55118   2.41331204E+000
    652.21741   1.90377221E+000
    650.88363   1.47664687E+000
    649.54985   1.15669550E+000
    648.21607   9.28169111E-001
    646.88229   7.69309058E-001
    645.54852   6.62933987E-001
    644.21474   5.97909180E-001
    642.88096   5.68263795E-001
    641.54718   5.71671263E-001
    640.21340   6.06450744E-001
    638.87963   6.64375883E-001
    637.54585   7.18977855E-001
    636.21207   7.26813623E-001
    634.87829   6.65870100E-001
    633.54451   5.62923738E-001
    632.21074   4.58039669E-001
    630.87696   3.71300196E-001
    629.54318   3.05523228E-001
    628.20940   2.57229612E-001
    626.87563   2.22236788E-001
    625.54185   1.97265886E-001
    624.20807   1.80102347E-001
    622.87429   1.69423918E-001
    621.54051   1.64636611E-001
    620.20674   1.65797521E-001
    618.87296   1.73631565E-001
    617.53918   1.89617729E-001
    616.20540   2.16037140E-001
    614.87162   2.55588679E-001
    613.53785   3.09425333E-001
    612.20407   3.71574147E-001
    610.87029   4.21118370E-001
    609.53651   4.28203753E-001
    608.20273   3.85002427E-001
    606.86896   3.16135430E-001
    605.53518   2.48523433E-001
    604.20140   1.93500477E-001
    602.86762   1.51748078E-001
    601.53384   1.20558802E-001
    600.20007   9.70493505E-002
    598.86629   7.89738413E-002
    597.53251   6.47349601E-002
    596.19873   5.32245644E-002
    594.86495   4.36722468E-002
    593.53118   3.55342172E-002
    592.19740   2.84177463E-002
    590.86362   2.20308006E-002
    589.52984   1.61482600E-002
    588.19607   1.05886921E-002
    586.86229   5.19764793E-003
    585.52851  -1.65264147E-004
    584.19473  -5.63751325E-003
    582.86095  -1.13645607E-002
    581.52718  -1.75117910E-002
    580.19340  -2.42777602E-002
    578.85962  -3.19054002E-002
    577.52584  -4.06752577E-002
    576.19206  -5.08309277E-002
    574.85829  -6.23394412E-002
    573.52451  -7.45119693E-002
    572.19073  -8.61838065E-002
    570.85695  -9.71792004E-002
    569.52317  -1.09102081E-001
    568.18940  -1.24016764E-001
    566.85562  -1.43492624E-001
    565.52184  -1.68885965E-001
    564.18806  -2.01877212E-001
    562.85428  -2.44895702E-001
    561.52051  -3.01530698E-001
    560.18673  -3.77023291E-001
    558.85295  -4.78753743E-001
    557.51917  -6.16111723E-001
    556.18540  -7.97618098E-001
    554.85162  -1.02020562E+000
    553.51784  -1.24686911E+000
    552.18406  -1.39731674E+000
    550.85028  -1.41104846E+000
    549.51651  -1.32664367E+000
    548.18273  -1.23296596E+000
    546.84895  -1.18884239E+000
    545.51517  -1.22338105E+000
    544.18139  -1.35741263E+000
    542.84762  -1.60435108E+000
    541.51384  -1.94995914E+000
    540.18006  -2.30464109E+000
    538.84628  -2.47630426E+000
    537.51250  -2.30252813E+000
    536.17873  -1.84533566E+000
    534.84495  -1.30107568E+000
    533.51117  -7.96688626E-001
    532.17739  -3.58778947E-001
    530.84361   3.41094035E-002
    529.50984   4.17456640E-001
    528.17606   8.30754761E-001
    526.84228   1.31713366E+000
    525.50850   1.92181495E+000
    524.17472   2.67568250E+000
    522.84095   3.53969735E+000
    521.50717   4.30727043E+000
    520.17339   4.61552897E+000
    518.83961   4.27973798E+000
    517.50584   3.53852360E+000
    516.17206   2.74878707E+000
    514.83828   2.09244417E+000
    513.50450   1.59830389E+000
    512.17072   1.23828928E+000
    510.83695   9.76895727E-001
    509.50317   7.85453340E-001
    508.16939   6.43479821E-001
    506.83561   5.36926139E-001
    505.50183   4.56275881E-001
    504.16806   3.95117530E-001
    502.83428   3.49168648E-001
    501.50050   3.15576134E-001
    500.16672   2.92223126E-001
    498.83294   2.76664945E-001
    497.49917   2.64761510E-001
    496.16539   2.51187242E-001
    494.83161   2.33807474E-001
    493.49783   2.15651293E-001
    492.16405   2.00599968E-001
    490.83028   1.90424611E-001
    489.49650   1.85393204E-001
    488.16272   1.85401651E-001
    486.82894   1.90530081E-001
    485.49517   2.01251621E-001
    484.16139   2.18555581E-001
    482.82761   2.44107869E-001
    481.49383   2.80507911E-001
    480.16005   3.31677686E-001
    478.82628   4.03367084E-001
    477.49250   5.03543633E-001
    476.15872   6.41695955E-001
    474.82494   8.24123585E-001
    473.49116   1.03928593E+000
    472.15739   1.23221601E+000
    470.82361   1.30582665E+000
    469.48983   1.20782318E+000
    468.15605   9.99524617E-001
    466.82227   7.77026925E-001
    465.48850   5.90321501E-001
    464.15472   4.47594231E-001
    462.82094   3.41203868E-001
    461.48716   2.61302028E-001
    460.15338   1.99798791E-001
    458.81961   1.50737043E-001
    457.48583   1.09779163E-001
    456.15205   7.36245175E-002
    454.81827   3.95296498E-002
    453.48449   4.94609112E-003
    452.15072  -3.26670111E-002
    450.81694  -7.55592399E-002
    449.48316  -1.24107026E-001
    448.14938  -1.72958514E-001
    446.81561  -2.07941958E-001
    445.48183  -2.14985190E-001
    444.14805  -1.97396813E-001
    442.81427  -1.71836533E-001
    441.48049  -1.50784207E-001
    440.14672  -1.38274549E-001
    438.81294  -1.34148765E-001
    437.47916  -1.37342157E-001
    436.14538  -1.47110423E-001
    434.81160  -1.63333161E-001
    433.47783  -1.86579366E-001
    432.14405  -2.18185198E-001
    430.81027  -2.60424870E-001
    429.47649  -3.16793402E-001
    428.14271  -3.92335358E-001
    426.80894  -4.93669331E-001
    425.47516  -6.27525166E-001
    424.14138  -7.95139293E-001
    422.80760  -9.81470426E-001
    421.47382  -1.15450157E+000
    420.14005  -1.30081907E+000
    418.80627  -1.45287585E+000
    417.47249  -1.63734233E+000
    416.13871  -1.80339058E+000
    414.80493  -1.82882603E+000
    413.47116  -1.64924688E+000
    412.13738  -1.34500229E+000
    410.80360  -1.03448509E+000
    409.46982  -7.75588793E-001
    408.13605  -5.74705267E-001
    406.80227  -4.19412339E-001
    405.46849  -2.94810515E-001
    404.13471  -1.87971593E-001
    402.80093  -8.82904919E-002
    401.46716   1.22708988E-002
    400.13338   1.16320043E-001
    398.79960   2.13662804E-001
    397.46582   2.76772736E-001
    396.13204   2.81157867E-001
    394.79827   2.37237225E-001
    393.46449   1.77692958E-001
    392.13071   1.24764002E-001
    390.79693   8.47001632E-002
    389.46315   5.62400755E-002
    388.12938   3.64495876E-002
    386.79560   2.27329528E-002
    385.46182   1.31917725E-002
    384.12804   6.52077924E-003
    382.79426   1.83832727E-003
    381.46049  -1.45123702E-003
    380.12671  -3.75351966E-003
    378.79293  -5.34768413E-003
    377.45915  -6.42800981E-003
    376.12538  -7.13106177E-003
    374.79160  -7.55358069E-003
    373.45782  -7.76437323E-003
    372.12404  -7.81228429E-003
    370.79026  -7.73157073E-003
    369.45649  -7.54551500E-003
    368.12271  -7.26881055E-003
    366.78893  -6.90905038E-003
    365.45515  -6.46751340E-003
    364.12137  -5.93934144E-003
    362.78760  -5.31311287E-003
    361.45382  -4.56972977E-003
    360.12004  -3.68042660E-003
    358.78626  -2.60355628E-003
    357.45248  -1.27958304E-003
    356.11871   3.76633260E-004
    354.78493   2.48768420E-003
    353.45115   5.23167501E-003
    352.11737   8.86909325E-003
    350.78359   1.37799713E-002
    349.44982   2.05046460E-002
    348.11604   2.97483641E-002
    346.78226   4.22052211E-002
    345.44848   5.78218871E-002
    344.11470   7.40402806E-002
    342.78093   8.43112010E-002
    341.44715   8.19584408E-002
    340.11337   6.81029530E-002
    338.77959   5.01268891E-002
    337.44582   3.36392249E-002
    336.11204   2.03530008E-002
    334.77826   9.98113464E-003
    333.44448   1.74076368E-003
    332.11070  -5.09859116E-003
    330.77693  -1.11100944E-002
    329.44315  -1.67357830E-002
    328.10937  -2.23358008E-002
    326.77559  -2.82341044E-002
    325.44181  -3.47588497E-002
    324.10804  -4.22821297E-002
    322.77426  -5.12656474E-002
    321.44048  -6.23205441E-002
    320.10670  -7.62921373E-002
    318.77292  -9.43833359E-002
    317.43915  -1.18329993E-001
    316.10537  -1.50621274E-001
    314.77159  -1.94662224E-001
    313.43781  -2.54438334E-001
    312.10403  -3.32323179E-001
    310.77026  -4.22352690E-001
    309.43648  -4.99452907E-001
    308.10270  -5.23325596E-001
    306.76892  -4.77544695E-001
    305.43515  -3.91400867E-001
    304.10137  -3.02953662E-001
    302.76759  -2.30117169E-001
    301.43381  -1.75023913E-001
    300.10003  -1.34303556E-001
    298.76626  -1.04028785E-001
    297.43248  -8.10669297E-002
    296.09870  -6.31641017E-002
    294.76492  -4.87377287E-002
    293.43114  -3.66638282E-002
    292.09737  -2.61153100E-002
    290.76359  -1.64468929E-002
    289.42981  -7.11141724E-003
    288.09603   2.40661877E-003
    286.76225   1.26522099E-002
    285.42848   2.42666915E-002
    284.09470   3.80720962E-002
    282.76092   5.51864914E-002
    281.42714   7.71823097E-002
    280.09336   1.06279846E-001
    278.75959   1.45477966E-001
    277.42581   1.98212134E-001
    276.09203   2.66299786E-001
    274.75825   3.43846527E-001
    273.42447   4.08096560E-001
    272.09070   4.24549508E-001
    270.75692   3.81706786E-001
    269.42314   3.06462145E-001
    268.08936   2.30699018E-001
    266.75559   1.68603694E-001
    265.42181   1.21458525E-001
    264.08803   8.62434729E-002
    262.75425   5.95964351E-002
    261.42047   3.88532328E-002
    260.08670   2.20848947E-002
    258.75292   7.91150863E-003
    257.41914  -4.68371583E-003
    256.08536  -1.64990986E-002
    254.75158  -2.82246656E-002
    253.41781  -4.05334499E-002
    252.08403  -5.41689314E-002
    250.75025  -7.00401215E-002
    249.41647  -8.93241645E-002
    248.08269  -1.13532830E-001
    246.74892  -1.44355053E-001
    245.41514  -1.82716022E-001
    244.08136  -2.26064808E-001
    242.74758  -2.64622020E-001
    241.41380  -2.84513111E-001
    240.08003  -2.82980663E-001
    238.74625  -2.73259582E-001
    237.41247  -2.69942942E-001
    236.07869  -2.80670839E-001
    234.74491  -3.08928273E-001
    233.41114  -3.58019330E-001
    232.07736  -4.33157742E-001
    230.74358  -5.42130207E-001
    229.40980  -6.93881682E-001
    228.07603  -8.91236299E-001
    226.74225  -1.11110961E+000
    225.40847  -1.27955357E+000
    224.07469  -1.29933380E+000
    222.74091  -1.15516791E+000
    221.40714  -9.34195509E-001
    220.07336  -7.22160728E-001
    218.73958  -5.52534922E-001
    217.40580  -4.25923067E-001
    216.07202  -3.33120151E-001
    214.73825  -2.64781417E-001
    213.40447  -2.13735316E-001
    212.07069  -1.74922082E-001
    210.73691  -1.44856718E-001
    209.40313  -1.21138957E-001
    208.06936  -1.02098221E-001
    206.73558  -8.65540440E-002
    205.40180  -7.36577962E-002
    204.06802  -6.27881875E-002
    202.73424  -5.34816509E-002
    201.40047  -4.53852899E-002
    200.06669  -3.82244978E-002
    198.73291  -3.17801827E-002
    197.39913  -2.58722997E-002
    196.06536  -2.03474987E-002
    194.73158  -1.50693742E-002
    193.39780  -9.91020463E-003
    192.06402  -4.74328446E-003
    190.73024   5.64988097E-004
    189.39647   6.16417668E-003
    188.06269   1.22311712E-002
    186.72891   1.89854454E-002
    185.39513   2.67105702E-002
    184.06135   3.57855876E-002
    182.72758   4.67317805E-002
    181.39380   6.02830949E-002
    180.06002   7.74914220E-002
    178.72624   9.98775624E-002
    177.39246   1.29620620E-001
    176.05869   1.69693231E-001
    174.72491   2.23551521E-001
    173.39113   2.93185194E-001
    172.05735   3.73233496E-001
    170.72357   4.41873284E-001
    169.38980   4.65076633E-001
    168.05602   4.30582489E-001
    166.72224   3.64794163E-001
    165.38846   3.00456428E-001
    164.05468   2.53183976E-001
    162.72091   2.25568284E-001
    161.38713   2.14968258E-001
    160.05335   2.15328921E-001
    158.71957   2.15672935E-001
    157.38580   2.03791744E-001
    156.05202   1.77611017E-001
    154.71824   1.46098162E-001
    153.38446   1.17664123E-001
    152.05068   9.52116377E-002
    150.71691   7.83866501E-002
    149.38313   6.59584092E-002
    148.04935   5.67715815E-002
    146.71557   4.99530342E-002
    145.38179   4.48869186E-002
    144.04802   4.11481541E-002
    142.71424   3.84449216E-002
    141.38046   3.65776206E-002
    140.04668   3.54114308E-002
    138.71290   3.48584966E-002
    137.37913   3.48666530E-002
    136.04535   3.54126428E-002
    134.71157   3.64985664E-002
    133.37779   3.81508703E-002
    132.04401   4.04215969E-002
    130.71024   4.33919629E-002
    129.37646   4.71786787E-002
    128.04268   5.19438381E-002
    126.70890   5.79097785E-002
    125.37513   6.53811653E-002
    124.04135   7.47778725E-002
    122.70757   8.66842990E-002
    121.37379   1.01923968E-001
    120.04001   1.21672998E-001
    118.70624   1.47632086E-001
    117.37246   1.82280781E-001
    116.03868   2.29224871E-001
    114.70490   2.93562010E-001
    113.37112   3.81853203E-001
    112.03735   5.00241323E-001
    110.70357   6.47026572E-001
    109.36979   7.95885486E-001
    108.03601   8.84465638E-001
    106.70223   8.55682513E-001
    105.36846   7.27346999E-001
    104.03468   5.68087324E-001
    102.70090   4.25808298E-001
    101.36712   3.13783210E-001
    100.03334   2.28667561E-001
     98.69957   1.63326834E-001
     97.36579   1.11282477E-001
     96.03201   6.74661153E-002
     94.69823   2.79072708E-002
     93.36445  -1.07701867E-002
     92.03068  -5.18431703E-002
     90.69690  -9.89697651E-002
     89.36312  -1.56652850E-001
     88.02934  -2.30513625E-001
     86.69557  -3.26607273E-001
     85.36179  -4.47499997E-001
     84.02801  -5.81177826E-001
     82.69423  -6.86207344E-001
     81.36045  -7.05502482E-001
     80.02668  -6.27068804E-001
     78.69290  -5.00266113E-001
     77.35912  -3.76287417E-001
     76.02534  -2.75923806E-001
     74.69156  -2.00008268E-001
     73.35779  -1.43182352E-001
     72.02401  -9.98232658E-002
     70.69023  -6.54925945E-002
     69.35645  -3.69068105E-002
     68.02267  -1.15913659E-002
     66.68890   1.24627568E-002
     65.35512   3.70927723E-002
     64.02134   6.42318264E-002
     62.68756   9.61840493E-002
     61.35378   1.35916228E-001
     60.02001   1.87272588E-001
     58.68623   2.54672935E-001
     57.35245   3.40937849E-001
     56.01867   4.40680124E-001
     54.68489   5.30223649E-001
     53.35112   5.72152419E-001
     52.01734   5.49567607E-001
     50.68356   4.80963504E-001
     49.34978   3.93727702E-001
     48.01601   3.08870826E-001
     46.68223   2.38141498E-001
     45.34845   1.83974972E-001
     44.01467   1.43879595E-001
     42.68089   1.14341847E-001
     41.34712   9.23812447E-002
     40.01334   7.58107385E-002
     38.67956   6.31008944E-002
     37.34578   5.31935194E-002
     36.01200   4.53525742E-002
     34.67823   3.90598429E-002
     33.34445   3.39450313E-002
     32.01067   2.97394194E-002
     30.67689   2.62450160E-002
     29.34311   2.33138159E-002
     28.00934   2.08336683E-002
     26.67556   1.87185100E-002
     25.34178   1.69015188E-002
     24.00800   1.53302452E-002
     22.67422   1.39631058E-002
     21.34045   1.27668233E-002
     20.00667   1.17145364E-002
     18.67289   1.07843883E-002
     17.33911   9.95846003E-003
     16.00534   9.22195900E-003
     14.67156   8.56259311E-003
     13.33778   7.97008571E-003
     12.00400   7.43579574E-003
     10.67022   6.95241819E-003
      9.33645   6.51374614E-003
      8.00267   6.11448040E-003
      6.66889   5.75007628E-003
      5.33511   5.41661946E-003
      4.00133   5.11072485E-003
      2.66756   4.82945381E-003
      1.33378   4.57024588E-003
      0.00000   4.33086236E-003
