   4000.00000   3.96346429E-002
   3998.66622   3.97022489E-002
   3997.33244   3.97700682E-002
   3995.99867   3.98381017E-002
   3994.66489   3.99063507E-002
   3993.33111   3.99748160E-002
   3991.99733   4.00434988E-002
   3990.66355   4.01124000E-002
   3989.32978   4.01815209E-002
   3987.99600   4.02508624E-002
   3986.66222   4.03204256E-002
   3985.32844   4.03902116E-002
   3983.99466   4.04602215E-002
   3982.66089   4.05304564E-002
   3981.32711   4.06009174E-002
   3979.99333   4.06716056E-002
   3978.65955   4.07425222E-002
   3977.32578   4.08136682E-002
   3975.99200   4.08850449E-002
   3974.65822   4.09566533E-002
   3973.32444   4.10284946E-002
   3971.99066   4.11005699E-002
   3970.65689   4.11728805E-002
   3969.32311   4.12454275E-002
   3967.98933   4.13182121E-002
   3966.65555   4.13912355E-002
   3965.32177   4.14644988E-002
   3963.98800   4.15380033E-002
   3962.65422   4.16117503E-002
   3961.32044   4.16857408E-002
   3959.98666   4.17599762E-002
   3958.65288   4.18344577E-002
   3957.31911   4.19091866E-002
   3955.98533   4.19841640E-002
   3954.65155   4.20593913E-002
   3953.31777   4.21348698E-002
   3951.98399   4.22106007E-002
   3950.65022   4.22865852E-002
   3949.31644   4.23628249E-002
   3947.98266   4.24393208E-002
   3946.64888   4.25160743E-002
   3945.31511   4.25930869E-002
   3943.98133   4.26703597E-002
   3942.64755   4.27478942E-002
   3941.31377   4.28256917E-002
   3939.97999   4.29037536E-002
   3938.64622   4.29820812E-002
   3937.31244   4.30606760E-002
   3935.97866   4.31395392E-002
   3934.64488   4.32186724E-002
   3933.31110   4.32980769E-002
   3931.97733   4.33777542E-002
   3930.64355   4.34577057E-002
   3929.30977   4.35379328E-002
   3927.97599   4.36184370E-002
   3926.64221   4.36992198E-002
   3925.30844   4.37802825E-002
   3923.97466   4.38616268E-002
   3922.64088   4.39432541E-002
   3921.30710   4.40251659E-002
   3919.97332   4.41073637E-002
   3918.63955   4.41898490E-002
   3917.30577   4.42726234E-002
   3915.97199   4.43556885E-002
   3914.63821   4.44390457E-002
   3913.30443   4.45226967E-002
   3911.97066   4.46066431E-002
   3910.63688   4.46908863E-002
   3909.30310   4.47754282E-002
   3907.96932   4.48602701E-002
   3906.63555   4.49454139E-002
   3905.30177   4.50308610E-002
   3903.96799   4.51166133E-002
   3902.63421   4.52026722E-002
   3901.30043   4.52890396E-002
   3899.96666   4.53757171E-002
   3898.63288   4.54627064E-002
   3897.29910   4.55500092E-002
   3895.96532   4.56376272E-002
   3894.63154   4.57255621E-002
   3893.29777   4.58138158E-002
   3891.96399   4.59023900E-002
   3890.63021   4.59912865E-002
   3889.29643   4.60805069E-002
   3887.96265   4.61700533E-002
   3886.62888   4.62599273E-002
   3885.29510   4.63501308E-002
   3883.96132   4.64406656E-002
   3882.62754   4.65315336E-002
   3881.29376   4.66227367E-002
   3879.95999   4.67142767E-002
   3878.62621   4.68061556E-002
   3877.29243   4.68983752E-002
   3875.95865   4.69909375E-002
   3874.62487   4.70838444E-002
   3873.29110   4.71770979E-002
   3871.95732   4.72707000E-002
   3870.62354   4.73646526E-002
   3869.28976   4.74589577E-002
   3867.95599   4.75536174E-002
   3866.62221   4.76486336E-002
   3865.28843   4.77440085E-002
   3863.95465   4.78397441E-002
   3862.62087   4.79358424E-002
   3861.28710   4.80323057E-002
   3859.95332   4.81291358E-002
   3858.61954   4.82263351E-002
   3857.28576   4.83239056E-002
   3855.95198   4.84218495E-002
   3854.61821   4.85201690E-002
   3853.28443   4.86188663E-002
   3851.95065   4.87179435E-002
   3850.61687   4.88174029E-002
   3849.28309   4.89172468E-002
   3847.94932   4.90174774E-002
   3846.61554   4.91180969E-002
   3845.28176   4.92191078E-002
   3843.94798   4.93205122E-002
   3842.61420   4.94223126E-002
   3841.28043   4.95245112E-002
   3839.94665   4.96271105E-002
   3838.61287   4.97301128E-002
   3837.27909   4.98335206E-002
   3835.94532   4.99373363E-002
   3834.61154   5.00415622E-002
   3833.27776   5.01462010E-002
   3831.94398   5.02512550E-002
   3830.61020   5.03567267E-002
   3829.27643   5.04626188E-002
   3827.94265   5.05689337E-002
   3826.60887   5.06756740E-002
   3825.27509   5.07828423E-002
   3823.94131   5.08904412E-002
   3822.60754   5.09984733E-002
   3821.27376   5.11069413E-002
   3819.93998   5.12158478E-002
   3818.60620   5.13251955E-002
   3817.27242   5.14349872E-002
   3815.93865   5.15452256E-002
   3814.60487   5.16559134E-002
   3813.27109   5.17670534E-002
   3811.93731   5.18786485E-002
   3810.60353   5.19907014E-002
   3809.26976   5.21032149E-002
   3807.93598   5.22161921E-002
   3806.60220   5.23296357E-002
   3805.26842   5.24435487E-002
   3803.93464   5.25579340E-002
   3802.60087   5.26727946E-002
   3801.26709   5.27881336E-002
   3799.93331   5.29039538E-002
   3798.59953   5.30202583E-002
   3797.26576   5.31370503E-002
   3795.93198   5.32543328E-002
   3794.59820   5.33721090E-002
   3793.26442   5.34903819E-002
   3791.93064   5.36091548E-002
   3790.59687   5.37284308E-002
   3789.26309   5.38482132E-002
   3787.92931   5.39685052E-002
   3786.59553   5.40893102E-002
   3785.26175   5.42106314E-002
   3783.92798   5.43324721E-002
   3782.59420   5.44548358E-002
   3781.26042   5.45777258E-002
   3779.92664   5.47011455E-002
   3778.59286   5.48250985E-002
   3777.25909   5.49495881E-002
   3775.92531   5.50746179E-002
   3774.59153   5.52001915E-002
   3773.25775   5.53263124E-002
   3771.92397   5.54529842E-002
   3770.59020   5.55802105E-002
   3769.25642   5.57079951E-002
   3767.92264   5.58363416E-002
   3766.58886   5.59652537E-002
   3765.25509   5.60947353E-002
   3763.92131   5.62247901E-002
   3762.58753   5.63554219E-002
   3761.25375   5.64866346E-002
   3759.91997   5.66184322E-002
   3758.58620   5.67508185E-002
   3757.25242   5.68837974E-002
   3755.91864   5.70173731E-002
   3754.58486   5.71515496E-002
   3753.25108   5.72863309E-002
   3751.91731   5.74217211E-002
   3750.58353   5.75577244E-002
   3749.24975   5.76943449E-002
   3747.91597   5.78315869E-002
   3746.58219   5.79694547E-002
   3745.24842   5.81079526E-002
   3743.91464   5.82470848E-002
   3742.58086   5.83868557E-002
   3741.24708   5.85272699E-002
   3739.91330   5.86683317E-002
   3738.57953   5.88100456E-002
   3737.24575   5.89524161E-002
   3735.91197   5.90954479E-002
   3734.57819   5.92391456E-002
   3733.24441   5.93835138E-002
   3731.91064   5.95285572E-002
   3730.57686   5.96742806E-002
   3729.24308   5.98206888E-002
   3727.90930   5.99677866E-002
   3726.57553   6.01155789E-002
   3725.24175   6.02640706E-002
   3723.90797   6.04132667E-002
   3722.57419   6.05631722E-002
   3721.24041   6.07137922E-002
   3719.90664   6.08651318E-002
   3718.57286   6.10171962E-002
   3717.23908   6.11699905E-002
   3715.90530   6.13235200E-002
   3714.57152   6.14777901E-002
   3713.23775   6.16328061E-002
   3711.90397   6.17885733E-002
   3710.57019   6.19450974E-002
   3709.23641   6.21023837E-002
   3707.90263   6.22604378E-002
   3706.56886   6.24192655E-002
   3705.23508   6.25788722E-002
   3703.90130   6.27392638E-002
   3702.56752   6.29004461E-002
   3701.23374   6.30624248E-002
   3699.89997   6.32252060E-002
   3698.56619   6.33887954E-002
   3697.23241   6.35531992E-002
   3695.89863   6.37184234E-002
   3694.56485   6.38844742E-002
   3693.23108   6.40513576E-002
   3691.89730   6.42190801E-002
   3690.56352   6.43876478E-002
   3689.22974   6.45570671E-002
   3687.89597   6.47273445E-002
   3686.56219   6.48984865E-002
   3685.22841   6.50704997E-002
   3683.89463   6.52433906E-002
   3682.56085   6.54171659E-002
   3681.22708   6.55918325E-002
   3679.89330   6.57673970E-002
   3678.55952   6.59438666E-002
   3677.22574   6.61212480E-002
   3675.89196   6.62995483E-002
   3674.55819   6.64787747E-002
   3673.22441   6.66589342E-002
   3671.89063   6.68400343E-002
   3670.55685   6.70220820E-002
   3669.22307   6.72050850E-002
   3667.88930   6.73890506E-002
   3666.55552   6.75739863E-002
   3665.22174   6.77598999E-002
   3663.88796   6.79467990E-002
   3662.55418   6.81346913E-002
   3661.22041   6.83235849E-002
   3659.88663   6.85134875E-002
   3658.55285   6.87044072E-002
   3657.21907   6.88963521E-002
   3655.88530   6.90893305E-002
   3654.55152   6.92833505E-002
   3653.21774   6.94784206E-002
   3651.88396   6.96745491E-002
   3650.55018   6.98717448E-002
   3649.21641   7.00700160E-002
   3647.88263   7.02693717E-002
   3646.54885   7.04698206E-002
   3645.21507   7.06713715E-002
   3643.88129   7.08740336E-002
   3642.54752   7.10778158E-002
   3641.21374   7.12827275E-002
   3639.87996   7.14887778E-002
   3638.54618   7.16959761E-002
   3637.21240   7.19043320E-002
   3635.87863   7.21138550E-002
   3634.54485   7.23245549E-002
   3633.21107   7.25364414E-002
   3631.87729   7.27495244E-002
   3630.54351   7.29638139E-002
   3629.20974   7.31793201E-002
   3627.87596   7.33960532E-002
   3626.54218   7.36140236E-002
   3625.20840   7.38332416E-002
   3623.87462   7.40537179E-002
   3622.54085   7.42754631E-002
   3621.20707   7.44984881E-002
   3619.87329   7.47228038E-002
   3618.53951   7.49484211E-002
   3617.20574   7.51753514E-002
   3615.87196   7.54036058E-002
   3614.53818   7.56331958E-002
   3613.20440   7.58641330E-002
   3611.87062   7.60964290E-002
   3610.53685   7.63300955E-002
   3609.20307   7.65651447E-002
   3607.86929   7.68015884E-002
   3606.53551   7.70394391E-002
   3605.20173   7.72787088E-002
   3603.86796   7.75194103E-002
   3602.53418   7.77615561E-002
   3601.20040   7.80051589E-002
   3599.86662   7.82502318E-002
   3598.53284   7.84967877E-002
   3597.19907   7.87448399E-002
   3595.86529   7.89944018E-002
   3594.53151   7.92454869E-002
   3593.19773   7.94981088E-002
   3591.86395   7.97522815E-002
   3590.53018   8.00080189E-002
   3589.19640   8.02653352E-002
   3587.86262   8.05242448E-002
   3586.52884   8.07847621E-002
   3585.19507   8.10469018E-002
   3583.86129   8.13106787E-002
   3582.52751   8.15761079E-002
   3581.19373   8.18432047E-002
   3579.85995   8.21119843E-002
   3578.52618   8.23824623E-002
   3577.19240   8.26546545E-002
   3575.85862   8.29285768E-002
   3574.52484   8.32042454E-002
   3573.19106   8.34816766E-002
   3571.85729   8.37608869E-002
   3570.52351   8.40418930E-002
   3569.18973   8.43247119E-002
   3567.85595   8.46093606E-002
   3566.52217   8.48958566E-002
   3565.18840   8.51842174E-002
   3563.85462   8.54744608E-002
   3562.52084   8.57666047E-002
   3561.18706   8.60606674E-002
   3559.85328   8.63566673E-002
   3558.51951   8.66546230E-002
   3557.18573   8.69545535E-002
   3555.85195   8.72564779E-002
   3554.51817   8.75604155E-002
   3553.18439   8.78663860E-002
   3551.85062   8.81744093E-002
   3550.51684   8.84845054E-002
   3549.18306   8.87966947E-002
   3547.84928   8.91109979E-002
   3546.51551   8.94274357E-002
   3545.18173   8.97460295E-002
   3543.84795   9.00668005E-002
   3542.51417   9.03897705E-002
   3541.18039   9.07149615E-002
   3539.84662   9.10423957E-002
   3538.51284   9.13720957E-002
   3537.17906   9.17040842E-002
   3535.84528   9.20383845E-002
   3534.51150   9.23750200E-002
   3533.17773   9.27140144E-002
   3531.84395   9.30553917E-002
   3530.51017   9.33991764E-002
   3529.17639   9.37453930E-002
   3527.84261   9.40940667E-002
   3526.50884   9.44452228E-002
   3525.17506   9.47988869E-002
   3523.84128   9.51550851E-002
   3522.50750   9.55138437E-002
   3521.17372   9.58751895E-002
   3519.83995   9.62391495E-002
   3518.50617   9.66057513E-002
   3517.17239   9.69750226E-002
   3515.83861   9.73469915E-002
   3514.50483   9.77216868E-002
   3513.17106   9.80991373E-002
   3511.83728   9.84793724E-002
   3510.50350   9.88624220E-002
   3509.16972   9.92483160E-002
   3507.83595   9.96370853E-002
   3506.50217   1.00028761E-001
   3505.16839   1.00423374E-001
   3503.83461   1.00820956E-001
   3502.50083   1.01221540E-001
   3501.16706   1.01625159E-001
   3499.83328   1.02031846E-001
   3498.49950   1.02441634E-001
   3497.16572   1.02854558E-001
   3495.83194   1.03270652E-001
   3494.49817   1.03689952E-001
   3493.16439   1.04112493E-001
   3491.83061   1.04538312E-001
   3490.49683   1.04967444E-001
   3489.16305   1.05399928E-001
   3487.82928   1.05835801E-001
   3486.49550   1.06275101E-001
   3485.16172   1.06717867E-001
   3483.82794   1.07164138E-001
   3482.49416   1.07613956E-001
   3481.16039   1.08067359E-001
   3479.82661   1.08524390E-001
   3478.49283   1.08985089E-001
   3477.15905   1.09449500E-001
   3475.82528   1.09917666E-001
   3474.49150   1.10389630E-001
   3473.15772   1.10865436E-001
   3471.82394   1.11345130E-001
   3470.49016   1.11828757E-001
   3469.15639   1.12316363E-001
   3467.82261   1.12807996E-001
   3466.48883   1.13303703E-001
   3465.15505   1.13803532E-001
   3463.82127   1.14307534E-001
   3462.48750   1.14815758E-001
   3461.15372   1.15328254E-001
   3459.81994   1.15845074E-001
   3458.48616   1.16366271E-001
   3457.15238   1.16891897E-001
   3455.81861   1.17422007E-001
   3454.48483   1.17956656E-001
   3453.15105   1.18495898E-001
   3451.81727   1.19039791E-001
   3450.48349   1.19588392E-001
   3449.14972   1.20141759E-001
   3447.81594   1.20699952E-001
   3446.48216   1.21263030E-001
   3445.14838   1.21831055E-001
   3443.81460   1.22404090E-001
   3442.48083   1.22982196E-001
   3441.14705   1.23565439E-001
   3439.81327   1.24153884E-001
   3438.47949   1.24747596E-001
   3437.14572   1.25346643E-001
   3435.81194   1.25951094E-001
   3434.47816   1.26561018E-001
   3433.14438   1.27176486E-001
   3431.81060   1.27797570E-001
   3430.47683   1.28424342E-001
   3429.14305   1.29056878E-001
   3427.80927   1.29695252E-001
   3426.47549   1.30339542E-001
   3425.14171   1.30989825E-001
   3423.80794   1.31646181E-001
   3422.47416   1.32308690E-001
   3421.14038   1.32977436E-001
   3419.80660   1.33652500E-001
   3418.47282   1.34333969E-001
   3417.13905   1.35021929E-001
   3415.80527   1.35716467E-001
   3414.47149   1.36417673E-001
   3413.13771   1.37125639E-001
   3411.80393   1.37840456E-001
   3410.47016   1.38562218E-001
   3409.13638   1.39291023E-001
   3407.80260   1.40026967E-001
   3406.46882   1.40770149E-001
   3405.13505   1.41520670E-001
   3403.80127   1.42278634E-001
   3402.46749   1.43044145E-001
   3401.13371   1.43817310E-001
   3399.79993   1.44598237E-001
   3398.46616   1.45387036E-001
   3397.13238   1.46183821E-001
   3395.79860   1.46988705E-001
   3394.46482   1.47801805E-001
   3393.13104   1.48623240E-001
   3391.79727   1.49453132E-001
   3390.46349   1.50291602E-001
   3389.12971   1.51138777E-001
   3387.79593   1.51994784E-001
   3386.46215   1.52859754E-001
   3385.12838   1.53733820E-001
   3383.79460   1.54617116E-001
   3382.46082   1.55509781E-001
   3381.12704   1.56411954E-001
   3379.79326   1.57323780E-001
   3378.45949   1.58245403E-001
   3377.12571   1.59176972E-001
   3375.79193   1.60118640E-001
   3374.45815   1.61070560E-001
   3373.12437   1.62032890E-001
   3371.79060   1.63005791E-001
   3370.45682   1.63989426E-001
   3369.12304   1.64983962E-001
   3367.78926   1.65989570E-001
   3366.45549   1.67006424E-001
   3365.12171   1.68034700E-001
   3363.78793   1.69074580E-001
   3362.45415   1.70126247E-001
   3361.12037   1.71189891E-001
   3359.78660   1.72265703E-001
   3358.45282   1.73353879E-001
   3357.11904   1.74454619E-001
   3355.78526   1.75568127E-001
   3354.45148   1.76694612E-001
   3353.11771   1.77834286E-001
   3351.78393   1.78987366E-001
   3350.45015   1.80154075E-001
   3349.11637   1.81334638E-001
   3347.78259   1.82529287E-001
   3346.44882   1.83738257E-001
   3345.11504   1.84961791E-001
   3343.78126   1.86200134E-001
   3342.44748   1.87453539E-001
   3341.11370   1.88722261E-001
   3339.77993   1.90006565E-001
   3338.44615   1.91306719E-001
   3337.11237   1.92622997E-001
   3335.77859   1.93955679E-001
   3334.44481   1.95305053E-001
   3333.11104   1.96671411E-001
   3331.77726   1.98055054E-001
   3330.44348   1.99456288E-001
   3329.10970   2.00875425E-001
   3327.77593   2.02312788E-001
   3326.44215   2.03768704E-001
   3325.10837   2.05243508E-001
   3323.77459   2.06737543E-001
   3322.44081   2.08251161E-001
   3321.10704   2.09784721E-001
   3319.77326   2.11338591E-001
   3318.43948   2.12913148E-001
   3317.10570   2.14508775E-001
   3315.77192   2.16125870E-001
   3314.43815   2.17764834E-001
   3313.10437   2.19426082E-001
   3311.77059   2.21110038E-001
   3310.43681   2.22817136E-001
   3309.10303   2.24547820E-001
   3307.76926   2.26302546E-001
   3306.43548   2.28081780E-001
   3305.10170   2.29886002E-001
   3303.76792   2.31715701E-001
   3302.43414   2.33571380E-001
   3301.10037   2.35453554E-001
   3299.76659   2.37362751E-001
   3298.43281   2.39299514E-001
   3297.09903   2.41264399E-001
   3295.76526   2.43257974E-001
   3294.43148   2.45280825E-001
   3293.09770   2.47333553E-001
   3291.76392   2.49416772E-001
   3290.43014   2.51531115E-001
   3289.09637   2.53677231E-001
   3287.76259   2.55855785E-001
   3286.42881   2.58067462E-001
   3285.09503   2.60312965E-001
   3283.76125   2.62593013E-001
   3282.42748   2.64908350E-001
   3281.09370   2.67259736E-001
   3279.75992   2.69647954E-001
   3278.42614   2.72073807E-001
   3277.09236   2.74538124E-001
   3275.75859   2.77041753E-001
   3274.42481   2.79585569E-001
   3273.09103   2.82170470E-001
   3271.75725   2.84797382E-001
   3270.42347   2.87467256E-001
   3269.08970   2.90181071E-001
   3267.75592   2.92939833E-001
   3266.42214   2.95744581E-001
   3265.08836   2.98596381E-001
   3263.75458   3.01496334E-001
   3262.42081   3.04445571E-001
   3261.08703   3.07445259E-001
   3259.75325   3.10496601E-001
   3258.41947   3.13600834E-001
   3257.08570   3.16759235E-001
   3255.75192   3.19973121E-001
   3254.41814   3.23243848E-001
   3253.08436   3.26572816E-001
   3251.75058   3.29961469E-001
   3250.41681   3.33411297E-001
   3249.08303   3.36923837E-001
   3247.74925   3.40500676E-001
   3246.41547   3.44143453E-001
   3245.08169   3.47853861E-001
   3243.74792   3.51633646E-001
   3242.41414   3.55484615E-001
   3241.08036   3.59408633E-001
   3239.74658   3.63407631E-001
   3238.41280   3.67483601E-001
   3237.07903   3.71638607E-001
   3235.74525   3.75874782E-001
   3234.41147   3.80194334E-001
   3233.07769   3.84599547E-001
   3231.74391   3.89092785E-001
   3230.41014   3.93676498E-001
   3229.07636   3.98353222E-001
   3227.74258   4.03125585E-001
   3226.40880   4.07996310E-001
   3225.07503   4.12968220E-001
   3223.74125   4.18044242E-001
   3222.40747   4.23227412E-001
   3221.07369   4.28520880E-001
   3219.73991   4.33927915E-001
   3218.40614   4.39451910E-001
   3217.07236   4.45096390E-001
   3215.73858   4.50865015E-001
   3214.40480   4.56761590E-001
   3213.07102   4.62790069E-001
   3211.73725   4.68954563E-001
   3210.40347   4.75259349E-001
   3209.06969   4.81708876E-001
   3207.73591   4.88307778E-001
   3206.40213   4.95060875E-001
   3205.06836   5.01973192E-001
   3203.73458   5.09049963E-001
   3202.40080   5.16296645E-001
   3201.06702   5.23718927E-001
   3199.73324   5.31322746E-001
   3198.39947   5.39114296E-001
   3197.06569   5.47100044E-001
   3195.73191   5.55286746E-001
   3194.39813   5.63681461E-001
   3193.06435   5.72291566E-001
   3191.73058   5.81124779E-001
   3190.39680   5.90189174E-001
   3189.06302   5.99493203E-001
   3187.72924   6.09045716E-001
   3186.39547   6.18855988E-001
   3185.06169   6.28933740E-001
   3183.72791   6.39289168E-001
   3182.39413   6.49932970E-001
   3181.06035   6.60876378E-001
   3179.72658   6.72131190E-001
   3178.39280   6.83709808E-001
   3177.05902   6.95625269E-001
   3175.72524   7.07891293E-001
   3174.39146   7.20522325E-001
   3173.05769   7.33533579E-001
   3171.72391   7.46941094E-001
   3170.39013   7.60761782E-001
   3169.05635   7.75013496E-001
   3167.72257   7.89715087E-001
   3166.38880   8.04886477E-001
   3165.05502   8.20548734E-001
   3163.72124   8.36724152E-001
   3162.38746   8.53436340E-001
   3161.05368   8.70710320E-001
   3159.71991   8.88572626E-001
   3158.38613   9.07051427E-001
   3157.05235   9.26176642E-001
   3155.71857   9.45980079E-001
   3154.38479   9.66495584E-001
   3153.05102   9.87759201E-001
   3151.71724   1.00980935E+000
   3150.38346   1.03268702E+000
   3149.04968   1.05643598E+000
   3147.71591   1.08110303E+000
   3146.38213   1.10673822E+000
   3145.04835   1.13339518E+000
   3143.71457   1.16113141E+000
   3142.38079   1.19000864E+000
   3141.04702   1.22009319E+000
   3139.71324   1.25145642E+000
   3138.37946   1.28417521E+000
   3137.04568   1.31833246E+000
   3135.71190   1.35401771E+000
   3134.37813   1.39132779E+000
   3133.04435   1.43036753E+000
   3131.71057   1.47125064E+000
   3130.37679   1.51410059E+000
   3129.04301   1.55905167E+000
   3127.70924   1.60625020E+000
   3126.37546   1.65585582E+000
   3125.04168   1.70804304E+000
   3123.70790   1.76300296E+000
   3122.37412   1.82094521E+000
   3121.04035   1.88210019E+000
   3119.70657   1.94672169E+000
   3118.37279   2.01508978E+000
   3117.03901   2.08751422E+000
   3115.70524   2.16433840E+000
   3114.37146   2.24594392E+000
   3113.03768   2.33275581E+000
   3111.70390   2.42524876E+000
   3110.37012   2.52395436E+000
   3109.03635   2.62946958E+000
   3107.70257   2.74246683E+000
   3106.36879   2.86370582E+000
   3105.03501   2.99404779E+000
   3103.70123   3.13447237E+000
   3102.36746   3.28609795E+000
   3101.03368   3.45020623E+000
   3099.69990   3.62827200E+000
   3098.36612   3.82199950E+000
   3097.03234   4.03336704E+000
   3095.69857   4.26468207E+000
   3094.36479   4.51864968E+000
   3093.03101   4.79845827E+000
   3091.69723   5.10788754E+000
   3090.36345   5.45144565E+000
   3089.02968   5.83454488E+000
   3087.69590   6.26372848E+000
   3086.36212   6.74696637E+000
   3085.02834   7.29404441E+000
   3083.69456   7.91708208E+000
   3082.36079   8.63122872E+000
   3081.02701   9.45561086E+000
   3079.69323   1.04146374E+001
   3078.35945   1.15398217E+001
   3077.02568   1.28723604E+001
   3075.69190   1.44668364E+001
   3074.35812   1.63966140E+001
   3073.02434   1.87618135E+001
   3071.69056   2.17012536E+001
   3070.35679   2.54105205E+001
   3069.02301   3.01693961E+001
   3067.68923   3.63830383E+001
   3066.35545   4.46411061E+001
   3065.02167   5.57917302E+001
   3063.68790   7.09930080E+001
   3062.35412   9.15853981E+001
   3061.02034   1.18308595E+002
   3059.68656   1.48955639E+002
   3058.35278   1.74777091E+002
   3057.01901   1.82246081E+002
   3055.68523   1.66488773E+002
   3054.35145   1.37782946E+002
   3053.01767   1.08750834E+002
   3051.68389   8.51565344E+001
   3050.35012   6.76101048E+001
   3049.01634   5.49706993E+001
   3047.68256   4.59466374E+001
   3046.34878   3.95250095E+001
   3045.01501   3.49946972E+001
   3043.68123   3.18782742E+001
   3042.34745   2.98646841E+001
   3041.01367   2.87607700E+001
   3039.67989   2.84606414E+001
   3038.34612   2.89289205E+001
   3037.01234   3.01949818E+001
   3035.67856   3.23570920E+001
   3034.34478   3.55972090E+001
   3033.01100   4.02090367E+001
   3031.67723   4.66433101E+001
   3030.34345   5.55727904E+001
   3029.00967   6.79657715E+001
   3027.67589   8.51003703E+001
   3026.34211   1.08270917E+002
   3025.00834   1.37524590E+002
   3023.67456   1.68583885E+002
   3022.34078   1.90070145E+002
   3021.00700   1.90002339E+002
   3019.67322   1.70111662E+002
   3018.33945   1.43828130E+002
   3017.00567   1.21773336E+002
   3015.67189   1.07253441E+002
   3014.33811   9.88094523E+001
   3013.00433   9.22351613E+001
   3011.67056   8.31650469E+001
   3010.33678   7.09520102E+001
   3009.00300   5.82764023E+001
   3007.66922   4.73778905E+001
   3006.33545   3.88346756E+001
   3005.00167   3.23511686E+001
   3003.66789   2.74447046E+001
   3002.33411   2.36965287E+001
   3001.00033   2.07951409E+001
   2999.66656   1.85196599E+001
   2998.33278   1.67149898E+001
   2996.99900   1.52716405E+001
   2995.66522   1.41114718E+001
   2994.33144   1.31780626E+001
   2992.99767   1.24302759E+001
   2991.66389   1.18379528E+001
   2990.33011   1.13790106E+001
   2988.99633   1.10374806E+001
   2987.66255   1.08021820E+001
   2986.32878   1.06658426E+001
   2984.99500   1.06245463E+001
   2983.66122   1.06774325E+001
   2982.32744   1.08266096E+001
   2980.99366   1.10772678E+001
   2979.65989   1.14380002E+001
   2978.32611   1.19213665E+001
   2976.99233   1.25447582E+001
   2975.65855   1.33316696E+001
   2974.32477   1.43135279E+001
   2972.99100   1.55323264E+001
   2971.65722   1.70444310E+001
   2970.32344   1.89261365E+001
   2968.98966   2.12818720E+001
   2967.65589   2.42564629E+001
   2966.32211   2.80536354E+001
   2964.98833   3.29640644E+001
   2963.65455   3.94075286E+001
   2962.32077   4.79939210E+001
   2960.98700   5.96018725E+001
   2959.65322   7.54441193E+001
   2958.31944   9.69856503E+001
   2956.98566   1.25313464E+002
   2955.65188   1.59217505E+002
   2954.31811   1.92019466E+002
   2952.98433   2.10931854E+002
   2951.65055   2.05053140E+002
   2950.31677   1.77357848E+002
   2948.98299   1.41918545E+002
   2947.64922   1.09833229E+002
   2946.31544   8.47072644E+001
   2944.98166   6.60742325E+001
   2943.64788   5.24213694E+001
   2942.31410   4.23483327E+001
   2940.98033   3.48070447E+001
   2939.64655   2.90635986E+001
   2938.31277   2.46130554E+001
   2936.97899   2.11071631E+001
   2935.64522   1.83030567E+001
   2934.31144   1.60288652E+001
   2932.97766   1.41610207E+001
   2931.64388   1.26092693E+001
   2930.31010   1.13066800E+001
   2928.97633   1.02028998E+001
   2927.64255   9.25953549E+000
   2926.30877   8.44694466E+000
   2924.97499   7.74197443E+000
   2923.64121   7.12634519E+000
   2922.30744   6.58548030E+000
   2920.97366   6.10764789E+000
   2919.63988   5.68332417E+000
   2918.30610   5.30471570E+000
   2916.97232   4.96539727E+000
   2915.63855   4.66003467E+000
   2914.30477   4.38417047E+000
   2912.97099   4.13405714E+000
   2911.63721   3.90652584E+000
   2910.30343   3.69888263E+000
   2908.96966   3.50882563E+000
   2907.63588   3.33437854E+000
   2906.30210   3.17383691E+000
   2904.96832   3.02572447E+000
   2903.63454   2.88875737E+000
   2902.30077   2.76181482E+000
   2900.96699   2.64391482E+000
   2899.63321   2.53419397E+000
   2898.29943   2.43189067E+000
   2896.96566   2.33633096E+000
   2895.63188   2.24691669E+000
   2894.29810   2.16311543E+000
   2892.96432   2.08445200E+000
   2891.63054   2.01050117E+000
   2890.29677   1.94088145E+000
   2888.96299   1.87524980E+000
   2887.62921   1.81329701E+000
   2886.29543   1.75474377E+000
   2884.96165   1.69933725E+000
   2883.62788   1.64684808E+000
   2882.29410   1.59706782E+000
   2880.96032   1.54980665E+000
   2879.62654   1.50489141E+000
   2878.29276   1.46216386E+000
   2876.95899   1.42147914E+000
   2875.62521   1.38270443E+000
   2874.29143   1.34571777E+000
   2872.95765   1.31040698E+000
   2871.62387   1.27666871E+000
   2870.29010   1.24440766E+000
   2868.95632   1.21353579E+000
   2867.62254   1.18397167E+000
   2866.28876   1.15563989E+000
   2864.95498   1.12847052E+000
   2863.62121   1.10239864E+000
   2862.28743   1.07736391E+000
   2860.95365   1.05331017E+000
   2859.61987   1.03018513E+000
   2858.28610   1.00793998E+000
   2856.95232   9.86529206E-001
   2855.61854   9.65910230E-001
   2854.28476   9.46043246E-001
   2852.95098   9.26890978E-001
   2851.61721   9.08418489E-001
   2850.28343   8.90593009E-001
   2848.94965   8.73383768E-001
   2847.61587   8.56761853E-001
   2846.28209   8.40700071E-001
   2844.94832   8.25172829E-001
   2843.61454   8.10156015E-001
   2842.28076   7.95626899E-001
   2840.94698   7.81564038E-001
   2839.61320   7.67947184E-001
   2838.27943   7.54757209E-001
   2836.94565   7.41976026E-001
   2835.61187   7.29586523E-001
   2834.27809   7.17572498E-001
   2832.94431   7.05918601E-001
   2831.61054   6.94610282E-001
   2830.27676   6.83633739E-001
   2828.94298   6.72975869E-001
   2827.60920   6.62624230E-001
   2826.27543   6.52566998E-001
   2824.94165   6.42792931E-001
   2823.60787   6.33291331E-001
   2822.27409   6.24052019E-001
   2820.94031   6.15065297E-001
   2819.60654   6.06321925E-001
   2818.27276   5.97813096E-001
   2816.93898   5.89530406E-001
   2815.60520   5.81465836E-001
   2814.27142   5.73611732E-001
   2812.93765   5.65960779E-001
   2811.60387   5.58505988E-001
   2810.27009   5.51240678E-001
   2808.93631   5.44158456E-001
   2807.60253   5.37253206E-001
   2806.26876   5.30519071E-001
   2804.93498   5.23950445E-001
   2803.60120   5.17541952E-001
   2802.26742   5.11288443E-001
   2800.93364   5.05184978E-001
   2799.59987   4.99226819E-001
   2798.26609   4.93409419E-001
   2796.93231   4.87728414E-001
   2795.59853   4.82179611E-001
   2794.26475   4.76758983E-001
   2792.93098   4.71462660E-001
   2791.59720   4.66286922E-001
   2790.26342   4.61228189E-001
   2788.92964   4.56283020E-001
   2787.59587   4.51448102E-001
   2786.26209   4.46720245E-001
   2784.92831   4.42096379E-001
   2783.59453   4.37573546E-001
   2782.26075   4.33148895E-001
   2780.92698   4.28819679E-001
   2779.59320   4.24583250E-001
   2778.25942   4.20437053E-001
   2776.92564   4.16378624E-001
   2775.59186   4.12405585E-001
   2774.25809   4.08515641E-001
   2772.92431   4.04706575E-001
   2771.59053   4.00976248E-001
   2770.25675   3.97322593E-001
   2768.92297   3.93743611E-001
   2767.58920   3.90237372E-001
   2766.25542   3.86802009E-001
   2764.92164   3.83435718E-001
   2763.58786   3.80136752E-001
   2762.25408   3.76903423E-001
   2760.92031   3.73734096E-001
   2759.58653   3.70627190E-001
   2758.25275   3.67581172E-001
   2756.91897   3.64594559E-001
   2755.58520   3.61665916E-001
   2754.25142   3.58793850E-001
   2752.91764   3.55977013E-001
   2751.58386   3.53214097E-001
   2750.25008   3.50503837E-001
   2748.91631   3.47845002E-001
   2747.58253   3.45236402E-001
   2746.24875   3.42676882E-001
   2744.91497   3.40165319E-001
   2743.58119   3.37700625E-001
   2742.24742   3.35281746E-001
   2740.91364   3.32907655E-001
   2739.57986   3.30577357E-001
   2738.24608   3.28289886E-001
   2736.91230   3.26044302E-001
   2735.57853   3.23839694E-001
   2734.24475   3.21675175E-001
   2732.91097   3.19549884E-001
   2731.57719   3.17462984E-001
   2730.24341   3.15413661E-001
   2728.90964   3.13401124E-001
   2727.57586   3.11424604E-001
   2726.24208   3.09483351E-001
   2724.90830   3.07576639E-001
   2723.57452   3.05703758E-001
   2722.24075   3.03864019E-001
   2720.90697   3.02056752E-001
   2719.57319   3.00281303E-001
   2718.23941   2.98537037E-001
   2716.90564   2.96823334E-001
   2715.57186   2.95139593E-001
   2714.23808   2.93485226E-001
   2712.90430   2.91859660E-001
   2711.57052   2.90262340E-001
   2710.23675   2.88692721E-001
   2708.90297   2.87150276E-001
   2707.56919   2.85634488E-001
   2706.23541   2.84144855E-001
   2704.90163   2.82680886E-001
   2703.56786   2.81242105E-001
   2702.23408   2.79828045E-001
   2700.90030   2.78438252E-001
   2699.56652   2.77072283E-001
   2698.23274   2.75729705E-001
   2696.89897   2.74410097E-001
   2695.56519   2.73113046E-001
   2694.23141   2.71838153E-001
   2692.89763   2.70585024E-001
   2691.56385   2.69353277E-001
   2690.23008   2.68142538E-001
   2688.89630   2.66952443E-001
   2687.56252   2.65782636E-001
   2686.22874   2.64632770E-001
   2684.89496   2.63502503E-001
   2683.56119   2.62391506E-001
   2682.22741   2.61299454E-001
   2680.89363   2.60226031E-001
   2679.55985   2.59170927E-001
   2678.22608   2.58133840E-001
   2676.89230   2.57114475E-001
   2675.55852   2.56112544E-001
   2674.22474   2.55127764E-001
   2672.89096   2.54159860E-001
   2671.55719   2.53208562E-001
   2670.22341   2.52273607E-001
   2668.88963   2.51354737E-001
   2667.55585   2.50451701E-001
   2666.22207   2.49564251E-001
   2664.88830   2.48692147E-001
   2663.55452   2.47835153E-001
   2662.22074   2.46993039E-001
   2660.88696   2.46165579E-001
   2659.55318   2.45352553E-001
   2658.21941   2.44553744E-001
   2656.88563   2.43768942E-001
   2655.55185   2.42997939E-001
   2654.21807   2.42240534E-001
   2652.88429   2.41496528E-001
   2651.55052   2.40765728E-001
   2650.21674   2.40047944E-001
   2648.88296   2.39342989E-001
   2647.54918   2.38650684E-001
   2646.21541   2.37970849E-001
   2644.88163   2.37303310E-001
   2643.54785   2.36647896E-001
   2642.21407   2.36004441E-001
   2640.88029   2.35372781E-001
   2639.54652   2.34752755E-001
   2638.21274   2.34144206E-001
   2636.87896   2.33546982E-001
   2635.54518   2.32960930E-001
   2634.21140   2.32385905E-001
   2632.87763   2.31821760E-001
   2631.54385   2.31268355E-001
   2630.21007   2.30725550E-001
   2628.87629   2.30193210E-001
   2627.54251   2.29671202E-001
   2626.20874   2.29159395E-001
   2624.87496   2.28657661E-001
   2623.54118   2.28165875E-001
   2622.20740   2.27683915E-001
   2620.87362   2.27211658E-001
   2619.53985   2.26748989E-001
   2618.20607   2.26295790E-001
   2616.87229   2.25851950E-001
   2615.53851   2.25417355E-001
   2614.20473   2.24991899E-001
   2612.87096   2.24575473E-001
   2611.53718   2.24167974E-001
   2610.20340   2.23769298E-001
   2608.86962   2.23379346E-001
   2607.53585   2.22998017E-001
   2606.20207   2.22625217E-001
   2604.86829   2.22260849E-001
   2603.53451   2.21904822E-001
   2602.20073   2.21557044E-001
   2600.86696   2.21217425E-001
   2599.53318   2.20885878E-001
   2598.19940   2.20562317E-001
   2596.86562   2.20246658E-001
   2595.53184   2.19938818E-001
   2594.19807   2.19638716E-001
   2592.86429   2.19346274E-001
   2591.53051   2.19061412E-001
   2590.19673   2.18784055E-001
   2588.86295   2.18514128E-001
   2587.52918   2.18251557E-001
   2586.19540   2.17996271E-001
   2584.86162   2.17748199E-001
   2583.52784   2.17507271E-001
   2582.19406   2.17273420E-001
   2580.86029   2.17046579E-001
   2579.52651   2.16826683E-001
   2578.19273   2.16613668E-001
   2576.85895   2.16407471E-001
   2575.52518   2.16208032E-001
   2574.19140   2.16015288E-001
   2572.85762   2.15829183E-001
   2571.52384   2.15649656E-001
   2570.19006   2.15476653E-001
   2568.85629   2.15310116E-001
   2567.52251   2.15149991E-001
   2566.18873   2.14996226E-001
   2564.85495   2.14848767E-001
   2563.52117   2.14707563E-001
   2562.18740   2.14572564E-001
   2560.85362   2.14443720E-001
   2559.51984   2.14320983E-001
   2558.18606   2.14204305E-001
   2556.85228   2.14093640E-001
   2555.51851   2.13988943E-001
   2554.18473   2.13890169E-001
   2552.85095   2.13797274E-001
   2551.51717   2.13710216E-001
   2550.18339   2.13628952E-001
   2548.84962   2.13553442E-001
   2547.51584   2.13483646E-001
   2546.18206   2.13419523E-001
   2544.84828   2.13361036E-001
   2543.51450   2.13308146E-001
   2542.18073   2.13260818E-001
   2540.84695   2.13219014E-001
   2539.51317   2.13182700E-001
   2538.17939   2.13151841E-001
   2536.84562   2.13126402E-001
   2535.51184   2.13106352E-001
   2534.17806   2.13091657E-001
   2532.84428   2.13082286E-001
   2531.51050   2.13078208E-001
   2530.17673   2.13079393E-001
   2528.84295   2.13085811E-001
   2527.50917   2.13097434E-001
   2526.17539   2.13114233E-001
   2524.84161   2.13136180E-001
   2523.50784   2.13163249E-001
   2522.17406   2.13195414E-001
   2520.84028   2.13232649E-001
   2519.50650   2.13274928E-001
   2518.17272   2.13322228E-001
   2516.83895   2.13374525E-001
   2515.50517   2.13431796E-001
   2514.17139   2.13494017E-001
   2512.83761   2.13561168E-001
   2511.50383   2.13633226E-001
   2510.17006   2.13710171E-001
   2508.83628   2.13791983E-001
   2507.50250   2.13878642E-001
   2506.16872   2.13970128E-001
   2504.83494   2.14066424E-001
   2503.50117   2.14167510E-001
   2502.16739   2.14273370E-001
   2500.83361   2.14383986E-001
   2499.49983   2.14499342E-001
   2498.16606   2.14619423E-001
   2496.83228   2.14744211E-001
   2495.49850   2.14873693E-001
   2494.16472   2.15007855E-001
   2492.83094   2.15146681E-001
   2491.49717   2.15290159E-001
   2490.16339   2.15438275E-001
   2488.82961   2.15591017E-001
   2487.49583   2.15748373E-001
   2486.16205   2.15910332E-001
   2484.82828   2.16076881E-001
   2483.49450   2.16248011E-001
   2482.16072   2.16423712E-001
   2480.82694   2.16603973E-001
   2479.49316   2.16788785E-001
   2478.15939   2.16978140E-001
   2476.82561   2.17172029E-001
   2475.49183   2.17370443E-001
   2474.15805   2.17573376E-001
   2472.82427   2.17780820E-001
   2471.49050   2.17992769E-001
   2470.15672   2.18209216E-001
   2468.82294   2.18430156E-001
   2467.48916   2.18655583E-001
   2466.15539   2.18885491E-001
   2464.82161   2.19119877E-001
   2463.48783   2.19358737E-001
   2462.15405   2.19602066E-001
   2460.82027   2.19849860E-001
   2459.48650   2.20102118E-001
   2458.15272   2.20358837E-001
   2456.81894   2.20620013E-001
   2455.48516   2.20885647E-001
   2454.15138   2.21155735E-001
   2452.81761   2.21430277E-001
   2451.48383   2.21709273E-001
   2450.15005   2.21992723E-001
   2448.81627   2.22280626E-001
   2447.48249   2.22572983E-001
   2446.14872   2.22869795E-001
   2444.81494   2.23171063E-001
   2443.48116   2.23476789E-001
   2442.14738   2.23786976E-001
   2440.81360   2.24101624E-001
   2439.47983   2.24420739E-001
   2438.14605   2.24744322E-001
   2436.81227   2.25072377E-001
   2435.47849   2.25404908E-001
   2434.14471   2.25741920E-001
   2432.81094   2.26083417E-001
   2431.47716   2.26429404E-001
   2430.14338   2.26779887E-001
   2428.80960   2.27134872E-001
   2427.47583   2.27494364E-001
   2426.14205   2.27858371E-001
   2424.80827   2.28226899E-001
   2423.47449   2.28599956E-001
   2422.14071   2.28977549E-001
   2420.80694   2.29359686E-001
   2419.47316   2.29746376E-001
   2418.13938   2.30137628E-001
   2416.80560   2.30533450E-001
   2415.47182   2.30933852E-001
   2414.13805   2.31338845E-001
   2412.80427   2.31748438E-001
   2411.47049   2.32162642E-001
   2410.13671   2.32581468E-001
   2408.80293   2.33004928E-001
   2407.46916   2.33433033E-001
   2406.13538   2.33865795E-001
   2404.80160   2.34303227E-001
   2403.46782   2.34745341E-001
   2402.13404   2.35192152E-001
   2400.80027   2.35643672E-001
   2399.46649   2.36099916E-001
   2398.13271   2.36560898E-001
   2396.79893   2.37026633E-001
   2395.46516   2.37497135E-001
   2394.13138   2.37972421E-001
   2392.79760   2.38452507E-001
   2391.46382   2.38937408E-001
   2390.13004   2.39427141E-001
   2388.79627   2.39921725E-001
   2387.46249   2.40421175E-001
   2386.12871   2.40925509E-001
   2384.79493   2.41434747E-001
   2383.46115   2.41948907E-001
   2382.12738   2.42468007E-001
   2380.79360   2.42992068E-001
   2379.45982   2.43521109E-001
   2378.12604   2.44055150E-001
   2376.79226   2.44594212E-001
   2375.45849   2.45138316E-001
   2374.12471   2.45687484E-001
   2372.79093   2.46241737E-001
   2371.45715   2.46801098E-001
   2370.12337   2.47365589E-001
   2368.78960   2.47935234E-001
   2367.45582   2.48510057E-001
   2366.12204   2.49090080E-001
   2364.78826   2.49675330E-001
   2363.45448   2.50265830E-001
   2362.12071   2.50861605E-001
   2360.78693   2.51462683E-001
   2359.45315   2.52069088E-001
   2358.11937   2.52680847E-001
   2356.78560   2.53297988E-001
   2355.45182   2.53920538E-001
   2354.11804   2.54548525E-001
   2352.78426   2.55181978E-001
   2351.45048   2.55820924E-001
   2350.11671   2.56465395E-001
   2348.78293   2.57115419E-001
   2347.44915   2.57771027E-001
   2346.11537   2.58432250E-001
   2344.78159   2.59099119E-001
   2343.44782   2.59771666E-001
   2342.11404   2.60449922E-001
   2340.78026   2.61133922E-001
   2339.44648   2.61823698E-001
   2338.11270   2.62519283E-001
   2336.77893   2.63220713E-001
   2335.44515   2.63928022E-001
   2334.11137   2.64641245E-001
   2332.77759   2.65360418E-001
   2331.44381   2.66085578E-001
   2330.11004   2.66816761E-001
   2328.77626   2.67554005E-001
   2327.44248   2.68297348E-001
   2326.10870   2.69046828E-001
   2324.77492   2.69802486E-001
   2323.44115   2.70564359E-001
   2322.10737   2.71332489E-001
   2320.77359   2.72106916E-001
   2319.43981   2.72887682E-001
   2318.10604   2.73674829E-001
   2316.77226   2.74468400E-001
   2315.43848   2.75268436E-001
   2314.10470   2.76074984E-001
   2312.77092   2.76888086E-001
   2311.43715   2.77707788E-001
   2310.10337   2.78534136E-001
   2308.76959   2.79367175E-001
   2307.43581   2.80206954E-001
   2306.10203   2.81053519E-001
   2304.76826   2.81906919E-001
   2303.43448   2.82767202E-001
   2302.10070   2.83634419E-001
   2300.76692   2.84508619E-001
   2299.43314   2.85389855E-001
   2298.09937   2.86278176E-001
   2296.76559   2.87173636E-001
   2295.43181   2.88076289E-001
   2294.09803   2.88986187E-001
   2292.76425   2.89903385E-001
   2291.43048   2.90827939E-001
   2290.09670   2.91759905E-001
   2288.76292   2.92699339E-001
   2287.42914   2.93646300E-001
   2286.09537   2.94600845E-001
   2284.76159   2.95563034E-001
   2283.42781   2.96532927E-001
   2282.09403   2.97510585E-001
   2280.76025   2.98496069E-001
   2279.42648   2.99489442E-001
   2278.09270   3.00490768E-001
   2276.75892   3.01500109E-001
   2275.42514   3.02517533E-001
   2274.09136   3.03543103E-001
   2272.75759   3.04576888E-001
   2271.42381   3.05618955E-001
   2270.09003   3.06669373E-001
   2268.75625   3.07728211E-001
   2267.42247   3.08795540E-001
   2266.08870   3.09871431E-001
   2264.75492   3.10955957E-001
   2263.42114   3.12049192E-001
   2262.08736   3.13151209E-001
   2260.75358   3.14262085E-001
   2259.41981   3.15381895E-001
   2258.08603   3.16510718E-001
   2256.75225   3.17648631E-001
   2255.41847   3.18795716E-001
   2254.08469   3.19952051E-001
   2252.75092   3.21117720E-001
   2251.41714   3.22292805E-001
   2250.08336   3.23477390E-001
   2248.74958   3.24671561E-001
   2247.41581   3.25875404E-001
   2246.08203   3.27089007E-001
   2244.74825   3.28312458E-001
   2243.41447   3.29545848E-001
   2242.08069   3.30789268E-001
   2240.74692   3.32042810E-001
   2239.41314   3.33306568E-001
   2238.07936   3.34580638E-001
   2236.74558   3.35865116E-001
   2235.41180   3.37160100E-001
   2234.07803   3.38465688E-001
   2232.74425   3.39781982E-001
   2231.41047   3.41109083E-001
   2230.07669   3.42447095E-001
   2228.74291   3.43796122E-001
   2227.40914   3.45156272E-001
   2226.07536   3.46527650E-001
   2224.74158   3.47910368E-001
   2223.40780   3.49304535E-001
   2222.07402   3.50710265E-001
   2220.74025   3.52127670E-001
   2219.40647   3.53556868E-001
   2218.07269   3.54997974E-001
   2216.73891   3.56451107E-001
   2215.40514   3.57916390E-001
   2214.07136   3.59393943E-001
   2212.73758   3.60883890E-001
   2211.40380   3.62386359E-001
   2210.07002   3.63901475E-001
   2208.73625   3.65429370E-001
   2207.40247   3.66970173E-001
   2206.06869   3.68524019E-001
   2204.73491   3.70091043E-001
   2203.40113   3.71671381E-001
   2202.06736   3.73265174E-001
   2200.73358   3.74872561E-001
   2199.39980   3.76493687E-001
   2198.06602   3.78128696E-001
   2196.73224   3.79777737E-001
   2195.39847   3.81440958E-001
   2194.06469   3.83118513E-001
   2192.73091   3.84810554E-001
   2191.39713   3.86517238E-001
   2190.06335   3.88238724E-001
   2188.72958   3.89975173E-001
   2187.39580   3.91726749E-001
   2186.06202   3.93493617E-001
   2184.72824   3.95275947E-001
   2183.39446   3.97073908E-001
   2182.06069   3.98887675E-001
   2180.72691   4.00717423E-001
   2179.39313   4.02563332E-001
   2178.05935   4.04425583E-001
   2176.72558   4.06304361E-001
   2175.39180   4.08199853E-001
   2174.05802   4.10112248E-001
   2172.72424   4.12041740E-001
   2171.39046   4.13988525E-001
   2170.05669   4.15952802E-001
   2168.72291   4.17934772E-001
   2167.38913   4.19934642E-001
   2166.05535   4.21952619E-001
   2164.72157   4.23988916E-001
   2163.38780   4.26043747E-001
   2162.05402   4.28117331E-001
   2160.72024   4.30209889E-001
   2159.38646   4.32321647E-001
   2158.05268   4.34452835E-001
   2156.71891   4.36603684E-001
   2155.38513   4.38774431E-001
   2154.05135   4.40965316E-001
   2152.71757   4.43176583E-001
   2151.38379   4.45408480E-001
   2150.05002   4.47661260E-001
   2148.71624   4.49935177E-001
   2147.38246   4.52230492E-001
   2146.04868   4.54547471E-001
   2144.71490   4.56886381E-001
   2143.38113   4.59247495E-001
   2142.04735   4.61631092E-001
   2140.71357   4.64037454E-001
   2139.37979   4.66466868E-001
   2138.04602   4.68919625E-001
   2136.71224   4.71396023E-001
   2135.37846   4.73896363E-001
   2134.04468   4.76420951E-001
   2132.71090   4.78970100E-001
   2131.37713   4.81544126E-001
   2130.04335   4.84143353E-001
   2128.70957   4.86768108E-001
   2127.37579   4.89418726E-001
   2126.04201   4.92095545E-001
   2124.70824   4.94798910E-001
   2123.37446   4.97529174E-001
   2122.04068   5.00286693E-001
   2120.70690   5.03071831E-001
   2119.37312   5.05884957E-001
   2118.03935   5.08726449E-001
   2116.70557   5.11596689E-001
   2115.37179   5.14496066E-001
   2114.03801   5.17424979E-001
   2112.70423   5.20383829E-001
   2111.37046   5.23373029E-001
   2110.03668   5.26392996E-001
   2108.70290   5.29444157E-001
   2107.36912   5.32526944E-001
   2106.03535   5.35641799E-001
   2104.70157   5.38789172E-001
   2103.36779   5.41969520E-001
   2102.03401   5.45183308E-001
   2100.70023   5.48431013E-001
   2099.36646   5.51713115E-001
   2098.03268   5.55030109E-001
   2096.69890   5.58382494E-001
   2095.36512   5.61770783E-001
   2094.03134   5.65195494E-001
   2092.69757   5.68657159E-001
   2091.36379   5.72156317E-001
   2090.03001   5.75693518E-001
   2088.69623   5.79269323E-001
   2087.36245   5.82884303E-001
   2086.02868   5.86539042E-001
   2084.69490   5.90234132E-001
   2083.36112   5.93970178E-001
   2082.02734   5.97747798E-001
   2080.69356   6.01567619E-001
   2079.35979   6.05430284E-001
   2078.02601   6.09336446E-001
   2076.69223   6.13286770E-001
   2075.35845   6.17281938E-001
   2074.02467   6.21322643E-001
   2072.69090   6.25409590E-001
   2071.35712   6.29543502E-001
   2070.02334   6.33725114E-001
   2068.68956   6.37955178E-001
   2067.35579   6.42234458E-001
   2066.02201   6.46563736E-001
   2064.68823   6.50943809E-001
   2063.35445   6.55375492E-001
   2062.02067   6.59859615E-001
   2060.68690   6.64397025E-001
   2059.35312   6.68988588E-001
   2058.01934   6.73635187E-001
   2056.68556   6.78337725E-001
   2055.35178   6.83097123E-001
   2054.01801   6.87914320E-001
   2052.68423   6.92790278E-001
   2051.35045   6.97725977E-001
   2050.01667   7.02722419E-001
   2048.68289   7.07780629E-001
   2047.34912   7.12901651E-001
   2046.01534   7.18086554E-001
   2044.68156   7.23336431E-001
   2043.34778   7.28652396E-001
   2042.01400   7.34035591E-001
   2040.68023   7.39487180E-001
   2039.34645   7.45008355E-001
   2038.01267   7.50600334E-001
   2036.67889   7.56264362E-001
   2035.34512   7.62001714E-001
   2034.01134   7.67813690E-001
   2032.67756   7.73701624E-001
   2031.34378   7.79666877E-001
   2030.01000   7.85710843E-001
   2028.67623   7.91834947E-001
   2027.34245   7.98040649E-001
   2026.00867   8.04329442E-001
   2024.67489   8.10702852E-001
   2023.34111   8.17162444E-001
   2022.00734   8.23709818E-001
   2020.67356   8.30346613E-001
   2019.33978   8.37074506E-001
   2018.00600   8.43895216E-001
   2016.67222   8.50810501E-001
   2015.33845   8.57822164E-001
   2014.00467   8.64932050E-001
   2012.67089   8.72142050E-001
   2011.33711   8.79454102E-001
   2010.00333   8.86870191E-001
   2008.66956   8.94392351E-001
   2007.33578   9.02022667E-001
   2006.00200   9.09763278E-001
   2004.66822   9.17616375E-001
   2003.33444   9.25584205E-001
   2002.00067   9.33669072E-001
   2000.66689   9.41873340E-001
   1999.33311   9.50199433E-001
   1997.99933   9.58649838E-001
   1996.66556   9.67227106E-001
   1995.33178   9.75933856E-001
   1993.99800   9.84772776E-001
   1992.66422   9.93746624E-001
   1991.33044   1.00285823E+000
   1989.99667   1.01211051E+000
   1988.66289   1.02150643E+000
   1987.32911   1.03104908E+000
   1985.99533   1.04074159E+000
   1984.66155   1.05058721E+000
   1983.32778   1.06058926E+000
   1981.99400   1.07075116E+000
   1980.66022   1.08107641E+000
   1979.32644   1.09156863E+000
   1977.99266   1.10223152E+000
   1976.65889   1.11306892E+000
   1975.32511   1.12408473E+000
   1973.99133   1.13528299E+000
   1972.65755   1.14666787E+000
   1971.32377   1.15824362E+000
   1969.99000   1.17001466E+000
   1968.65622   1.18198551E+000
   1967.32244   1.19416082E+000
   1965.98866   1.20654539E+000
   1964.65488   1.21914417E+000
   1963.32111   1.23196225E+000
   1961.98733   1.24500487E+000
   1960.65355   1.25827742E+000
   1959.31977   1.27178549E+000
   1957.98600   1.28553480E+000
   1956.65222   1.29953127E+000
   1955.31844   1.31378101E+000
   1953.98466   1.32829030E+000
   1952.65088   1.34306564E+000
   1951.31711   1.35811372E+000
   1949.98333   1.37344146E+000
   1948.64955   1.38905598E+000
   1947.31577   1.40496464E+000
   1945.98199   1.42117506E+000
   1944.64822   1.43769508E+000
   1943.31444   1.45453282E+000
   1941.98066   1.47169666E+000
   1940.64688   1.48919525E+000
   1939.31310   1.50703756E+000
   1937.97933   1.52523284E+000
   1936.64555   1.54379067E+000
   1935.31177   1.56272095E+000
   1933.97799   1.58203393E+000
   1932.64421   1.60174020E+000
   1931.31044   1.62185076E+000
   1929.97666   1.64237695E+000
   1928.64288   1.66333056E+000
   1927.30910   1.68472378E+000
   1925.97533   1.70656923E+000
   1924.64155   1.72888002E+000
   1923.30777   1.75166971E+000
   1921.97399   1.77495239E+000
   1920.64021   1.79874266E+000
   1919.30644   1.82305565E+000
   1917.97266   1.84790711E+000
   1916.63888   1.87331333E+000
   1915.30510   1.89929129E+000
   1913.97132   1.92585856E+000
   1912.63755   1.95303346E+000
   1911.30377   1.98083497E+000
   1909.96999   2.00928288E+000
   1908.63621   2.03839773E+000
   1907.30243   2.06820089E+000
   1905.96866   2.09871463E+000
   1904.63488   2.12996209E+000
   1903.30110   2.16196738E+000
   1901.96732   2.19475564E+000
   1900.63354   2.22835303E+000
   1899.29977   2.26278682E+000
   1897.96599   2.29808547E+000
   1896.63221   2.33427865E+000
   1895.29843   2.37139731E+000
   1893.96465   2.40947377E+000
   1892.63088   2.44854178E+000
   1891.29710   2.48863658E+000
   1889.96332   2.52979500E+000
   1888.62954   2.57205557E+000
   1887.29577   2.61545854E+000
   1885.96199   2.66004607E+000
   1884.62821   2.70586225E+000
   1883.29443   2.75295327E+000
   1881.96065   2.80136751E+000
   1880.62688   2.85115568E+000
   1879.29310   2.90237095E+000
   1877.95932   2.95506909E+000
   1876.62554   3.00930862E+000
   1875.29176   3.06515101E+000
   1873.95799   3.12266081E+000
   1872.62421   3.18190588E+000
   1871.29043   3.24295755E+000
   1869.95665   3.30589090E+000
   1868.62287   3.37078492E+000
   1867.28910   3.43772283E+000
   1865.95532   3.50679230E+000
   1864.62154   3.57808579E+000
   1863.28776   3.65170081E+000
   1861.95398   3.72774028E+000
   1860.62021   3.80631294E+000
   1859.28643   3.88753367E+000
   1857.95265   3.97152394E+000
   1856.61887   4.05841232E+000
   1855.28510   4.14833489E+000
   1853.95132   4.24143587E+000
   1852.61754   4.33786812E+000
   1851.28376   4.43779385E+000
   1849.94998   4.54138525E+000
   1848.61621   4.64882529E+000
   1847.28243   4.76030848E+000
   1845.94865   4.87604181E+000
   1844.61487   4.99624570E+000
   1843.28109   5.12115505E+000
   1841.94732   5.25102039E+000
   1840.61354   5.38610920E+000
   1839.27976   5.52670722E+000
   1837.94598   5.67312003E+000
   1836.61220   5.82567471E+000
   1835.27843   5.98472166E+000
   1833.94465   6.15063664E+000
   1832.61087   6.32382299E+000
   1831.27709   6.50471412E+000
   1829.94331   6.69377621E+000
   1828.60954   6.89151124E+000
   1827.27576   7.09846032E+000
   1825.94198   7.31520744E+000
   1824.60820   7.54238357E+000
   1823.27442   7.78067130E+000
   1821.94065   8.03080994E+000
   1820.60687   8.29360131E+000
   1819.27309   8.56991616E+000
   1817.93931   8.86070139E+000
   1816.60554   9.16698819E+000
   1815.27176   9.48990119E+000
   1813.93798   9.83066877E+000
   1812.60420   1.01906348E+001
   1811.27042   1.05712717E+001
   1809.93665   1.09741959E+001
   1808.60287   1.14011844E+001
   1807.26909   1.18541950E+001
   1805.93531   1.23353881E+001
   1804.60153   1.28471528E+001
   1803.26776   1.33921362E+001
   1801.93398   1.39732778E+001
   1800.60020   1.45938488E+001
   1799.26642   1.52574980E+001
   1797.93264   1.59683053E+001
   1796.59887   1.67308439E+001
   1795.26509   1.75502535E+001
   1793.93131   1.84323266E+001
   1792.59753   1.93836098E+001
   1791.26375   2.04115248E+001
   1789.92998   2.15245116E+001
   1788.59620   2.27322007E+001
   1787.26242   2.40456189E+001
   1785.92864   2.54774392E+001
   1784.59486   2.70422823E+001
   1783.26109   2.87570861E+001
   1781.92731   3.06415577E+001
   1780.59353   3.27187319E+001
   1779.25975   3.50156646E+001
   1777.92598   3.75642989E+001
   1776.59220   4.04025563E+001
   1775.25842   4.35757197E+001
   1773.92464   4.71382014E+001
   1772.59086   5.11558212E+001
   1771.25709   5.57087698E+001
   1769.92331   6.08954972E+001
   1768.58953   6.68378701E+001
   1767.25575   7.36880825E+001
   1765.92197   8.16380252E+001
   1764.58820   9.09321401E+001
   1763.25442   1.01885286E+002
   1761.92064   1.14907904E+002
   1760.58686   1.30541976E+002
   1759.25308   1.49513143E+002
   1757.91931   1.72807352E+002
   1756.58553   2.01785147E+002
   1755.25175   2.38354039E+002
   1753.91797   2.85230202E+002
   1752.58419   3.46334062E+002
   1751.25042   4.27371600E+002
   1749.91664   5.36615398E+002
   1748.58286   6.85675912E+002
   1747.24908   8.89200079E+002
   1745.91531   1.15986742E+003
   1744.58153   1.48998550E+003
   1743.24775   1.81296660E+003
   1741.91397   1.98612057E+003
   1740.58019   1.89792140E+003
   1739.24642   1.60830884E+003
   1737.91264   1.26885691E+003
   1736.57886   9.74776036E+002
   1735.24508   7.49053591E+002
   1733.91130   5.82931134E+002
   1732.57753   4.61436448E+002
   1731.24375   3.71754115E+002
   1729.90997   3.04528489E+002
   1728.57619   2.53263539E+002
   1727.24241   2.13498610E+002
   1725.90864   1.82154705E+002
   1724.57486   1.57080334E+002
   1723.24108   1.36749284E+002
   1721.90730   1.20061581E+002
   1720.57352   1.06211925E+002
   1719.23975   9.46018280E+001
   1717.90597   8.47801677E+001
   1716.57219   7.64023790E+001
   1715.23841   6.92020338E+001
   1713.90463   6.29707621E+001
   1712.57086   5.75438711E+001
   1711.23708   5.27899095E+001
   1709.90330   4.86030006E+001
   1708.56952   4.48971442E+001
   1707.23575   4.16019341E+001
   1705.90197   3.86593072E+001
   1704.56819   3.60210512E+001
   1703.23441   3.36468767E+001
   1701.90063   3.15029132E+001
   1700.56686   2.95605262E+001
   1699.23308   2.77953791E+001
   1697.89930   2.61866859E+001
   1696.56552   2.47166091E+001
   1695.23174   2.33697742E+001
   1693.89797   2.21328739E+001
   1692.56419   2.09943442E+001
   1691.23041   1.99440989E+001
   1689.89663   1.89733088E+001
   1688.56285   1.80742190E+001
   1687.22908   1.72399965E+001
   1685.89530   1.64646017E+001
   1684.56152   1.57426811E+001
   1683.22774   1.50694757E+001
   1681.89396   1.44407440E+001
   1680.56019   1.38526958E+001
   1679.22641   1.33019362E+001
   1677.89263   1.27854171E+001
   1676.55885   1.23003957E+001
   1675.22508   1.18443986E+001
   1673.89130   1.14151906E+001
   1672.55752   1.10107480E+001
   1671.22374   1.06292349E+001
   1669.88996   1.02689829E+001
   1668.55619   9.92847288E+000
   1667.22241   9.60631948E+000
   1665.88863   9.30125726E+000
   1664.55485   9.01212838E+000
   1663.22107   8.73787193E+000
   1661.88730   8.47751433E+000
   1660.55352   8.23016090E+000
   1659.21974   7.99498831E+000
   1657.88596   7.77123792E+000
   1656.55218   7.55820977E+000
   1655.21841   7.35525725E+000
   1653.88463   7.16178233E+000
   1652.55085   6.97723124E+000
   1651.21707   6.80109065E+000
   1649.88329   6.63288417E+000
   1648.54952   6.47216926E+000
   1647.21574   6.31853438E+000
   1645.88196   6.17159644E+000
   1644.54818   6.03099852E+000
   1643.21440   5.89640774E+000
   1641.88063   5.76751341E+000
   1640.54685   5.64402524E+000
   1639.21307   5.52567183E+000
   1637.87929   5.41219922E+000
   1636.54552   5.30336955E+000
   1635.21174   5.19895994E+000
   1633.87796   5.09876133E+000
   1632.54418   5.00257753E+000
   1631.21040   4.91022427E+000
   1629.87663   4.82152840E+000
   1628.54285   4.73632711E+000
   1627.20907   4.65446719E+000
   1625.87529   4.57580444E+000
   1624.54151   4.50020302E+000
   1623.20774   4.42753491E+000
   1621.87396   4.35767944E+000
   1620.54018   4.29052276E+000
   1619.20640   4.22595746E+000
   1617.87262   4.16388214E+000
   1616.53885   4.10420105E+000
   1615.20507   4.04682373E+000
   1613.87129   3.99166473E+000
   1612.53751   3.93864330E+000
   1611.20373   3.88768307E+000
   1609.86996   3.83871189E+000
   1608.53618   3.79166151E+000
   1607.20240   3.74646742E+000
   1605.86862   3.70306860E+000
   1604.53484   3.66140737E+000
   1603.20107   3.62142922E+000
   1601.86729   3.58308261E+000
   1600.53351   3.54631884E+000
   1599.19973   3.51109193E+000
   1597.86596   3.47735846E+000
   1596.53218   3.44507746E+000
   1595.19840   3.41421030E+000
   1593.86462   3.38472059E+000
   1592.53084   3.35657409E+000
   1591.19707   3.32973860E+000
   1589.86329   3.30418390E+000
   1588.52951   3.27988165E+000
   1587.19573   3.25680537E+000
   1585.86195   3.23493031E+000
   1584.52818   3.21423345E+000
   1583.19440   3.19469340E+000
   1581.86062   3.17629040E+000
   1580.52684   3.15900624E+000
   1579.19306   3.14282424E+000
   1577.85929   3.12772920E+000
   1576.52551   3.11370740E+000
   1575.19173   3.10074655E+000
   1573.85795   3.08883577E+000
   1572.52417   3.07796561E+000
   1571.19040   3.06812798E+000
   1569.85662   3.05931619E+000
   1568.52284   3.05152491E+000
   1567.18906   3.04475021E+000
   1565.85529   3.03898953E+000
   1564.52151   3.03424171E+000
   1563.18773   3.03050701E+000
   1561.85395   3.02778709E+000
   1560.52017   3.02608509E+000
   1559.18640   3.02540560E+000
   1557.85262   3.02575474E+000
   1556.51884   3.02714018E+000
   1555.18506   3.02957120E+000
   1553.85128   3.03305871E+000
   1552.51751   3.03761533E+000
   1551.18373   3.04325547E+000
   1549.84995   3.04999537E+000
   1548.51617   3.05785322E+000
   1547.18239   3.06684921E+000
   1545.84862   3.07700566E+000
   1544.51484   3.08834711E+000
   1543.18106   3.10090048E+000
   1541.84728   3.11469515E+000
   1540.51350   3.12976314E+000
   1539.17973   3.14613929E+000
   1537.84595   3.16386141E+000
   1536.51217   3.18297047E+000
   1535.17839   3.20351087E+000
   1533.84461   3.22553062E+000
   1532.51084   3.24908165E+000
   1531.17706   3.27422008E+000
   1529.84328   3.30100655E+000
   1528.50950   3.32950657E+000
   1527.17573   3.35979094E+000
   1525.84195   3.39193613E+000
   1524.50817   3.42602485E+000
   1523.17439   3.46214651E+000
   1521.84061   3.50039787E+000
   1520.50684   3.54088366E+000
   1519.17306   3.58371738E+000
   1517.83928   3.62902211E+000
   1516.50550   3.67693140E+000
   1515.17172   3.72759040E+000
   1513.83795   3.78115693E+000
   1512.50417   3.83780290E+000
   1511.17039   3.89771575E+000
   1509.83661   3.96110014E+000
   1508.50283   4.02817988E+000
   1507.16906   4.09920012E+000
   1505.83528   4.17442980E+000
   1504.50150   4.25416455E+000
   1503.16772   4.33872987E+000
   1501.83394   4.42848495E+000
   1500.50017   4.52382698E+000
   1499.16639   4.62519615E+000
   1497.83261   4.73308148E+000
   1496.49883   4.84802764E+000
   1495.16506   4.97064290E+000
   1493.83128   5.10160852E+000
   1492.49750   5.24168983E+000
   1491.16372   5.39174936E+000
   1489.82994   5.55276258E+000
   1488.49617   5.72583672E+000
   1487.16239   5.91223351E+000
   1485.82861   6.11339676E+000
   1484.49483   6.33098606E+000
   1483.16105   6.56691824E+000
   1481.82728   6.82341871E+000
   1480.49350   7.10308557E+000
   1479.15972   7.40897025E+000
   1477.82594   7.74467999E+000
   1476.49216   8.11450914E+000
   1475.15839   8.52360911E+000
   1473.82461   8.97821090E+000
   1472.49083   9.48591962E+000
   1471.15705   1.00561091E+001
   1469.82327   1.07004581E+001
   1468.48950   1.14336877E+001
   1467.15572   1.22745924E+001
   1465.82194   1.32475023E+001
   1464.48816   1.43843889E+001
   1463.15438   1.57279470E+001
   1461.82061   1.73361679E+001
   1460.48683   1.92892015E+001
   1459.15305   2.16997034E+001
   1457.81927   2.47282775E+001
   1456.48550   2.86055416E+001
   1455.15172   3.36596165E+001
   1453.81794   4.03351618E+001
   1452.48416   4.91460928E+001
   1451.15038   6.03873851E+001
   1449.81661   7.32810420E+001
   1448.48283   8.47078512E+001
   1447.14905   8.99727452E+001
   1445.81527   8.76940031E+001
   1444.48149   8.18945807E+001
   1443.14772   7.73343623E+001
   1441.81394   7.64318002E+001
   1440.48016   7.99969181E+001
   1439.14638   8.84224084E+001
   1437.81260   1.02020003E+002
   1436.47883   1.20390246E+002
   1435.14505   1.40953921E+002
   1433.81127   1.58830074E+002
   1432.47749   1.71785132E+002
   1431.14371   1.84734864E+002
   1429.80994   2.04897024E+002
   1428.47616   2.34578749E+002
   1427.14238   2.67326475E+002
   1425.80860   2.89007207E+002
   1424.47482   2.89812181E+002
   1423.14105   2.74695232E+002
   1421.80727   2.53185278E+002
   1420.47349   2.26520738E+002
   1419.13971   1.93025953E+002
   1417.80594   1.57144578E+002
   1416.47216   1.25225094E+002
   1415.13838   9.99124123E+001
   1413.80460   8.08049675E+001
   1412.47082   6.65453268E+001
   1411.13705   5.58355148E+001
   1409.80327   4.76836491E+001
   1408.46949   4.13838625E+001
   1407.13571   3.64433670E+001
   1405.80193   3.25174550E+001
   1404.46816   2.93623871E+001
   1403.13438   2.68033722E+001
   1401.80060   2.47132022E+001
   1400.46682   2.29979893E+001
   1399.13304   2.15875634E+001
   1397.79927   2.04289267E+001
   1396.46549   1.94817361E+001
   1395.13171   1.87151449E+001
   1393.79793   1.81055728E+001
   1392.46415   1.76351202E+001
   1391.13038   1.72904392E+001
   1389.79660   1.70619361E+001
   1388.46282   1.69432217E+001
   1387.12904   1.69307567E+001
   1385.79527   1.70236553E+001
   1384.46149   1.72236308E+001
   1383.12771   1.75350766E+001
   1381.79393   1.79652879E+001
   1380.46015   1.85248447E+001
   1379.12638   1.92281887E+001
   1377.79260   2.00944478E+001
   1376.45882   2.11485894E+001
   1375.12504   2.24230214E+001
   1373.79126   2.39598176E+001
   1372.45749   2.58138318E+001
   1371.12371   2.80570957E+001
   1369.78993   3.07851055E+001
   1368.45615   3.41259246E+001
   1367.12237   3.82535463E+001
   1365.78860   4.34077773E+001
   1364.45482   4.99241754E+001
   1363.12104   5.82794778E+001
   1361.78726   6.91604352E+001
   1360.45348   8.35658843E+001
   1359.11971   1.02947707E+002
   1357.78593   1.29365410E+002
   1356.45215   1.65504161E+002
   1355.11837   2.14010282E+002
   1353.78459   2.74710144E+002
   1352.45082   3.37971031E+002
   1351.11704   3.79085281E+002
   1349.78326   3.72871218E+002
   1348.44948   3.23618552E+002
   1347.11571   2.59290078E+002
   1345.78193   2.01165276E+002
   1344.44815   1.55821698E+002
   1343.11437   1.22304050E+002
   1341.78059   9.78165345E+001
   1340.44682   7.98047832E+001
   1339.11304   6.63667810E+001
   1337.77926   5.61739876E+001
   1336.44548   4.83136978E+001
   1335.11170   4.21571088E+001
   1333.77793   3.72661262E+001
   1332.44415   3.33310179E+001
   1331.11037   3.01293303E+001
   1329.77659   2.74987706E+001
   1328.44281   2.53191429E+001
   1327.10904   2.35001600E+001
   1325.77526   2.19731030E+001
   1324.44148   2.06850297E+001
   1323.10770   1.95946958E+001
   1321.77392   1.86696417E+001
   1320.44015   1.78840849E+001
   1319.10637   1.72173752E+001
   1317.77259   1.66528510E+001
   1316.43881   1.61769808E+001
   1315.10504   1.57787151E+001
   1313.77126   1.54489896E+001
   1312.43748   1.51803435E+001
   1311.10370   1.49666228E+001
   1309.76992   1.48027477E+001
   1308.43615   1.46845306E+001
   1307.10237   1.46085309E+001
   1305.76859   1.45719407E+001
   1304.43481   1.45724932E+001
   1303.10103   1.46083901E+001
   1301.76726   1.46782437E+001
   1300.43348   1.47810311E+001
   1299.09970   1.49160584E+001
   1297.76592   1.50829330E+001
   1296.43214   1.52815434E+001
   1295.09837   1.55120444E+001
   1293.76459   1.57748481E+001
   1292.43081   1.60706197E+001
   1291.09703   1.64002777E+001
   1289.76325   1.67649986E+001
   1288.42948   1.71662256E+001
   1287.09570   1.76056820E+001
   1285.76192   1.80853892E+001
   1284.42814   1.86076890E+001
   1283.09436   1.91752720E+001
   1281.76059   1.97912116E+001
   1280.42681   2.04590050E+001
   1279.09303   2.11826218E+001
   1277.75925   2.19665617E+001
   1276.42548   2.28159228E+001
   1275.09170   2.37364829E+001
   1273.75792   2.47347946E+001
   1272.42414   2.58182991E+001
   1271.09036   2.69954613E+001
   1269.75659   2.82759304E+001
   1268.42281   2.96707321E+001
   1267.08903   3.11924997E+001
   1265.75525   3.28557524E+001
   1264.42147   3.46772320E+001
   1263.08770   3.66763132E+001
   1261.75392   3.88755054E+001
   1260.42014   4.13010690E+001
   1259.08636   4.39837793E+001
   1257.75258   4.69598768E+001
   1256.41881   5.02722582E+001
   1255.08503   5.39719808E+001
   1253.75125   5.81201748E+001
   1252.41747   6.27904961E+001
   1251.08369   6.80722979E+001
   1249.74992   7.40747694E+001
   1248.41614   8.09323888E+001
   1247.08236   8.88121832E+001
   1245.74858   9.79234995E+001
   1244.41480   1.08531310E+002
   1243.08103   1.20974556E+002
   1241.74725   1.35691771E+002
   1240.41347   1.53257367E+002
   1239.07969   1.74433756E+002
   1237.74592   2.00247334E+002
   1236.41214   2.32100810E+002
   1235.07836   2.71941497E+002
   1233.74458   3.22515972E+002
   1232.41080   3.87756740E+002
   1231.07703   4.73362815E+002
   1229.74325   5.87633381E+002
   1228.40947   7.42510716E+002
   1227.07569   9.54305653E+002
   1225.74191   1.24189477E+003
   1224.40814   1.61566157E+003
   1223.07436   2.04435660E+003
   1221.74058   2.40427533E+003
   1220.40680   2.50434289E+003
   1219.07302   2.27633235E+003
   1217.73925   1.86603902E+003
   1216.40547   1.45132165E+003
   1215.07169   1.11282171E+003
   1213.73791   8.58703501E+002
   1212.40413   6.72645293E+002
   1211.07036   5.36251013E+002
   1209.73658   4.35024463E+002
   1208.40280   3.58656566E+002
   1207.06902   3.00040006E+002
   1205.73525   2.54290918E+002
   1204.40147   2.18024354E+002
   1203.06769   1.88862011E+002
   1201.73391   1.65106730E+002
   1200.40013   1.45528079E+002
   1199.06636   1.29220148E+002
   1197.73258   1.15506138E+002
   1196.39880   1.03873466E+002
   1195.06502   9.39289874E+001
   1193.73124   8.53676524E+001
   1192.39747   7.79502715E+001
   1191.06369   7.14875411E+001
   1189.72991   6.58284416E+001
   1188.39613   6.08517396E+001
   1187.06235   5.64597373E+001
   1185.72858   5.25736932E+001
   1184.39480   4.91305355E+001
   1183.06102   4.60806392E+001
   1181.72724   4.33865647E+001
   1180.39346   4.10227670E+001
   1179.05969   3.89763795E+001
   1177.72591   3.72491476E+001
   1176.39213   3.58600830E+001
   1175.05835   3.48461589E+001
   1173.72457   3.42509299E+001
   1172.39080   3.40728453E+001
   1171.05702   3.41305202E+001
   1169.72324   3.39102028E+001
   1168.38946   3.27903390E+001
   1167.05569   3.07265540E+001
   1165.72191   2.82992600E+001
   1164.38813   2.60315478E+001
   1163.05435   2.41100831E+001
   1161.72057   2.25245927E+001
   1160.38680   2.12099570E+001
   1159.05302   2.01031225E+001
   1157.71924   1.91559719E+001
   1156.38546   1.83344365E+001
   1155.05168   1.76150448E+001
   1153.71791   1.69819205E+001
   1152.38413   1.64247186E+001
   1151.05035   1.59373834E+001
   1149.71657   1.55175559E+001
   1148.38279   1.51665330E+001
   1147.04902   1.48897749E+001
   1145.71524   1.46980499E+001
   1144.38146   1.46093786E+001
   1143.04768   1.46518666E+001
   1141.71390   1.48668880E+001
   1140.38013   1.53094741E+001
   1139.04635   1.60344755E+001
   1137.71257   1.70383166E+001
   1136.37879   1.81189192E+001
   1135.04502   1.87538322E+001
   1133.71124   1.84025166E+001
   1132.37746   1.71452191E+001
   1131.04368   1.55732661E+001
   1129.70990   1.41424768E+001
   1128.37613   1.29953374E+001
   1127.04235   1.21121371E+001
   1125.70857   1.14330908E+001
   1124.37479   1.09033253E+001
   1123.04101   1.04818655E+001
   1121.70724   1.01400136E+001
   1120.37346   9.85799638E+000
   1119.03968   9.62214865E+000
   1117.70590   9.42292073E+000
   1116.37212   9.25354510E+000
   1115.03835   9.10915752E+000
   1113.70457   8.98621717E+000
   1112.37079   8.88212058E+000
   1111.03701   8.79494162E+000
   1109.70323   8.72325406E+000
   1108.36946   8.66600898E+000
   1107.03568   8.62244921E+000
   1105.70190   8.59204911E+000
   1104.36812   8.57447203E+000
   1103.03434   8.56954036E+000
   1101.70057   8.57721469E+000
   1100.36679   8.59757974E+000
   1099.03301   8.63083557E+000
   1097.69923   8.67729285E+000
   1096.36546   8.73737155E+000
   1095.03168   8.81160266E+000
   1093.69790   8.90063252E+000
   1092.36412   9.00522982E+000
   1091.03034   9.12629520E+000
   1089.69657   9.26487365E+000
   1088.36279   9.42216988E+000
   1087.02901   9.59956717E+000
   1085.69523   9.79865005E+000
   1084.36145   1.00212316E+001
   1083.02768   1.02693862E+001
   1081.69390   1.05454884E+001
   1080.36012   1.08522602E+001
   1079.02634   1.11928271E+001
   1077.69256   1.15707864E+001
   1076.35879   1.19902889E+001
   1075.02501   1.24561393E+001
   1073.69123   1.29739179E+001
   1072.35745   1.35501303E+001
   1071.02367   1.41923918E+001
   1069.68990   1.49096574E+001
   1068.35612   1.57125075E+001
   1067.02234   1.66135089E+001
   1065.68856   1.76276715E+001
   1064.35478   1.87730315E+001
   1063.02101   2.00714031E+001
   1061.68723   2.15493544E+001
   1060.35345   2.32394876E+001
   1059.01967   2.51821349E+001
   1057.68590   2.74276278E+001
   1056.35212   3.00393714E+001
   1055.01834   3.30980557E+001
   1053.68456   3.67075017E+001
   1052.35078   4.10028848E+001
   1051.01701   4.61624665E+001
   1049.68323   5.24245755E+001
   1048.34945   6.01125449E+001
   1047.01567   6.96718441E+001
   1045.68189   8.17260248E+001
   1044.34812   9.71616152E+001
   1043.01434   1.17256558E+002
   1041.68056   1.43869642E+002
   1040.34678   1.79698024E+002
   1039.01300   2.28543740E+002
   1037.67923   2.95272204E+002
   1036.34545   3.84355584E+002
   1035.01167   4.94259634E+002
   1033.67789   6.05107379E+002
   1032.34411   6.71198510E+002
   1031.01034   6.51993043E+002
   1029.67656   5.60710792E+002
   1028.34278   4.46472489E+002
   1027.00900   3.44410605E+002
   1025.67523   2.64981277E+002
   1024.34145   2.06240631E+002
   1023.00767   1.63258031E+002
   1021.67389   1.31572868E+002
   1020.34011   1.07869904E+002
   1019.00634   8.98335141E+001
   1017.67256   7.58718616E+001
   1016.33878   6.48872488E+001
   1015.00500   5.61140820E+001
   1013.67122   4.90104675E+001
   1012.33745   4.31867408E+001
   1011.00367   3.83582589E+001
   1009.66989   3.43139268E+001
   1008.33611   3.08949432E+001
   1007.00233   2.79802421E+001
   1005.66856   2.54763749E+001
   1004.33478   2.33103775E+001
   1003.00100   2.14246711E+001
   1001.66722   1.97733694E+001
   1000.33344   1.83195702E+001
    998.99967   1.70333465E+001
    997.66589   1.58902390E+001
    996.33211   1.48701138E+001
    994.99833   1.39562884E+001
    993.66455   1.31348576E+001
    992.33078   1.23941680E+001
    990.99700   1.17244069E+001
    989.66322   1.11172775E+001
    988.32944   1.05657420E+001
    986.99567   1.00638162E+001
    985.66189   9.60640677E+000
    984.32811   9.18918118E+000
    982.99433   8.80846513E+000
    981.66055   8.46116307E+000
    980.32678   8.14469844E+000
    978.99300   7.85697217E+000
    977.65922   7.59633861E+000
    976.32544   7.36159982E+000
    974.99166   7.15202018E+000
    973.65789   6.96736576E+000
    972.32411   6.80797538E+000
    970.99033   6.67487466E+000
    969.65655   6.56995042E+000
    968.32277   6.49621282E+000
    966.98900   6.45818782E+000
    965.65522   6.46250672E+000
    964.32144   6.51879798E+000
    962.98766   6.64104413E+000
    961.65388   6.84964797E+000
    960.32011   7.17453527E+000
    958.98633   7.65959296E+000
    957.65255   8.36814012E+000
    956.31877   9.38638429E+000
    954.98499   1.08123755E+001
    953.65122   1.26932039E+001
    952.31744   1.48427969E+001
    950.98366   1.65799390E+001
    949.64988   1.69099379E+001
    948.31611   1.55479290E+001
    946.98233   1.33011741E+001
    945.64855   1.10769723E+001
    944.31477   9.26538987E+000
    942.98099   7.89503443E+000
    941.64722   6.87760486E+000
    940.31344   6.11760809E+000
    938.97966   5.54053836E+000
    937.64588   5.09355392E+000
    936.31210   4.74022284E+000
    934.97833   4.45547626E+000
    933.64455   4.22190236E+000
    932.31077   4.02723524E+000
    930.97699   3.86269559E+000
    929.64321   3.72189723E+000
    928.30944   3.60012143E+000
    926.97566   3.49382947E+000
    925.64188   3.40033074E+000
    924.30810   3.31755339E+000
    922.97432   3.24388355E+000
    921.64055   3.17805111E+000
    920.30677   3.11904732E+000
    918.97299   3.06606484E+000
    917.63921   3.01845333E+000
    916.30544   2.97568648E+000
    914.97166   2.93733712E+000
    913.63788   2.90305828E+000
    912.30410   2.87256875E+000
    910.97032   2.84564198E+000
    909.63655   2.82209748E+000
    908.30277   2.80179417E+000
    906.96899   2.78462530E+000
    905.63521   2.77051449E+000
    904.30143   2.75941282E+000
    902.96766   2.75129663E+000
    901.63388   2.74616608E+000
    900.30010   2.74404416E+000
    898.96632   2.74497632E+000
    897.63254   2.74903049E+000
    896.29877   2.75629752E+000
    894.96499   2.76689215E+000
    893.63121   2.78095430E+000
    892.29743   2.79865091E+000
    890.96365   2.82017821E+000
    889.62988   2.84576459E+000
    888.29610   2.87567408E+000
    886.96232   2.91021053E+000
    885.62854   2.94972267E+000
    884.29476   2.99461007E+000
    882.96099   3.04533037E+000
    881.62721   3.10240784E+000
    880.29343   3.16644365E+000
    878.95965   3.23812819E+000
    877.62588   3.31825592E+000
    876.29210   3.40774327E+000
    874.95832   3.50765042E+000
    873.62454   3.61920777E+000
    872.29076   3.74384843E+000
    870.95699   3.88324822E+000
    869.62321   4.03937528E+000
    868.28943   4.21455182E+000
    866.95565   4.41153182E+000
    865.62187   4.63359908E+000
    864.28810   4.88469228E+000
    862.95432   5.16956556E+000
    861.62054   5.49399652E+000
    860.28676   5.86505822E+000
    858.95298   6.29147830E+000
    857.61921   6.78411807E+000
    856.28543   7.35661886E+000
    854.95165   8.02628427E+000
    853.61787   8.81529964E+000
    852.28409   9.75244016E+000
    850.95032   1.08754965E+001
    849.61654   1.22347697E+001
    848.28276   1.38981799E+001
    846.94898   1.59588407E+001
    845.61521   1.85464338E+001
    844.28143   2.18444442E+001
    842.94765   2.61163118E+001
    841.61387   3.17444899E+001
    840.28009   3.92855993E+001
    838.94632   4.95357710E+001
    837.61254   6.35609366E+001
    836.27876   8.25157719E+001
    834.94498   1.06749592E+002
    833.61120   1.33398406E+002
    832.27743   1.53462730E+002
    830.94365   1.55436772E+002
    829.60987   1.37952327E+002
    828.27609   1.11629813E+002
    826.94231   8.65625741E+001
    825.60854   6.65875561E+001
    824.27476   5.17144004E+001
    822.94098   4.08356827E+001
    821.60720   3.28436246E+001
    820.27342   2.68917963E+001
    818.93965   2.23841550E+001
    817.60587   1.89106620E+001
    816.27209   1.61892484E+001
    814.93831   1.40239264E+001
    813.60453   1.22765688E+001
    812.27076   1.08482864E+001
    810.93698   9.66715143E+000
    809.60320   8.68003859E+000
    808.26942   7.84713563E+000
    806.93565   7.13819848E+000
    805.60187   6.52995874E+000
    804.26809   6.00430305E+000
    802.93431   5.54697649E+000
    801.60053   5.14664668E+000
    800.26676   4.79421977E+000
    798.93298   4.48233446E+000
    797.59920   4.20498346E+000
    796.26542   3.95722733E+000
    794.93164   3.73497601E+000
    793.59787   3.53482040E+000
    792.26409   3.35390148E+000
    790.93031   3.18980763E+000
    789.59653   3.04049361E+000
    788.26275   2.90421603E+000
    786.92898   2.77948165E+000
    785.59520   2.66500567E+000
    784.26142   2.55967793E+000
    782.92764   2.46253526E+000
    781.59386   2.37273883E+000
    780.26009   2.28955543E+000
    778.92631   2.21234198E+000
    777.59253   2.14053259E+000
    776.25875   2.07362774E+000
    774.92497   2.01118523E+000
    773.59120   1.95281245E+000
    772.25742   1.89815992E+000
    770.92364   1.84691575E+000
    769.58986   1.79880090E+000
    768.25609   1.75356519E+000
    766.92231   1.71098378E+000
    765.58853   1.67085418E+000
    764.25475   1.63299369E+000
    762.92097   1.59723715E+000
    761.58720   1.56343497E+000
    760.25342   1.53145144E+000
    758.91964   1.50116325E+000
    757.58586   1.47245819E+000
    756.25208   1.44523399E+000
    754.91831   1.41939734E+000
    753.58453   1.39486299E+000
    752.25075   1.37155297E+000
    750.91697   1.34939588E+000
    749.58319   1.32832632E+000
    748.24942   1.30828428E+000
    746.91564   1.28921473E+000
    745.58186   1.27106711E+000
    744.24808   1.25379502E+000
    742.91430   1.23735581E+000
    741.58053   1.22171032E+000
    740.24675   1.20682259E+000
    738.91297   1.19265961E+000
    737.57919   1.17919110E+000
    736.24542   1.16638933E+000
    734.91164   1.15422892E+000
    733.57786   1.14268671E+000
    732.24408   1.13174162E+000
    730.91030   1.12137449E+000
    729.57653   1.11156803E+000
    728.24275   1.10230667E+000
    726.90897   1.09357652E+000
    725.57519   1.08536527E+000
    724.24141   1.07766215E+000
    722.90764   1.07045784E+000
    721.57386   1.06374450E+000
    720.24008   1.05751567E+000
    718.90630   1.05176627E+000
    717.57252   1.04649261E+000
    716.23875   1.04169236E+000
    714.90497   1.03736455E+000
    713.57119   1.03350962E+000
    712.23741   1.03012938E+000
    710.90363   1.02722712E+000
    709.56986   1.02480760E+000
    708.23608   1.02287712E+000
    706.90230   1.02144361E+000
    705.56852   1.02051666E+000
    704.23474   1.02010766E+000
    702.90097   1.02022989E+000
    701.56719   1.02089867E+000
    700.23341   1.02213147E+000
    698.89963   1.02394810E+000
    697.56586   1.02637093E+000
    696.23208   1.02942505E+000
    694.89830   1.03313859E+000
    693.56452   1.03754296E+000
    692.23074   1.04267320E+000
    690.89697   1.04856837E+000
    689.56319   1.05527195E+000
    688.22941   1.06283238E+000
    686.89563   1.07130360E+000
    685.56185   1.08074570E+000
    684.22808   1.09122571E+000
    682.89430   1.10281846E+000
    681.56052   1.11560759E+000
    680.22674   1.12968672E+000
    678.89296   1.14516088E+000
    677.55919   1.16214804E+000
    676.22541   1.18078109E+000
    674.89163   1.20121000E+000
    673.55785   1.22360451E+000
    672.22407   1.24815722E+000
    670.89030   1.27508738E+000
    669.55652   1.30464530E+000
    668.22274   1.33711781E+000
    666.88896   1.37283476E+000
    665.55519   1.41217694E+000
    664.22141   1.45558580E+000
    662.88763   1.50357540E+000
    661.55385   1.55674718E+000
    660.22007   1.61580840E+000
    658.88630   1.68159523E+000
    657.55252   1.75510198E+000
    656.21874   1.83751833E+000
    654.88496   1.93027714E+000
    653.55118   2.03511640E+000
    652.21741   2.15416028E+000
    650.88363   2.29002623E+000
    649.54985   2.44596796E+000
    648.21607   2.62606851E+000
    646.88229   2.83550418E+000
    645.54852   3.08090977E+000
    644.21474   3.37089099E+000
    642.88096   3.71675342E+000
    641.54718   4.13355466E+000
    640.21340   4.64164519E+000
    638.87963   5.26895718E+000
    637.54585   6.05444628E+000
    636.21207   7.05331071E+000
    634.87829   8.34490140E+000
    633.54451   1.00444769E+001
    632.21074   1.23195494E+001
    630.87696   1.54082657E+001
    629.54318   1.96236678E+001
    628.20940   2.52839470E+001
    626.87563   3.24074865E+001
    625.54185   3.99580012E+001
    624.20807   4.51225955E+001
    622.87429   4.48279254E+001
    621.54051   3.93216929E+001
    620.20674   3.18387068E+001
    618.87296   2.49968089E+001
    617.53918   1.96595455E+001
    616.20540   1.57467595E+001
    614.87162   1.29350379E+001
    613.53785   1.09227686E+001
    612.20407   9.48560946E+000
    610.87029   8.46905934E+000
    609.53651   7.77032681E+000
    608.20273   7.32309066E+000
    606.86896   7.08709160E+000
    605.53518   7.04180562E+000
    604.20140   7.18325432E+000
    602.86762   7.52337868E+000
    601.53384   8.09185709E+000
    600.20007   8.94070701E+000
    598.86629   1.01524529E+001
    597.53251   1.18528768E+001
    596.19873   1.42284672E+001
    594.86495   1.75432701E+001
    593.53118   2.21293094E+001
    592.19740   2.82637054E+001
    590.86362   3.57291540E+001
    589.52984   4.29235962E+001
    588.19607   4.65499533E+001
    586.86229   4.42042922E+001
    585.52851   3.74297920E+001
    584.19473   2.96709696E+001
    582.86095   2.30037074E+001
    581.52718   1.78962628E+001
    580.19340   1.41332921E+001
    578.85962   1.13737271E+001
    577.52584   9.32923214E+000
    576.19206   7.79007827E+000
    574.85829   6.61075142E+000
    573.52451   5.69128339E+000
    572.19073   4.96259582E+000
    570.85695   4.37635097E+000
    569.52317   3.89820371E+000
    568.18940   3.50335700E+000
    566.85562   3.17362245E+000
    565.52184   2.89545589E+000
    564.18806   2.65862678E+000
    562.85428   2.45530405E+000
    561.52051   2.27941874E+000
    560.18673   2.12621318E+000
    558.85295   1.99191778E+000
    557.51917   1.87351622E+000
    556.18540   1.76857267E+000
    554.85162   1.67510334E+000
    553.51784   1.59147970E+000
    552.18406   1.51635498E+000
    550.85028   1.44860776E+000
    549.51651   1.38729823E+000
    548.18273   1.33163407E+000
    546.84895   1.28094349E+000
    545.51517   1.23465394E+000
    544.18139   1.19227503E+000
    542.84762   1.15338476E+000
    541.51384   1.11761845E+000
    540.18006   1.08465963E+000
    538.84628   1.05423265E+000
    537.51250   1.02609653E+000
    536.17873   1.00003992E+000
    534.84495   9.75876853E-001
    533.51117   9.53443223E-001
    532.17739   9.32593845E-001
    530.84361   9.13199939E-001
    529.50984   8.95147021E-001
    528.17606   8.78333110E-001
    526.84228   8.62667192E-001
    525.50850   8.48067917E-001
    524.17472   8.34462473E-001
    522.84095   8.21785620E-001
    521.50717   8.09978858E-001
    520.17339   7.98989710E-001
    518.83961   7.88771094E-001
    517.50584   7.79280789E-001
    516.17206   7.70480961E-001
    514.83828   7.62337761E-001
    513.50450   7.54820969E-001
    512.17072   7.47903688E-001
    510.83695   7.41562079E-001
    509.50317   7.35775132E-001
    508.16939   7.30524469E-001
    506.83561   7.25794176E-001
    505.50183   7.21570660E-001
    504.16806   7.17842532E-001
    502.83428   7.14600508E-001
    501.50050   7.11837335E-001
    500.16672   7.09547732E-001
    498.83294   7.07728351E-001
    497.49917   7.06377755E-001
    496.16539   7.05496415E-001
    494.83161   7.05086719E-001
    493.49783   7.05153005E-001
    492.16405   7.05701610E-001
    490.83028   7.06740935E-001
    489.49650   7.08281534E-001
    488.16272   7.10336219E-001
    486.82894   7.12920195E-001
    485.49517   7.16051217E-001
    484.16139   7.19749773E-001
    482.82761   7.24039304E-001
    481.49383   7.28946454E-001
    480.16005   7.34501365E-001
    478.82628   7.40738012E-001
    477.49250   7.47694600E-001
    476.15872   7.55414008E-001
    474.82494   7.63944317E-001
    473.49116   7.73339407E-001
    472.15739   7.83659660E-001
    470.82361   7.94972763E-001
    469.48983   8.07354645E-001
    468.15605   8.20890577E-001
    466.82227   8.35676437E-001
    465.48850   8.51820206E-001
    464.15472   8.69443718E-001
    462.82094   8.88684721E-001
    461.48716   9.09699310E-001
    460.15338   9.32664821E-001
    458.81961   9.57783270E-001
    457.48583   9.85285464E-001
    456.15205   1.01543595E+000
    454.81827   1.04853899E+000
    453.48449   1.08494576E+000
    452.15072   1.12506322E+000
    450.81694   1.16936490E+000
    449.48316   1.21840424E+000
    448.14938   1.27283114E+000
    446.81561   1.33341264E+000
    445.48183   1.40105887E+000
    444.14805   1.47685604E+000
    442.81427   1.56210840E+000
    441.48049   1.65839242E+000
    440.14672   1.76762702E+000
    438.81294   1.89216577E+000
    437.47916   2.03491884E+000
    436.14538   2.19951629E+000
    434.81160   2.39052907E+000
    433.47783   2.61377172E+000
    432.14405   2.87672228E+000
    430.81027   3.18911286E+000
    429.47649   3.56377162E+000
    428.14271   4.01784089E+000
    426.80894   4.57456532E+000
    425.47516   5.26595318E+000
    424.14138   6.13678503E+000
    422.80760   7.25069702E+000
    421.47382   8.69939107E+000
    420.14005   1.06162513E+001
    418.80627   1.31949811E+001
    417.47249   1.67093809E+001
    416.13871   2.15126140E+001
    414.80493   2.79389665E+001
    413.47116   3.59119340E+001
    412.13738   4.40491030E+001
    410.80360   4.90255791E+001
    409.46982   4.77345895E+001
    408.13605   4.10637752E+001
    406.80227   3.26997545E+001
    405.46849   2.52596264E+001
    404.13471   1.94903740E+001
    402.80093   1.52325241E+001
    401.46716   1.21201915E+001
    400.13338   9.82735894E+000
    398.79960   8.11307982E+000
    397.46582   6.80943991E+000
    396.13204   5.80111063E+000
    394.79827   5.00858585E+000
    393.46449   4.37641498E+000
    392.13071   3.86534694E+000
    390.79693   3.44715464E+000
    389.46315   3.10121733E+000
    388.12938   2.81224193E+000
    386.79560   2.56872410E+000
    385.46182   2.36189392E+000
    384.12804   2.18498304E+000
    382.79426   2.03270796E+000
    381.46049   1.90090054E+000
    380.12671   1.78624039E+000
    378.79293   1.68605865E+000
    377.45915   1.59819226E+000
    376.12538   1.52087473E+000
    374.79160   1.45265327E+000
    373.45782   1.39232544E+000
    372.12404   1.33889009E+000
    370.79026   1.29150930E+000
    369.45649   1.24947838E+000
    368.12271   1.21220220E+000
    366.78893   1.17917635E+000
    365.45515   1.14997197E+000
    364.12137   1.12422365E+000
    362.78760   1.10161947E+000
    361.45382   1.08189304E+000
    360.12004   1.06481690E+000
    358.78626   1.05019714E+000
    357.45248   1.03786899E+000
    356.11871   1.02769317E+000
    354.78493   1.01955292E+000
    353.45115   1.01335154E+000
    352.11737   1.00901038E+000
    350.78359   1.00646723E+000
    349.44982   1.00567503E+000
    348.11604   1.00660090E+000
    346.78226   1.00922532E+000
    345.44848   1.01354170E+000
    344.11470   1.01955601E+000
    342.78093   1.02728670E+000
    341.44715   1.03676480E+000
    340.11337   1.04803421E+000
    338.77959   1.06115214E+000
    337.44582   1.07618989E+000
    336.11204   1.09323370E+000
    334.77826   1.11238595E+000
    333.44448   1.13376662E+000
    332.11070   1.15751503E+000
    330.77693   1.18379197E+000
    329.44315   1.21278225E+000
    328.10937   1.24469773E+000
    326.77559   1.27978093E+000
    325.44181   1.31830936E+000
    324.10804   1.36060064E+000
    322.77426   1.40701867E+000
    321.44048   1.45798099E+000
    320.10670   1.51396768E+000
    318.77292   1.57553201E+000
    317.43915   1.64331350E+000
    316.10537   1.71805368E+000
    314.77159   1.80061547E+000
    313.43781   1.89200704E+000
    312.10403   1.99341127E+000
    310.77026   2.10622258E+000
    309.43648   2.23209304E+000
    308.10270   2.37299059E+000
    306.76892   2.53127323E+000
    305.43515   2.70978414E+000
    304.10137   2.91197476E+000
    302.76759   3.14206554E+000
    301.43381   3.40525791E+000
    300.10003   3.70801659E+000
    298.76626   4.05844997E+000
    297.43248   4.46682842E+000
    296.09870   4.94629955E+000
    294.76492   5.51388818E+000
    293.43114   6.19191380E+000
    292.09737   7.01002879E+000
    290.76359   8.00819222E+000
    289.42981   9.24107095E+000
    288.09603   1.07846381E+001
    286.76225   1.27461632E+001
    285.42848   1.52793780E+001
    284.09470   1.86072111E+001
    282.76092   2.30542617E+001
    281.42714   2.90867489E+001
    280.09336   3.73374838E+001
    278.75959   4.85240759E+001
    277.42581   6.29871169E+001
    276.09203   7.93547760E+001
    274.75825   9.26360398E+001
    273.42447   9.55846453E+001
    272.09070   8.61803070E+001
    270.75692   7.03437098E+001
    269.42314   5.46748210E+001
    268.08936   4.19962798E+001
    266.75559   3.25079622E+001
    265.42181   2.55652263E+001
    264.08803   2.04735047E+001
    262.75425   1.66915865E+001
    261.42047   1.38359701E+001
    260.08670   1.16424854E+001
    258.75292   9.92955092E+000
    257.41914   8.57121434E+000
    256.08536   7.47889253E+000
    254.75158   6.58930665E+000
    253.41781   5.85653276E+000
    252.08403   5.24672614E+000
    250.75025   4.73457816E+000
    249.41647   4.30090381E+000
    248.08269   3.93097493E+000
    246.74892   3.61335198E+000
    245.41514   3.33905363E+000
    244.08136   3.10095865E+000
    242.74758   2.89336944E+000
    241.41380   2.71168993E+000
    240.08003   2.55218502E+000
    238.74625   2.41179922E+000
    237.41247   2.28801845E+000
    236.07869   2.17876394E+000
    234.74491   2.08231009E+000
    233.41114   1.99722034E+000
    232.07736   1.92229696E+000
    230.74358   1.85654148E+000
    229.40980   1.79912338E+000
    228.07603   1.74935540E+000
    226.74225   1.70667408E+000
    225.40847   1.67062454E+000
    224.07469   1.64084876E+000
    222.74091   1.61707688E+000
    221.40714   1.59912107E+000
    220.07336   1.58687173E+000
    218.73958   1.58029588E+000
    217.40580   1.57943775E+000
    216.07202   1.58442154E+000
    214.73825   1.59545665E+000
    213.40447   1.61284550E+000
    212.07069   1.63699467E+000
    210.73691   1.66842972E+000
    209.40313   1.70781473E+000
    208.06936   1.75597782E+000
    206.73558   1.81394412E+000
    205.40180   1.88297871E+000
    204.06802   1.96464232E+000
    202.73424   2.06086449E+000
    201.40047   2.17403977E+000
    200.06669   2.30715576E+000
    198.73291   2.46396498E+000
    197.39913   2.64921793E+000
    196.06536   2.86898301E+000
    194.73158   3.13109107E+000
    193.39780   3.44576139E+000
    192.06402   3.82649545E+000
    190.73024   4.29137158E+000
    189.39647   4.86494760E+000
    188.06269   5.58109562E+000
    186.72891   6.48727536E+000
    185.39513   7.65102085E+000
    184.06135   9.16975354E+000
    182.72758   1.11852425E+001
    181.39380   1.39032002E+001
    180.06002   1.76132994E+001
    178.72624   2.26847376E+001
    177.39246   2.94508781E+001
    176.05869   3.77698772E+001
    174.72491   4.60679075E+001
    173.39113   5.07972866E+001
    172.05735   4.89474340E+001
    170.72357   4.17785831E+001
    169.38980   3.31338311E+001
    168.05602   2.55591855E+001
    166.72224   1.97191080E+001
    165.38846   1.54150567E+001
    164.05468   1.22671544E+001
    162.72091   9.94471918E+000
    161.38713   8.20508847E+000
    160.05335   6.87951773E+000
    158.71957   5.85213400E+000
    157.38580   5.04300936E+000
    156.05202   4.39635052E+000
    154.71824   3.87262882E+000
    153.38446   3.44339722E+000
    152.05068   3.08786639E+000
    150.71691   2.79062070E+000
    149.38313   2.54007496E+000
    148.04935   2.32741719E+000
    146.71557   2.14587459E+000
    145.38179   1.99019723E+000
    144.04802   1.85629125E+000
    142.71424   1.74095616E+000
    141.38046   1.64169657E+000
    140.04668   1.55658823E+000
    138.71290   1.48418572E+000
    137.37913   1.42346365E+000
    136.04535   1.37378740E+000
    134.71157   1.33491304E+000
    133.37779   1.30701963E+000
    132.04401   1.29078221E+000
    130.71024   1.28750045E+000
    129.37646   1.29930780E+000
    128.04268   1.32950143E+000
    126.70890   1.38305427E+000
    125.37513   1.46739443E+000
    124.04135   1.59354058E+000
    122.70757   1.77756517E+000
    121.37379   2.04177620E+000
    120.04001   2.41292309E+000
    118.70624   2.90890377E+000
    117.37246   3.49626077E+000
    116.03868   4.01701841E+000
    114.70490   4.19907441E+000
    113.37112   3.90721103E+000
    112.03735   3.32110286E+000
    110.70357   2.70480575E+000
    109.36979   2.19132559E+000
    108.03601   1.80074340E+000
    106.70223   1.51157246E+000
    105.36846   1.29709892E+000
    104.03468   1.13577822E+000
    102.70090   1.01216668E+000
    101.36712   9.15588025E-001
    100.03334   8.38700673E-001
     98.69957   7.76416150E-001
     97.36579   7.25159571E-001
     96.03201   6.82379744E-001
     94.69823   6.46226505E-001
     93.36445   6.15336930E-001
     92.03068   5.88692095E-001
     90.69690   5.65519801E-001
     89.36312   5.45227554E-001
     88.02934   5.27355735E-001
     86.69557   5.11544423E-001
     85.36179   4.97509598E-001
     84.02801   4.85025873E-001
     82.69423   4.73913832E-001
     81.36045   4.64030697E-001
     80.02668   4.55263390E-001
     78.69290   4.47523403E-001
     77.35912   4.40743013E-001
     76.02534   4.34872553E-001
     74.69156   4.29878526E-001
     73.35779   4.25742422E-001
     72.02401   4.22460155E-001
     70.69023   4.20042080E-001
     69.35645   4.18513578E-001
     68.02267   4.17916271E-001
     66.68890   4.18309928E-001
     65.35512   4.19775204E-001
     64.02134   4.22417429E-001
     62.68756   4.26371714E-001
     61.35378   4.31809804E-001
     60.02001   4.38949274E-001
     58.68623   4.48065894E-001
     57.35245   4.59510394E-001
     56.01867   4.73731385E-001
     54.68489   4.91307041E-001
     53.35112   5.12989427E-001
     52.01734   5.39767309E-001
     50.68356   5.72956427E-001
     49.34978   6.14331086E-001
     48.01601   6.66318698E-001
     46.68223   7.32291197E-001
     45.34845   8.17005984E-001
     44.01467   9.27275488E-001
     42.68089   1.07297309E+000
     41.34712   1.26847999E+000
     40.01334   1.53450494E+000
     38.67956   1.89939051E+000
     37.34578   2.39615113E+000
     36.01200   3.04373312E+000
     34.67823   3.79017868E+000
     33.34445   4.42346525E+000
     32.01067   4.60931123E+000
     30.67689   4.21964224E+000
     29.34311   3.50335607E+000
     28.00934   2.77398739E+000
     26.67556   2.17649960E+000
     25.34178   1.72697911E+000
     24.00800   1.39726970E+000
     22.67422   1.15510886E+000
     21.34045   9.74971531E-001
     20.00667   8.38681639E-001
     18.67289   7.33703754E-001
     17.33911   6.51424300E-001
     16.00534   5.85874399E-001
     14.67156   5.32861171E-001
     13.33778   4.89393161E-001
     12.00400   4.53301859E-001
     10.67022   4.22990735E-001
      9.33645   3.97266894E-001
      8.00267   3.75226593E-001
      6.66889   3.56176246E-001
      5.33511   3.39577121E-001
      4.00133   3.25006082E-001
      2.66756   3.12127327E-001
      1.33378   3.00671795E-001
      0.00000   2.90421972E-001
