   4000.00000   2.32354867E-002
   3998.66622   2.32769034E-002
   3997.33244   2.33184537E-002
   3995.99867   2.33601384E-002
   3994.66489   2.34019579E-002
   3993.33111   2.34439130E-002
   3991.99733   2.34860044E-002
   3990.66355   2.35282327E-002
   3989.32978   2.35705985E-002
   3987.99600   2.36131027E-002
   3986.66222   2.36557457E-002
   3985.32844   2.36985285E-002
   3983.99466   2.37414515E-002
   3982.66089   2.37845155E-002
   3981.32711   2.38277213E-002
   3979.99333   2.38710694E-002
   3978.65955   2.39145607E-002
   3977.32578   2.39581958E-002
   3975.99200   2.40019754E-002
   3974.65822   2.40459003E-002
   3973.32444   2.40899712E-002
   3971.99066   2.41341889E-002
   3970.65689   2.41785540E-002
   3969.32311   2.42230673E-002
   3967.98933   2.42677295E-002
   3966.65555   2.43125415E-002
   3965.32177   2.43575039E-002
   3963.98800   2.44026175E-002
   3962.65422   2.44478831E-002
   3961.32044   2.44933015E-002
   3959.98666   2.45388734E-002
   3958.65288   2.45845996E-002
   3957.31911   2.46304809E-002
   3955.98533   2.46765181E-002
   3954.65155   2.47227120E-002
   3953.31777   2.47690634E-002
   3951.98399   2.48155731E-002
   3950.65022   2.48622419E-002
   3949.31644   2.49090706E-002
   3947.98266   2.49560601E-002
   3946.64888   2.50032112E-002
   3945.31511   2.50505247E-002
   3943.98133   2.50980015E-002
   3942.64755   2.51456424E-002
   3941.31377   2.51934483E-002
   3939.97999   2.52414200E-002
   3938.64622   2.52895584E-002
   3937.31244   2.53378644E-002
   3935.97866   2.53863388E-002
   3934.64488   2.54349826E-002
   3933.31110   2.54837966E-002
   3931.97733   2.55327817E-002
   3930.64355   2.55819388E-002
   3929.30977   2.56312689E-002
   3927.97599   2.56807728E-002
   3926.64221   2.57304515E-002
   3925.30844   2.57803059E-002
   3923.97466   2.58303369E-002
   3922.64088   2.58805455E-002
   3921.30710   2.59309326E-002
   3919.97332   2.59814992E-002
   3918.63955   2.60322462E-002
   3917.30577   2.60831747E-002
   3915.97199   2.61342855E-002
   3914.63821   2.61855797E-002
   3913.30443   2.62370583E-002
   3911.97066   2.62887222E-002
   3910.63688   2.63405724E-002
   3909.30310   2.63926100E-002
   3907.96932   2.64448360E-002
   3906.63555   2.64972515E-002
   3905.30177   2.65498573E-002
   3903.96799   2.66026547E-002
   3902.63421   2.66556445E-002
   3901.30043   2.67088280E-002
   3899.96666   2.67622061E-002
   3898.63288   2.68157799E-002
   3897.29910   2.68695505E-002
   3895.96532   2.69235191E-002
   3894.63154   2.69776865E-002
   3893.29777   2.70320541E-002
   3891.96399   2.70866229E-002
   3890.63021   2.71413939E-002
   3889.29643   2.71963684E-002
   3887.96265   2.72515475E-002
   3886.62888   2.73069323E-002
   3885.29510   2.73625240E-002
   3883.96132   2.74183237E-002
   3882.62754   2.74743326E-002
   3881.29376   2.75305518E-002
   3879.95999   2.75869827E-002
   3878.62621   2.76436262E-002
   3877.29243   2.77004838E-002
   3875.95865   2.77575565E-002
   3874.62487   2.78148456E-002
   3873.29110   2.78723524E-002
   3871.95732   2.79300780E-002
   3870.62354   2.79880237E-002
   3869.28976   2.80461908E-002
   3867.95599   2.81045806E-002
   3866.62221   2.81631943E-002
   3865.28843   2.82220332E-002
   3863.95465   2.82810986E-002
   3862.62087   2.83403918E-002
   3861.28710   2.83999142E-002
   3859.95332   2.84596671E-002
   3858.61954   2.85196517E-002
   3857.28576   2.85798695E-002
   3855.95198   2.86403219E-002
   3854.61821   2.87010101E-002
   3853.28443   2.87619355E-002
   3851.95065   2.88230997E-002
   3850.61687   2.88845038E-002
   3849.28309   2.89461495E-002
   3847.94932   2.90080380E-002
   3846.61554   2.90701709E-002
   3845.28176   2.91325495E-002
   3843.94798   2.91951754E-002
   3842.61420   2.92580500E-002
   3841.28043   2.93211747E-002
   3839.94665   2.93845511E-002
   3838.61287   2.94481807E-002
   3837.27909   2.95120649E-002
   3835.94532   2.95762054E-002
   3834.61154   2.96406036E-002
   3833.27776   2.97052611E-002
   3831.94398   2.97701795E-002
   3830.61020   2.98353603E-002
   3829.27643   2.99008051E-002
   3827.94265   2.99665156E-002
   3826.60887   3.00324933E-002
   3825.27509   3.00987399E-002
   3823.94131   3.01652570E-002
   3822.60754   3.02320462E-002
   3821.27376   3.02991093E-002
   3819.93998   3.03664478E-002
   3818.60620   3.04340636E-002
   3817.27242   3.05019582E-002
   3815.93865   3.05701335E-002
   3814.60487   3.06385912E-002
   3813.27109   3.07073329E-002
   3811.93731   3.07763605E-002
   3810.60353   3.08456758E-002
   3809.26976   3.09152805E-002
   3807.93598   3.09851764E-002
   3806.60220   3.10553655E-002
   3805.26842   3.11258494E-002
   3803.93464   3.11966300E-002
   3802.60087   3.12677093E-002
   3801.26709   3.13390891E-002
   3799.93331   3.14107712E-002
   3798.59953   3.14827577E-002
   3797.26576   3.15550504E-002
   3795.93198   3.16276513E-002
   3794.59820   3.17005624E-002
   3793.26442   3.17737855E-002
   3791.93064   3.18473228E-002
   3790.59687   3.19211762E-002
   3789.26309   3.19953478E-002
   3787.92931   3.20698395E-002
   3786.59553   3.21446535E-002
   3785.26175   3.22197919E-002
   3783.92798   3.22952567E-002
   3782.59420   3.23710500E-002
   3781.26042   3.24471741E-002
   3779.92664   3.25236309E-002
   3778.59286   3.26004228E-002
   3777.25909   3.26775519E-002
   3775.92531   3.27550203E-002
   3774.59153   3.28328304E-002
   3773.25775   3.29109844E-002
   3771.92397   3.29894844E-002
   3770.59020   3.30683330E-002
   3769.25642   3.31475322E-002
   3767.92264   3.32270844E-002
   3766.58886   3.33069921E-002
   3765.25509   3.33872575E-002
   3763.92131   3.34678830E-002
   3762.58753   3.35488711E-002
   3761.25375   3.36302241E-002
   3759.91997   3.37119446E-002
   3758.58620   3.37940349E-002
   3757.25242   3.38764976E-002
   3755.91864   3.39593352E-002
   3754.58486   3.40425502E-002
   3753.25108   3.41261452E-002
   3751.91731   3.42101227E-002
   3750.58353   3.42944854E-002
   3749.24975   3.43792358E-002
   3747.91597   3.44643767E-002
   3746.58219   3.45499107E-002
   3745.24842   3.46358405E-002
   3743.91464   3.47221688E-002
   3742.58086   3.48088984E-002
   3741.24708   3.48960321E-002
   3739.91330   3.49835725E-002
   3738.57953   3.50715226E-002
   3737.24575   3.51598852E-002
   3735.91197   3.52486632E-002
   3734.57819   3.53378594E-002
   3733.24441   3.54274769E-002
   3731.91064   3.55175184E-002
   3730.57686   3.56079871E-002
   3729.24308   3.56988859E-002
   3727.90930   3.57902179E-002
   3726.57553   3.58819861E-002
   3725.24175   3.59741936E-002
   3723.90797   3.60668435E-002
   3722.57419   3.61599390E-002
   3721.24041   3.62534832E-002
   3719.90664   3.63474794E-002
   3718.57286   3.64419307E-002
   3717.23908   3.65368405E-002
   3715.90530   3.66322121E-002
   3714.57152   3.67280487E-002
   3713.23775   3.68243538E-002
   3711.90397   3.69211306E-002
   3710.57019   3.70183827E-002
   3709.23641   3.71161135E-002
   3707.90263   3.72143265E-002
   3706.56886   3.73130251E-002
   3705.23508   3.74122131E-002
   3703.90130   3.75118938E-002
   3702.56752   3.76120710E-002
   3701.23374   3.77127483E-002
   3699.89997   3.78139294E-002
   3698.56619   3.79156181E-002
   3697.23241   3.80178180E-002
   3695.89863   3.81205330E-002
   3694.56485   3.82237669E-002
   3693.23108   3.83275237E-002
   3691.89730   3.84318071E-002
   3690.56352   3.85366212E-002
   3689.22974   3.86419699E-002
   3687.89597   3.87478572E-002
   3686.56219   3.88542873E-002
   3685.22841   3.89612642E-002
   3683.89463   3.90687921E-002
   3682.56085   3.91768752E-002
   3681.22708   3.92855176E-002
   3679.89330   3.93947237E-002
   3678.55952   3.95044977E-002
   3677.22574   3.96148441E-002
   3675.89196   3.97257671E-002
   3674.55819   3.98372714E-002
   3673.22441   3.99493612E-002
   3671.89063   4.00620412E-002
   3670.55685   4.01753160E-002
   3669.22307   4.02891901E-002
   3667.88930   4.04036683E-002
   3666.55552   4.05187552E-002
   3665.22174   4.06344556E-002
   3663.88796   4.07507744E-002
   3662.55418   4.08677163E-002
   3661.22041   4.09852863E-002
   3659.88663   4.11034894E-002
   3658.55285   4.12223305E-002
   3657.21907   4.13418148E-002
   3655.88530   4.14619473E-002
   3654.55152   4.15827332E-002
   3653.21774   4.17041777E-002
   3651.88396   4.18262862E-002
   3650.55018   4.19490638E-002
   3649.21641   4.20725161E-002
   3647.88263   4.21966485E-002
   3646.54885   4.23214664E-002
   3645.21507   4.24469754E-002
   3643.88129   4.25731812E-002
   3642.54752   4.27000893E-002
   3641.21374   4.28277056E-002
   3639.87996   4.29560358E-002
   3638.54618   4.30850858E-002
   3637.21240   4.32148614E-002
   3635.87863   4.33453688E-002
   3634.54485   4.34766139E-002
   3633.21107   4.36086028E-002
   3631.87729   4.37413417E-002
   3630.54351   4.38748368E-002
   3629.20974   4.40090945E-002
   3627.87596   4.41441211E-002
   3626.54218   4.42799231E-002
   3625.20840   4.44165070E-002
   3623.87462   4.45538793E-002
   3622.54085   4.46920467E-002
   3621.20707   4.48310160E-002
   3619.87329   4.49707940E-002
   3618.53951   4.51113875E-002
   3617.20574   4.52528035E-002
   3615.87196   4.53950489E-002
   3614.53818   4.55381310E-002
   3613.20440   4.56820569E-002
   3611.87062   4.58268339E-002
   3610.53685   4.59724693E-002
   3609.20307   4.61189706E-002
   3607.86929   4.62663452E-002
   3606.53551   4.64146007E-002
   3605.20173   4.65637449E-002
   3603.86796   4.67137855E-002
   3602.53418   4.68647303E-002
   3601.20040   4.70165873E-002
   3599.86662   4.71693646E-002
   3598.53284   4.73230702E-002
   3597.19907   4.74777123E-002
   3595.86529   4.76332994E-002
   3594.53151   4.77898398E-002
   3593.19773   4.79473419E-002
   3591.86395   4.81058144E-002
   3590.53018   4.82652660E-002
   3589.19640   4.84257056E-002
   3587.86262   4.85871419E-002
   3586.52884   4.87495840E-002
   3585.19507   4.89130410E-002
   3583.86129   4.90775221E-002
   3582.52751   4.92430367E-002
   3581.19373   4.94095942E-002
   3579.85995   4.95772041E-002
   3578.52618   4.97458761E-002
   3577.19240   4.99156199E-002
   3575.85862   5.00864455E-002
   3574.52484   5.02583628E-002
   3573.19106   5.04313821E-002
   3571.85729   5.06055134E-002
   3570.52351   5.07807672E-002
   3569.18973   5.09571540E-002
   3567.85595   5.11346844E-002
   3566.52217   5.13133691E-002
   3565.18840   5.14932191E-002
   3563.85462   5.16742452E-002
   3562.52084   5.18564588E-002
   3561.18706   5.20398709E-002
   3559.85328   5.22244932E-002
   3558.51951   5.24103370E-002
   3557.18573   5.25974142E-002
   3555.85195   5.27857365E-002
   3554.51817   5.29753160E-002
   3553.18439   5.31661647E-002
   3551.85062   5.33582950E-002
   3550.51684   5.35517192E-002
   3549.18306   5.37464501E-002
   3547.84928   5.39425003E-002
   3546.51551   5.41398828E-002
   3545.18173   5.43386106E-002
   3543.84795   5.45386969E-002
   3542.51417   5.47401553E-002
   3541.18039   5.49429991E-002
   3539.84662   5.51472423E-002
   3538.51284   5.53528987E-002
   3537.17906   5.55599824E-002
   3535.84528   5.57685077E-002
   3534.51150   5.59784891E-002
   3533.17773   5.61899411E-002
   3531.84395   5.64028788E-002
   3530.51017   5.66173170E-002
   3529.17639   5.68332711E-002
   3527.84261   5.70507564E-002
   3526.50884   5.72697885E-002
   3525.17506   5.74903834E-002
   3523.84128   5.77125570E-002
   3522.50750   5.79363256E-002
   3521.17372   5.81617057E-002
   3519.83995   5.83887139E-002
   3518.50617   5.86173671E-002
   3517.17239   5.88476826E-002
   3515.83861   5.90796775E-002
   3514.50483   5.93133696E-002
   3513.17106   5.95487767E-002
   3511.83728   5.97859168E-002
   3510.50350   6.00248082E-002
   3509.16972   6.02654695E-002
   3507.83595   6.05079195E-002
   3506.50217   6.07521773E-002
   3505.16839   6.09982622E-002
   3503.83461   6.12461937E-002
   3502.50083   6.14959918E-002
   3501.16706   6.17476766E-002
   3499.83328   6.20012685E-002
   3498.49950   6.22567882E-002
   3497.16572   6.25142567E-002
   3495.83194   6.27736952E-002
   3494.49817   6.30351254E-002
   3493.16439   6.32985690E-002
   3491.83061   6.35640483E-002
   3490.49683   6.38315858E-002
   3489.16305   6.41012043E-002
   3487.82928   6.43729270E-002
   3486.49550   6.46467772E-002
   3485.16172   6.49227788E-002
   3483.82794   6.52009559E-002
   3482.49416   6.54813331E-002
   3481.16039   6.57639351E-002
   3479.82661   6.60487872E-002
   3478.49283   6.63359149E-002
   3477.15905   6.66253441E-002
   3475.82528   6.69171012E-002
   3474.49150   6.72112129E-002
   3473.15772   6.75077063E-002
   3471.82394   6.78066087E-002
   3470.49016   6.81079483E-002
   3469.15639   6.84117531E-002
   3467.82261   6.87180520E-002
   3466.48883   6.90268742E-002
   3465.15505   6.93382491E-002
   3463.82127   6.96522069E-002
   3462.48750   6.99687780E-002
   3461.15372   7.02879933E-002
   3459.81994   7.06098843E-002
   3458.48616   7.09344829E-002
   3457.15238   7.12618214E-002
   3455.81861   7.15919327E-002
   3454.48483   7.19248501E-002
   3453.15105   7.22606076E-002
   3451.81727   7.25992395E-002
   3450.48349   7.29407808E-002
   3449.14972   7.32852670E-002
   3447.81594   7.36327340E-002
   3446.48216   7.39832185E-002
   3445.14838   7.43367577E-002
   3443.81460   7.46933892E-002
   3442.48083   7.50531515E-002
   3441.14705   7.54160835E-002
   3439.81327   7.57822247E-002
   3438.47949   7.61516154E-002
   3437.14572   7.65242964E-002
   3435.81194   7.69003092E-002
   3434.47816   7.72796959E-002
   3433.14438   7.76624994E-002
   3431.81060   7.80487633E-002
   3430.47683   7.84385318E-002
   3429.14305   7.88318498E-002
   3427.80927   7.92287631E-002
   3426.47549   7.96293180E-002
   3425.14171   8.00335619E-002
   3423.80794   8.04415428E-002
   3422.47416   8.08533093E-002
   3421.14038   8.12689112E-002
   3419.80660   8.16883988E-002
   3418.47282   8.21118234E-002
   3417.13905   8.25392373E-002
   3415.80527   8.29706933E-002
   3414.47149   8.34062455E-002
   3413.13771   8.38459486E-002
   3411.80393   8.42898584E-002
   3410.47016   8.47380317E-002
   3409.13638   8.51905261E-002
   3407.80260   8.56474004E-002
   3406.46882   8.61087142E-002
   3405.13505   8.65745284E-002
   3403.80127   8.70449046E-002
   3402.46749   8.75199059E-002
   3401.13371   8.79995961E-002
   3399.79993   8.84840405E-002
   3398.46616   8.89733052E-002
   3397.13238   8.94674577E-002
   3395.79860   8.99665667E-002
   3394.46482   9.04707020E-002
   3393.13104   9.09799348E-002
   3391.79727   9.14943375E-002
   3390.46349   9.20139838E-002
   3389.12971   9.25389487E-002
   3387.79593   9.30693087E-002
   3386.46215   9.36051416E-002
   3385.12838   9.41465266E-002
   3383.79460   9.46935445E-002
   3382.46082   9.52462775E-002
   3381.12704   9.58048092E-002
   3379.79326   9.63692250E-002
   3378.45949   9.69396118E-002
   3377.12571   9.75160581E-002
   3375.79193   9.80986541E-002
   3374.45815   9.86874916E-002
   3373.12437   9.92826644E-002
   3371.79060   9.98842678E-002
   3370.45682   1.00492399E-001
   3369.12304   1.01107157E-001
   3367.78926   1.01728644E-001
   3366.45549   1.02356961E-001
   3365.12171   1.02992215E-001
   3363.78793   1.03634512E-001
   3362.45415   1.04283961E-001
   3361.12037   1.04940674E-001
   3359.78660   1.05604764E-001
   3358.45282   1.06276347E-001
   3357.11904   1.06955541E-001
   3355.78526   1.07642466E-001
   3354.45148   1.08337246E-001
   3353.11771   1.09040006E-001
   3351.78393   1.09750873E-001
   3350.45015   1.10469979E-001
   3349.11637   1.11197455E-001
   3347.78259   1.11933439E-001
   3346.44882   1.12678069E-001
   3345.11504   1.13431487E-001
   3343.78126   1.14193837E-001
   3342.44748   1.14965267E-001
   3341.11370   1.15745927E-001
   3339.77993   1.16535971E-001
   3338.44615   1.17335557E-001
   3337.11237   1.18144844E-001
   3335.77859   1.18963998E-001
   3334.44481   1.19793184E-001
   3333.11104   1.20632575E-001
   3331.77726   1.21482345E-001
   3330.44348   1.22342672E-001
   3329.10970   1.23213739E-001
   3327.77593   1.24095732E-001
   3326.44215   1.24988842E-001
   3325.10837   1.25893264E-001
   3323.77459   1.26809197E-001
   3322.44081   1.27736844E-001
   3321.10704   1.28676414E-001
   3319.77326   1.29628119E-001
   3318.43948   1.30592177E-001
   3317.10570   1.31568810E-001
   3315.77192   1.32558248E-001
   3314.43815   1.33560721E-001
   3313.10437   1.34576470E-001
   3311.77059   1.35605737E-001
   3310.43681   1.36648773E-001
   3309.10303   1.37705832E-001
   3307.76926   1.38777177E-001
   3306.43548   1.39863076E-001
   3305.10170   1.40963801E-001
   3303.76792   1.42079634E-001
   3302.43414   1.43210862E-001
   3301.10037   1.44357780E-001
   3299.76659   1.45520689E-001
   3298.43281   1.46699898E-001
   3297.09903   1.47895723E-001
   3295.76526   1.49108489E-001
   3294.43148   1.50338528E-001
   3293.09770   1.51586180E-001
   3291.76392   1.52851795E-001
   3290.43014   1.54135731E-001
   3289.09637   1.55438354E-001
   3287.76259   1.56760042E-001
   3286.42881   1.58101179E-001
   3285.09503   1.59462163E-001
   3283.76125   1.60843398E-001
   3282.42748   1.62245302E-001
   3281.09370   1.63668303E-001
   3279.75992   1.65112839E-001
   3278.42614   1.66579361E-001
   3277.09236   1.68068331E-001
   3275.75859   1.69580225E-001
   3274.42481   1.71115530E-001
   3273.09103   1.72674746E-001
   3271.75725   1.74258389E-001
   3270.42347   1.75866986E-001
   3269.08970   1.77501082E-001
   3267.75592   1.79161233E-001
   3266.42214   1.80848015E-001
   3265.08836   1.82562016E-001
   3263.75458   1.84303843E-001
   3262.42081   1.86074119E-001
   3261.08703   1.87873486E-001
   3259.75325   1.89702604E-001
   3258.41947   1.91562151E-001
   3257.08570   1.93452826E-001
   3255.75192   1.95375348E-001
   3254.41814   1.97330457E-001
   3253.08436   1.99318915E-001
   3251.75058   2.01341505E-001
   3250.41681   2.03399038E-001
   3249.08303   2.05492344E-001
   3247.74925   2.07622282E-001
   3246.41547   2.09789735E-001
   3245.08169   2.11995616E-001
   3243.74792   2.14240862E-001
   3242.41414   2.16526442E-001
   3241.08036   2.18853355E-001
   3239.74658   2.21222632E-001
   3238.41280   2.23635335E-001
   3237.07903   2.26092562E-001
   3235.74525   2.28595445E-001
   3234.41147   2.31145152E-001
   3233.07769   2.33742892E-001
   3231.74391   2.36389910E-001
   3230.41014   2.39087495E-001
   3229.07636   2.41836978E-001
   3227.74258   2.44639735E-001
   3226.40880   2.47497187E-001
   3225.07503   2.50410805E-001
   3223.74125   2.53382110E-001
   3222.40747   2.56412676E-001
   3221.07369   2.59504130E-001
   3219.73991   2.62658158E-001
   3218.40614   2.65876505E-001
   3217.07236   2.69160977E-001
   3215.73858   2.72513445E-001
   3214.40480   2.75935850E-001
   3213.07102   2.79430200E-001
   3211.73725   2.82998580E-001
   3210.40347   2.86643148E-001
   3209.06969   2.90366147E-001
   3207.73591   2.94169900E-001
   3206.40213   2.98056822E-001
   3205.06836   3.02029417E-001
   3203.73458   3.06090287E-001
   3202.40080   3.10242133E-001
   3201.06702   3.14487764E-001
   3199.73324   3.18830099E-001
   3198.39947   3.23272171E-001
   3197.06569   3.27817139E-001
   3195.73191   3.32468285E-001
   3194.39813   3.37229028E-001
   3193.06435   3.42102926E-001
   3191.73058   3.47093686E-001
   3190.39680   3.52205171E-001
   3189.06302   3.57441404E-001
   3187.72924   3.62806582E-001
   3186.39547   3.68305083E-001
   3185.06169   3.73941474E-001
   3183.72791   3.79720523E-001
   3182.39413   3.85647208E-001
   3181.06035   3.91726729E-001
   3179.72658   3.97964523E-001
   3178.39280   4.04366273E-001
   3177.05902   4.10937922E-001
   3175.72524   4.17685692E-001
   3174.39146   4.24616094E-001
   3173.05769   4.31735949E-001
   3171.72391   4.39052405E-001
   3170.39013   4.46572953E-001
   3169.05635   4.54305454E-001
   3167.72257   4.62258153E-001
   3166.38880   4.70439708E-001
   3165.05502   4.78859216E-001
   3163.72124   4.87526234E-001
   3162.38746   4.96450814E-001
   3161.05368   5.05643530E-001
   3159.71991   5.15115516E-001
   3158.38613   5.24878497E-001
   3157.05235   5.34944830E-001
   3155.71857   5.45327548E-001
   3154.38479   5.56040401E-001
   3153.05102   5.67097910E-001
   3151.71724   5.78515412E-001
   3150.38346   5.90309125E-001
   3149.04968   6.02496205E-001
   3147.71591   6.15094814E-001
   3146.38213   6.28124191E-001
   3145.04835   6.41604735E-001
   3143.71457   6.55558085E-001
   3142.38079   6.70007216E-001
   3141.04702   6.84976542E-001
   3139.71324   7.00492022E-001
   3138.37946   7.16581285E-001
   3137.04568   7.33273758E-001
   3135.71190   7.50600815E-001
   3134.37813   7.68595930E-001
   3133.04435   7.87294853E-001
   3131.71057   8.06735801E-001
   3130.37679   8.26959666E-001
   3129.04301   8.48010246E-001
   3127.70924   8.69934499E-001
   3126.37546   8.92782824E-001
   3125.04168   9.16609372E-001
   3123.70790   9.41472390E-001
   3122.37412   9.67434602E-001
   3121.04035   9.94563633E-001
   3119.70657   1.02293248E+000
   3118.37279   1.05262005E+000
   3117.03901   1.08371171E+000
   3115.70524   1.11630002E+000
   3114.37146   1.15048537E+000
   3113.03768   1.18637689E+000
   3111.70390   1.22409336E+000
   3110.37012   1.26376422E+000
   3109.03635   1.30553084E+000
   3107.70257   1.34954778E+000
   3106.36879   1.39598438E+000
   3105.03501   1.44502646E+000
   3103.70123   1.49687833E+000
   3102.36746   1.55176505E+000
   3101.03368   1.60993504E+000
   3099.69990   1.67166306E+000
   3098.36612   1.73725368E+000
   3097.03234   1.80704527E+000
   3095.69857   1.88141462E+000
   3094.36479   1.96078238E+000
   3093.03101   2.04561932E+000
   3091.69723   2.13645375E+000
   3090.36345   2.23388020E+000
   3089.02968   2.33856974E+000
   3087.69590   2.45128212E+000
   3086.36212   2.57288031E+000
   3085.02834   2.70434786E+000
   3083.69456   2.84680977E+000
   3082.36079   3.00155775E+000
   3081.02701   3.17008074E+000
   3079.69323   3.35410236E+000
   3078.35945   3.55562675E+000
   3077.02568   3.77699521E+000
   3075.69190   4.02095660E+000
   3074.35812   4.29075552E+000
   3073.02434   4.59024328E+000
   3071.69056   4.92401895E+000
   3070.35679   5.29760985E+000
   3069.02301   5.71770455E+000
   3067.68923   6.19245651E+000
   3066.35545   6.73188331E+000
   3065.02167   7.34839734E+000
   3063.68790   8.05751877E+000
   3062.35412   8.87884455E+000
   3061.02034   9.83738191E+000
   3059.68656   1.09654074E+001
   3058.35278   1.23050945E+001
   3057.01901   1.39122804E+001
   3055.68523   1.58619459E+001
   3054.35145   1.82563017E+001
   3053.01767   2.12368803E+001
   3051.68389   2.50028036E+001
   3050.35012   2.98384879E+001
   3049.01634   3.61552291E+001
   3047.68256   4.45510153E+001
   3046.34878   5.58859505E+001
   3045.01501   7.13377228E+001
   3043.68123   9.22874602E+001
   3042.34745   1.19587772E+002
   3041.01367   1.51390401E+002
   3039.67989   1.79814792E+002
   3038.34612   1.91846417E+002
   3037.01234   1.80198615E+002
   3035.67856   1.51941094E+002
   3034.34478   1.20244618E+002
   3033.01100   9.30965008E+001
   3031.67723   7.23392606E+001
   3030.34345   5.71023586E+001
   3029.00967   4.59977578E+001
   3027.67589   3.78474401E+001
   3026.34211   3.17935724E+001
   3025.00834   2.72415502E+001
   3023.67456   2.37842077E+001
   3022.34078   2.11420319E+001
   3021.00700   1.91217535E+001
   3019.67322   1.75889061E+001
   3018.33945   1.64499089E+001
   3017.00567   1.56404401E+001
   3015.67189   1.51179738E+001
   3014.33811   1.48571482E+001
   3013.00433   1.48471667E+001
   3011.67056   1.50908039E+001
   3010.33678   1.56048637E+001
   3009.00300   1.64221792E+001
   3007.66922   1.75955115E+001
   3006.33545   1.92040476E+001
   3005.00167   2.13636885E+001
   3003.66789   2.42430347E+001
   3002.33411   2.80879436E+001
   3001.00033   3.32584722E+001
   2999.66656   4.02814049E+001
   2998.33278   4.99134316E+001
   2996.99900   6.31742306E+001
   2995.66522   8.11881727E+001
   2994.33144   1.04368610E+002
   2992.99767   1.30167923E+002
   2991.66389   1.50187392E+002
   2990.33011   1.53225063E+002
   2988.99633   1.37373860E+002
   2987.66255   1.12609876E+002
   2986.32878   8.88187350E+001
   2984.99500   6.97180802E+001
   2983.66122   5.51473449E+001
   2982.32744   4.40417904E+001
   2980.99366   3.55800476E+001
   2979.65989   2.91618795E+001
   2978.32611   2.42850675E+001
   2976.99233   2.05449088E+001
   2975.65855   1.76387289E+001
   2974.32477   1.53491603E+001
   2972.99100   1.35219059E+001
   2971.65722   1.20470466E+001
   2970.32344   1.08454906E+001
   2968.98966   9.85965609E+000
   2967.65589   9.04716503E+000
   2966.32211   8.37657328E+000
   2964.98833   7.82446661E+000
   2963.65455   7.37347758E+000
   2962.32077   7.01093658E+000
   2960.98700   6.72797385E+000
   2959.65322   6.51895909E+000
   2958.31944   6.38121436E+000
   2956.98566   6.31497376E+000
   2955.65188   6.32359785E+000
   2954.31811   6.41408790E+000
   2952.98433   6.59799310E+000
   2951.65055   6.89287212E+000
   2950.31677   7.32457312E+000
   2948.98299   7.93075002E+000
   2947.64922   8.76624654E+000
   2946.31544   9.91121010E+000
   2944.98166   1.14827707E+001
   2943.64788   1.36497304E+001
   2942.31410   1.66431494E+001
   2940.98033   2.07328704E+001
   2939.64655   2.60792948E+001
   2938.31277   3.22913926E+001
   2936.97899   3.77693847E+001
   2935.64522   4.01022210E+001
   2934.31144   3.85904055E+001
   2932.97766   3.52461626E+001
   2931.64388   3.21401856E+001
   2930.31010   2.95126200E+001
   2928.97633   2.64141625E+001
   2927.64255   2.24465817E+001
   2926.30877   1.82901385E+001
   2924.97499   1.46771067E+001
   2923.64121   1.18378023E+001
   2922.30744   9.68955793E+000
   2920.97366   8.07154932E+000
   2919.63988   6.84011681E+000
   2918.30610   5.88768385E+000
   2916.97232   5.13805843E+000
   2915.63855   4.53795536E+000
   2914.30477   4.04991916E+000
   2912.97099   3.64728925E+000
   2911.63721   3.31079495E+000
   2910.30343   3.02628180E+000
   2908.96966   2.78318881E+000
   2907.63588   2.57351777E+000
   2906.30210   2.39112636E+000
   2904.96832   2.23123615E+000
   2903.63454   2.09008502E+000
   2902.30077   1.96467816E+000
   2900.96699   1.85260715E+000
   2899.63321   1.75191676E+000
   2898.29943   1.66100578E+000
   2896.96566   1.57855225E+000
   2895.63188   1.50345650E+000
   2894.29810   1.43479732E+000
   2892.96432   1.37179794E+000
   2891.63054   1.31379933E+000
   2890.29677   1.26023914E+000
   2888.96299   1.21063496E+000
   2887.62921   1.16457077E+000
   2886.29543   1.12168616E+000
   2884.96165   1.08166744E+000
   2883.62788   1.04424043E+000
   2882.29410   1.00916452E+000
   2880.96032   9.76227738E-001
   2879.62654   9.45242676E-001
   2878.29276   9.16043061E-001
   2876.95899   8.88480893E-001
   2875.62521   8.62424025E-001
   2874.29143   8.37754111E-001
   2872.95765   8.14364865E-001
   2871.62387   7.92160574E-001
   2870.29010   7.71054823E-001
   2868.95632   7.50969398E-001
   2867.62254   7.31833342E-001
   2866.28876   7.13582130E-001
   2864.95498   6.96156967E-001
   2863.62121   6.79504161E-001
   2862.28743   6.63574583E-001
   2860.95365   6.48323196E-001
   2859.61987   6.33708634E-001
   2858.28610   6.19692839E-001
   2856.95232   6.06240733E-001
   2855.61854   5.93319936E-001
   2854.28476   5.80900507E-001
   2852.95098   5.68954722E-001
   2851.61721   5.57456867E-001
   2850.28343   5.46383064E-001
   2848.94965   5.35711108E-001
   2847.61587   5.25420320E-001
   2846.28209   5.15491419E-001
   2844.94832   5.05906408E-001
   2843.61454   4.96648466E-001
   2842.28076   4.87701851E-001
   2840.94698   4.79051820E-001
   2839.61320   4.70684546E-001
   2838.27943   4.62587049E-001
   2836.94565   4.54747133E-001
   2835.61187   4.47153326E-001
   2834.27809   4.39794826E-001
   2832.94431   4.32661456E-001
   2831.61054   4.25743616E-001
   2830.27676   4.19032243E-001
   2828.94298   4.12518775E-001
   2827.60920   4.06195117E-001
   2826.27543   4.00053606E-001
   2824.94165   3.94086987E-001
   2823.60787   3.88288383E-001
   2822.27409   3.82651273E-001
   2820.94031   3.77169466E-001
   2819.60654   3.71837082E-001
   2818.27276   3.66648536E-001
   2816.93898   3.61598512E-001
   2815.60520   3.56681954E-001
   2814.27142   3.51894047E-001
   2812.93765   3.47230203E-001
   2811.60387   3.42686049E-001
   2810.27009   3.38257413E-001
   2808.93631   3.33940313E-001
   2807.60253   3.29730948E-001
   2806.26876   3.25625684E-001
   2804.93498   3.21621049E-001
   2803.60120   3.17713721E-001
   2802.26742   3.13900522E-001
   2800.93364   3.10178411E-001
   2799.59987   3.06544472E-001
   2798.26609   3.02995914E-001
   2796.93231   2.99530060E-001
   2795.59853   2.96144341E-001
   2794.26475   2.92836295E-001
   2792.93098   2.89603558E-001
   2791.59720   2.86443858E-001
   2790.26342   2.83355014E-001
   2788.92964   2.80334929E-001
   2787.59587   2.77381588E-001
   2786.26209   2.74493053E-001
   2784.92831   2.71667458E-001
   2783.59453   2.68903008E-001
   2782.26075   2.66197974E-001
   2780.92698   2.63550692E-001
   2779.59320   2.60959558E-001
   2778.25942   2.58423026E-001
   2776.92564   2.55939605E-001
   2775.59186   2.53507859E-001
   2774.25809   2.51126399E-001
   2772.92431   2.48793888E-001
   2771.59053   2.46509034E-001
   2770.25675   2.44270590E-001
   2768.92297   2.42077351E-001
   2767.58920   2.39928153E-001
   2766.25542   2.37821870E-001
   2764.92164   2.35757415E-001
   2763.58786   2.33733737E-001
   2762.25408   2.31749818E-001
   2760.92031   2.29804675E-001
   2759.58653   2.27897355E-001
   2758.25275   2.26026936E-001
   2756.91897   2.24192526E-001
   2755.58520   2.22393261E-001
   2754.25142   2.20628304E-001
   2752.91764   2.18896843E-001
   2751.58386   2.17198092E-001
   2750.25008   2.15531290E-001
   2748.91631   2.13895698E-001
   2747.58253   2.12290599E-001
   2746.24875   2.10715298E-001
   2744.91497   2.09169122E-001
   2743.58119   2.07651416E-001
   2742.24742   2.06161545E-001
   2740.91364   2.04698893E-001
   2739.57986   2.03262862E-001
   2738.24608   2.01852869E-001
   2736.91230   2.00468351E-001
   2735.57853   1.99108760E-001
   2734.24475   1.97773562E-001
   2732.91097   1.96462239E-001
   2731.57719   1.95174288E-001
   2730.24341   1.93909220E-001
   2728.90964   1.92666558E-001
   2727.57586   1.91445839E-001
   2726.24208   1.90246614E-001
   2724.90830   1.89068443E-001
   2723.57452   1.87910902E-001
   2722.24075   1.86773575E-001
   2720.90697   1.85656058E-001
   2719.57319   1.84557958E-001
   2718.23941   1.83478892E-001
   2716.90564   1.82418488E-001
   2715.57186   1.81376383E-001
   2714.23808   1.80352222E-001
   2712.90430   1.79345662E-001
   2711.57052   1.78356367E-001
   2710.23675   1.77384009E-001
   2708.90297   1.76428270E-001
   2707.56919   1.75488839E-001
   2706.23541   1.74565412E-001
   2704.90163   1.73657695E-001
   2703.56786   1.72765399E-001
   2702.23408   1.71888244E-001
   2700.90030   1.71025954E-001
   2699.56652   1.70178263E-001
   2698.23274   1.69344909E-001
   2696.89897   1.68525639E-001
   2695.56519   1.67720203E-001
   2694.23141   1.66928359E-001
   2692.89763   1.66149870E-001
   2691.56385   1.65384506E-001
   2690.23008   1.64632040E-001
   2688.89630   1.63892252E-001
   2687.56252   1.63164926E-001
   2686.22874   1.62449854E-001
   2684.89496   1.61746829E-001
   2683.56119   1.61055650E-001
   2682.22741   1.60376123E-001
   2680.89363   1.59708054E-001
   2679.55985   1.59051258E-001
   2678.22608   1.58405551E-001
   2676.89230   1.57770755E-001
   2675.55852   1.57146694E-001
   2674.22474   1.56533199E-001
   2672.89096   1.55930101E-001
   2671.55719   1.55337238E-001
   2670.22341   1.54754451E-001
   2668.88963   1.54181582E-001
   2667.55585   1.53618479E-001
   2666.22207   1.53064994E-001
   2664.88830   1.52520979E-001
   2663.55452   1.51986292E-001
   2662.22074   1.51460792E-001
   2660.88696   1.50944344E-001
   2659.55318   1.50436813E-001
   2658.21941   1.49938068E-001
   2656.88563   1.49447981E-001
   2655.55185   1.48966427E-001
   2654.21807   1.48493282E-001
   2652.88429   1.48028427E-001
   2651.55052   1.47571743E-001
   2650.21674   1.47123115E-001
   2648.88296   1.46682431E-001
   2647.54918   1.46249580E-001
   2646.21541   1.45824453E-001
   2644.88163   1.45406946E-001
   2643.54785   1.44996953E-001
   2642.21407   1.44594374E-001
   2640.88029   1.44199109E-001
   2639.54652   1.43811060E-001
   2638.21274   1.43430132E-001
   2636.87896   1.43056232E-001
   2635.54518   1.42689267E-001
   2634.21140   1.42329148E-001
   2632.87763   1.41975787E-001
   2631.54385   1.41629098E-001
   2630.21007   1.41288995E-001
   2628.87629   1.40955398E-001
   2627.54251   1.40628223E-001
   2626.20874   1.40307392E-001
   2624.87496   1.39992827E-001
   2623.54118   1.39684452E-001
   2622.20740   1.39382191E-001
   2620.87362   1.39085972E-001
   2619.53985   1.38795721E-001
   2618.20607   1.38511370E-001
   2616.87229   1.38232849E-001
   2615.53851   1.37960089E-001
   2614.20473   1.37693025E-001
   2612.87096   1.37431592E-001
   2611.53718   1.37175725E-001
   2610.20340   1.36925362E-001
   2608.86962   1.36680443E-001
   2607.53585   1.36440905E-001
   2606.20207   1.36206692E-001
   2604.86829   1.35977744E-001
   2603.53451   1.35754005E-001
   2602.20073   1.35535420E-001
   2600.86696   1.35321934E-001
   2599.53318   1.35113493E-001
   2598.19940   1.34910046E-001
   2596.86562   1.34711540E-001
   2595.53184   1.34517926E-001
   2594.19807   1.34329153E-001
   2592.86429   1.34145174E-001
   2591.53051   1.33965941E-001
   2590.19673   1.33791407E-001
   2588.86295   1.33621527E-001
   2587.52918   1.33456255E-001
   2586.19540   1.33295549E-001
   2584.86162   1.33139364E-001
   2583.52784   1.32987659E-001
   2582.19406   1.32840392E-001
   2580.86029   1.32697523E-001
   2579.52651   1.32559011E-001
   2578.19273   1.32424818E-001
   2576.85895   1.32294906E-001
   2575.52518   1.32169237E-001
   2574.19140   1.32047774E-001
   2572.85762   1.31930481E-001
   2571.52384   1.31817322E-001
   2570.19006   1.31708264E-001
   2568.85629   1.31603272E-001
   2567.52251   1.31502313E-001
   2566.18873   1.31405354E-001
   2564.85495   1.31312363E-001
   2563.52117   1.31223310E-001
   2562.18740   1.31138162E-001
   2560.85362   1.31056891E-001
   2559.51984   1.30979466E-001
   2558.18606   1.30905859E-001
   2556.85228   1.30836042E-001
   2555.51851   1.30769987E-001
   2554.18473   1.30707666E-001
   2552.85095   1.30649053E-001
   2551.51717   1.30594122E-001
   2550.18339   1.30542848E-001
   2548.84962   1.30495205E-001
   2547.51584   1.30451170E-001
   2546.18206   1.30410717E-001
   2544.84828   1.30373825E-001
   2543.51450   1.30340469E-001
   2542.18073   1.30310628E-001
   2540.84695   1.30284280E-001
   2539.51317   1.30261403E-001
   2538.17939   1.30241975E-001
   2536.84562   1.30225978E-001
   2535.51184   1.30213390E-001
   2534.17806   1.30204192E-001
   2532.84428   1.30198365E-001
   2531.51050   1.30195890E-001
   2530.17673   1.30196749E-001
   2528.84295   1.30200924E-001
   2527.50917   1.30208397E-001
   2526.17539   1.30219152E-001
   2524.84161   1.30233172E-001
   2523.50784   1.30250441E-001
   2522.17406   1.30270942E-001
   2520.84028   1.30294661E-001
   2519.50650   1.30321582E-001
   2518.17272   1.30351691E-001
   2516.83895   1.30384973E-001
   2515.50517   1.30421415E-001
   2514.17139   1.30461003E-001
   2512.83761   1.30503724E-001
   2511.50383   1.30549566E-001
   2510.17006   1.30598514E-001
   2508.83628   1.30650559E-001
   2507.50250   1.30705687E-001
   2506.16872   1.30763887E-001
   2504.83494   1.30825149E-001
   2503.50117   1.30889462E-001
   2502.16739   1.30956814E-001
   2500.83361   1.31027197E-001
   2499.49983   1.31100600E-001
   2498.16606   1.31177014E-001
   2496.83228   1.31256430E-001
   2495.49850   1.31338839E-001
   2494.16472   1.31424232E-001
   2492.83094   1.31512602E-001
   2491.49717   1.31603941E-001
   2490.16339   1.31698240E-001
   2488.82961   1.31795493E-001
   2487.49583   1.31895693E-001
   2486.16205   1.31998833E-001
   2484.82828   1.32104906E-001
   2483.49450   1.32213907E-001
   2482.16072   1.32325830E-001
   2480.82694   1.32440669E-001
   2479.49316   1.32558419E-001
   2478.15939   1.32679076E-001
   2476.82561   1.32802633E-001
   2475.49183   1.32929088E-001
   2474.15805   1.33058435E-001
   2472.82427   1.33190672E-001
   2471.49050   1.33325793E-001
   2470.15672   1.33463797E-001
   2468.82294   1.33604680E-001
   2467.48916   1.33748439E-001
   2466.15539   1.33895072E-001
   2464.82161   1.34044576E-001
   2463.48783   1.34196950E-001
   2462.15405   1.34352191E-001
   2460.82027   1.34510298E-001
   2459.48650   1.34671271E-001
   2458.15272   1.34835107E-001
   2456.81894   1.35001807E-001
   2455.48516   1.35171369E-001
   2454.15138   1.35343794E-001
   2452.81761   1.35519081E-001
   2451.48383   1.35697231E-001
   2450.15005   1.35878244E-001
   2448.81627   1.36062121E-001
   2447.48249   1.36248864E-001
   2446.14872   1.36438472E-001
   2444.81494   1.36630949E-001
   2443.48116   1.36826294E-001
   2442.14738   1.37024512E-001
   2440.81360   1.37225603E-001
   2439.47983   1.37429570E-001
   2438.14605   1.37636416E-001
   2436.81227   1.37846144E-001
   2435.47849   1.38058757E-001
   2434.14471   1.38274258E-001
   2432.81094   1.38492651E-001
   2431.47716   1.38713940E-001
   2430.14338   1.38938129E-001
   2428.80960   1.39165223E-001
   2427.47583   1.39395225E-001
   2426.14205   1.39628142E-001
   2424.80827   1.39863977E-001
   2423.47449   1.40102737E-001
   2422.14071   1.40344426E-001
   2420.80694   1.40589051E-001
   2419.47316   1.40836617E-001
   2418.13938   1.41087132E-001
   2416.80560   1.41340600E-001
   2415.47182   1.41597030E-001
   2414.13805   1.41856428E-001
   2412.80427   1.42118801E-001
   2411.47049   1.42384157E-001
   2410.13671   1.42652504E-001
   2408.80293   1.42923848E-001
   2407.46916   1.43198200E-001
   2406.13538   1.43475566E-001
   2404.80160   1.43755956E-001
   2403.46782   1.44039378E-001
   2402.13404   1.44325842E-001
   2400.80027   1.44615357E-001
   2399.46649   1.44907932E-001
   2398.13271   1.45203578E-001
   2396.79893   1.45502305E-001
   2395.46516   1.45804122E-001
   2394.13138   1.46109041E-001
   2392.79760   1.46417073E-001
   2391.46382   1.46728227E-001
   2390.13004   1.47042517E-001
   2388.79627   1.47359953E-001
   2387.46249   1.47680548E-001
   2386.12871   1.48004313E-001
   2384.79493   1.48331261E-001
   2383.46115   1.48661404E-001
   2382.12738   1.48994755E-001
   2380.79360   1.49331328E-001
   2379.45982   1.49671135E-001
   2378.12604   1.50014191E-001
   2376.79226   1.50360509E-001
   2375.45849   1.50710104E-001
   2374.12471   1.51062990E-001
   2372.79093   1.51419181E-001
   2371.45715   1.51778693E-001
   2370.12337   1.52141542E-001
   2368.78960   1.52507741E-001
   2367.45582   1.52877308E-001
   2366.12204   1.53250258E-001
   2364.78826   1.53626608E-001
   2363.45448   1.54006374E-001
   2362.12071   1.54389573E-001
   2360.78693   1.54776223E-001
   2359.45315   1.55166340E-001
   2358.11937   1.55559943E-001
   2356.78560   1.55957051E-001
   2355.45182   1.56357680E-001
   2354.11804   1.56761850E-001
   2352.78426   1.57169580E-001
   2351.45048   1.57580888E-001
   2350.11671   1.57995796E-001
   2348.78293   1.58414321E-001
   2347.44915   1.58836486E-001
   2346.11537   1.59262309E-001
   2344.78159   1.59691812E-001
   2343.44782   1.60125017E-001
   2342.11404   1.60561943E-001
   2340.78026   1.61002614E-001
   2339.44648   1.61447051E-001
   2338.11270   1.61895277E-001
   2336.77893   1.62347314E-001
   2335.44515   1.62803186E-001
   2334.11137   1.63262916E-001
   2332.77759   1.63726527E-001
   2331.44381   1.64194044E-001
   2330.11004   1.64665491E-001
   2328.77626   1.65140894E-001
   2327.44248   1.65620276E-001
   2326.10870   1.66103664E-001
   2324.77492   1.66591084E-001
   2323.44115   1.67082561E-001
   2322.10737   1.67578123E-001
   2320.77359   1.68077796E-001
   2319.43981   1.68581607E-001
   2318.10604   1.69089586E-001
   2316.77226   1.69601759E-001
   2315.43848   1.70118155E-001
   2314.10470   1.70638803E-001
   2312.77092   1.71163732E-001
   2311.43715   1.71692972E-001
   2310.10337   1.72226554E-001
   2308.76959   1.72764507E-001
   2307.43581   1.73306863E-001
   2306.10203   1.73853653E-001
   2304.76826   1.74404909E-001
   2303.43448   1.74960664E-001
   2302.10070   1.75520948E-001
   2300.76692   1.76085797E-001
   2299.43314   1.76655243E-001
   2298.09937   1.77229321E-001
   2296.76559   1.77808065E-001
   2295.43181   1.78391509E-001
   2294.09803   1.78979690E-001
   2292.76425   1.79572643E-001
   2291.43048   1.80170405E-001
   2290.09670   1.80773012E-001
   2288.76292   1.81380502E-001
   2287.42914   1.81992913E-001
   2286.09537   1.82610283E-001
   2284.76159   1.83232650E-001
   2283.42781   1.83860055E-001
   2282.09403   1.84492537E-001
   2280.76025   1.85130137E-001
   2279.42648   1.85772895E-001
   2278.09270   1.86420854E-001
   2276.75892   1.87074055E-001
   2275.42514   1.87732540E-001
   2274.09136   1.88396354E-001
   2272.75759   1.89065540E-001
   2271.42381   1.89740143E-001
   2270.09003   1.90420206E-001
   2268.75625   1.91105777E-001
   2267.42247   1.91796901E-001
   2266.08870   1.92493624E-001
   2264.75492   1.93195995E-001
   2263.42114   1.93904062E-001
   2262.08736   1.94617873E-001
   2260.75358   1.95337477E-001
   2259.41981   1.96062925E-001
   2258.08603   1.96794267E-001
   2256.75225   1.97531554E-001
   2255.41847   1.98274839E-001
   2254.08469   1.99024175E-001
   2252.75092   1.99779615E-001
   2251.41714   2.00541212E-001
   2250.08336   2.01309023E-001
   2248.74958   2.02083103E-001
   2247.41581   2.02863507E-001
   2246.08203   2.03650294E-001
   2244.74825   2.04443522E-001
   2243.41447   2.05243248E-001
   2242.08069   2.06049532E-001
   2240.74692   2.06862436E-001
   2239.41314   2.07682020E-001
   2238.07936   2.08508345E-001
   2236.74558   2.09341476E-001
   2235.41180   2.10181475E-001
   2234.07803   2.11028407E-001
   2232.74425   2.11882338E-001
   2231.41047   2.12743334E-001
   2230.07669   2.13611462E-001
   2228.74291   2.14486791E-001
   2227.40914   2.15369389E-001
   2226.07536   2.16259326E-001
   2224.74158   2.17156674E-001
   2223.40780   2.18061505E-001
   2222.07402   2.18973892E-001
   2220.74025   2.19893909E-001
   2219.40647   2.20821630E-001
   2218.07269   2.21757133E-001
   2216.73891   2.22700493E-001
   2215.40514   2.23651790E-001
   2214.07136   2.24611103E-001
   2212.73758   2.25578512E-001
   2211.40380   2.26554100E-001
   2210.07002   2.27537948E-001
   2208.73625   2.28530140E-001
   2207.40247   2.29530763E-001
   2206.06869   2.30539901E-001
   2204.73491   2.31557644E-001
   2203.40113   2.32584078E-001
   2202.06736   2.33619296E-001
   2200.73358   2.34663387E-001
   2199.39980   2.35716446E-001
   2198.06602   2.36778565E-001
   2196.73224   2.37849840E-001
   2195.39847   2.38930368E-001
   2194.06469   2.40020247E-001
   2192.73091   2.41119576E-001
   2191.39713   2.42228458E-001
   2190.06335   2.43346993E-001
   2188.72958   2.44475287E-001
   2187.39580   2.45613445E-001
   2186.06202   2.46761573E-001
   2184.72824   2.47919781E-001
   2183.39446   2.49088179E-001
   2182.06069   2.50266878E-001
   2180.72691   2.51455993E-001
   2179.39313   2.52655638E-001
   2178.05935   2.53865931E-001
   2176.72558   2.55086990E-001
   2175.39180   2.56318936E-001
   2174.05802   2.57561891E-001
   2172.72424   2.58815979E-001
   2171.39046   2.60081327E-001
   2170.05669   2.61358062E-001
   2168.72291   2.62646314E-001
   2167.38913   2.63946215E-001
   2166.05535   2.65257900E-001
   2164.72157   2.66581503E-001
   2163.38780   2.67917164E-001
   2162.05402   2.69265022E-001
   2160.72024   2.70625219E-001
   2159.38646   2.71997900E-001
   2158.05268   2.73383213E-001
   2156.71891   2.74781306E-001
   2155.38513   2.76192330E-001
   2154.05135   2.77616439E-001
   2152.71757   2.79053791E-001
   2151.38379   2.80504542E-001
   2150.05002   2.81968855E-001
   2148.71624   2.83446893E-001
   2147.38246   2.84938823E-001
   2146.04868   2.86444814E-001
   2144.71490   2.87965037E-001
   2143.38113   2.89499667E-001
   2142.04735   2.91048881E-001
   2140.71357   2.92612860E-001
   2139.37979   2.94191787E-001
   2138.04602   2.95785847E-001
   2136.71224   2.97395230E-001
   2135.37846   2.99020128E-001
   2134.04468   3.00660737E-001
   2132.71090   3.02317255E-001
   2131.37713   3.03989884E-001
   2130.04335   3.05678829E-001
   2128.70957   3.07384299E-001
   2127.37579   3.09106507E-001
   2126.04201   3.10845667E-001
   2124.70824   3.12601999E-001
   2123.37446   3.14375727E-001
   2122.04068   3.16167077E-001
   2120.70690   3.17976280E-001
   2119.37312   3.19803569E-001
   2118.03935   3.21649185E-001
   2116.70557   3.23513370E-001
   2115.37179   3.25396370E-001
   2114.03801   3.27298437E-001
   2112.70423   3.29219826E-001
   2111.37046   3.31160797E-001
   2110.03668   3.33121615E-001
   2108.70290   3.35102548E-001
   2107.36912   3.37103871E-001
   2106.03535   3.39125863E-001
   2104.70157   3.41168806E-001
   2103.36779   3.43232990E-001
   2102.03401   3.45318708E-001
   2100.70023   3.47426260E-001
   2099.36646   3.49555950E-001
   2098.03268   3.51708087E-001
   2096.69890   3.53882987E-001
   2095.36512   3.56080972E-001
   2094.03134   3.58302369E-001
   2092.69757   3.60547511E-001
   2091.36379   3.62816736E-001
   2090.03001   3.65110390E-001
   2088.69623   3.67428826E-001
   2087.36245   3.69772402E-001
   2086.02868   3.72141481E-001
   2084.69490   3.74536438E-001
   2083.36112   3.76957650E-001
   2082.02734   3.79405503E-001
   2080.69356   3.81880390E-001
   2079.35979   3.84382713E-001
   2078.02601   3.86912880E-001
   2076.69223   3.89471307E-001
   2075.35845   3.92058418E-001
   2074.02467   3.94674646E-001
   2072.69090   3.97320431E-001
   2071.35712   3.99996223E-001
   2070.02334   4.02702480E-001
   2068.68956   4.05439669E-001
   2067.35579   4.08208267E-001
   2066.02201   4.11008758E-001
   2064.68823   4.13841639E-001
   2063.35445   4.16707415E-001
   2062.02067   4.19606600E-001
   2060.68690   4.22539722E-001
   2059.35312   4.25507315E-001
   2058.01934   4.28509927E-001
   2056.68556   4.31548116E-001
   2055.35178   4.34622452E-001
   2054.01801   4.37733517E-001
   2052.68423   4.40881903E-001
   2051.35045   4.44068216E-001
   2050.01667   4.47293075E-001
   2048.68289   4.50557110E-001
   2047.34912   4.53860965E-001
   2046.01534   4.57205298E-001
   2044.68156   4.60590782E-001
   2043.34778   4.64018102E-001
   2042.01400   4.67487958E-001
   2040.68023   4.71001066E-001
   2039.34645   4.74558157E-001
   2038.01267   4.78159977E-001
   2036.67889   4.81807291E-001
   2035.34512   4.85500876E-001
   2034.01134   4.89241530E-001
   2032.67756   4.93030066E-001
   2031.34378   4.96867318E-001
   2030.01000   5.00754135E-001
   2028.67623   5.04691386E-001
   2027.34245   5.08679961E-001
   2026.00867   5.12720768E-001
   2024.67489   5.16814738E-001
   2023.34111   5.20962820E-001
   2022.00734   5.25165986E-001
   2020.67356   5.29425231E-001
   2019.33978   5.33741573E-001
   2018.00600   5.38116052E-001
   2016.67222   5.42549734E-001
   2015.33845   5.47043708E-001
   2014.00467   5.51599089E-001
   2012.67089   5.56217019E-001
   2011.33711   5.60898668E-001
   2010.00333   5.65645232E-001
   2008.66956   5.70457935E-001
   2007.33578   5.75338034E-001
   2006.00200   5.80286812E-001
   2004.66822   5.85305585E-001
   2003.33444   5.90395703E-001
   2002.00067   5.95558546E-001
   2000.66689   6.00795529E-001
   1999.33311   6.06108104E-001
   1997.99933   6.11497756E-001
   1996.66556   6.16966009E-001
   1995.33178   6.22514425E-001
   1993.99800   6.28144605E-001
   1992.66422   6.33858192E-001
   1991.33044   6.39656870E-001
   1989.99667   6.45542365E-001
   1988.66289   6.51516450E-001
   1987.32911   6.57580943E-001
   1985.99533   6.63737708E-001
   1984.66155   6.69988660E-001
   1983.32778   6.76335763E-001
   1981.99400   6.82781034E-001
   1980.66022   6.89326543E-001
   1979.32644   6.95974417E-001
   1977.99266   7.02726837E-001
   1976.65889   7.09586047E-001
   1975.32511   7.16554350E-001
   1973.99133   7.23634111E-001
   1972.65755   7.30827764E-001
   1971.32377   7.38137805E-001
   1969.99000   7.45566805E-001
   1968.65622   7.53117403E-001
   1967.32244   7.60792314E-001
   1965.98866   7.68594330E-001
   1964.65488   7.76526323E-001
   1963.32111   7.84591245E-001
   1961.98733   7.92792136E-001
   1960.65355   8.01132124E-001
   1959.31977   8.09614425E-001
   1957.98600   8.18242353E-001
   1956.65222   8.27019317E-001
   1955.31844   8.35948831E-001
   1953.98466   8.45034511E-001
   1952.65088   8.54280081E-001
   1951.31711   8.63689381E-001
   1949.98333   8.73266365E-001
   1948.64955   8.83015110E-001
   1947.31577   8.92939817E-001
   1945.98199   9.03044818E-001
   1944.64822   9.13334581E-001
   1943.31444   9.23813713E-001
   1941.98066   9.34486968E-001
   1940.64688   9.45359250E-001
   1939.31310   9.56435620E-001
   1937.97933   9.67721304E-001
   1936.64555   9.79221695E-001
   1935.31177   9.90942364E-001
   1933.97799   1.00288906E+000
   1932.64421   1.01506774E+000
   1931.31044   1.02748453E+000
   1929.97666   1.04014579E+000
   1928.64288   1.05305807E+000
   1927.30910   1.06622817E+000
   1925.97533   1.07966310E+000
   1924.64155   1.09337011E+000
   1923.30777   1.10735673E+000
   1921.97399   1.12163073E+000
   1920.64021   1.13620015E+000
   1919.30644   1.15107332E+000
   1917.97266   1.16625889E+000
   1916.63888   1.18176579E+000
   1915.30510   1.19760328E+000
   1913.97132   1.21378098E+000
   1912.63755   1.23030883E+000
   1911.30377   1.24719717E+000
   1909.96999   1.26445671E+000
   1908.63621   1.28209856E+000
   1907.30243   1.30013426E+000
   1905.96866   1.31857579E+000
   1904.63488   1.33743558E+000
   1903.30110   1.35672656E+000
   1901.96732   1.37646215E+000
   1900.63354   1.39665631E+000
   1899.29977   1.41732354E+000
   1897.96599   1.43847894E+000
   1896.63221   1.46013821E+000
   1895.29843   1.48231769E+000
   1893.96465   1.50503438E+000
   1892.63088   1.52830600E+000
   1891.29710   1.55215100E+000
   1889.96332   1.57658861E+000
   1888.62954   1.60163888E+000
   1887.29577   1.62732271E+000
   1885.96199   1.65366191E+000
   1884.62821   1.68067923E+000
   1883.29443   1.70839843E+000
   1881.96065   1.73684431E+000
   1880.62688   1.76604280E+000
   1879.29310   1.79602098E+000
   1877.95932   1.82680718E+000
   1876.62554   1.85843101E+000
   1875.29176   1.89092349E+000
   1873.95799   1.92431705E+000
   1872.62421   1.95864569E+000
   1871.29043   1.99394500E+000
   1869.95665   2.03025231E+000
   1868.62287   2.06760677E+000
   1867.28910   2.10604942E+000
   1865.95532   2.14562338E+000
   1864.62154   2.18637389E+000
   1863.28776   2.22834851E+000
   1861.95398   2.27159723E+000
   1860.62021   2.31617261E+000
   1859.28643   2.36212997E+000
   1857.95265   2.40952752E+000
   1856.61887   2.45842662E+000
   1855.28510   2.50889190E+000
   1853.95132   2.56099154E+000
   1852.61754   2.61479745E+000
   1851.28376   2.67038556E+000
   1849.94998   2.72783609E+000
   1848.61621   2.78723381E+000
   1847.28243   2.84866839E+000
   1845.94865   2.91223472E+000
   1844.61487   2.97803329E+000
   1843.28109   3.04617061E+000
   1841.94732   3.11675958E+000
   1840.61354   3.18992006E+000
   1839.27976   3.26577929E+000
   1837.94598   3.34447251E+000
   1836.61220   3.42614353E+000
   1835.27843   3.51094542E+000
   1833.94465   3.59904121E+000
   1832.61087   3.69060470E+000
   1831.27709   3.78582131E+000
   1829.94331   3.88488901E+000
   1828.60954   3.98801941E+000
   1827.27576   4.09543881E+000
   1825.94198   4.20738955E+000
   1824.60820   4.32413128E+000
   1823.27442   4.44594257E+000
   1821.94065   4.57312250E+000
   1820.60687   4.70599256E+000
   1819.27309   4.84489865E+000
   1817.93931   4.99021337E+000
   1816.60554   5.14233851E+000
   1815.27176   5.30170782E+000
   1813.93798   5.46879017E+000
   1812.60420   5.64409292E+000
   1811.27042   5.82816586E+000
   1809.93665   6.02160548E+000
   1808.60287   6.22505980E+000
   1807.26909   6.43923386E+000
   1805.93531   6.66489578E+000
   1804.60153   6.90288367E+000
   1803.26776   7.15411338E+000
   1801.93398   7.41958736E+000
   1800.60020   7.70040464E+000
   1799.26642   7.99777213E+000
   1797.93264   8.31301767E+000
   1796.59887   8.64760472E+000
   1795.26509   9.00314939E+000
   1793.93131   9.38143987E+000
   1792.59753   9.78445881E+000
   1791.26375   1.02144093E+001
   1789.92998   1.06737447E+001
   1788.59620   1.11652036E+001
   1787.26242   1.16918506E+001
   1785.92864   1.22571234E+001
   1784.59486   1.28648889E+001
   1783.26109   1.35195088E+001
   1781.92731   1.42259173E+001
   1780.59353   1.49897135E+001
   1779.25975   1.58172711E+001
   1777.92598   1.67158706E+001
   1776.59220   1.76938574E+001
   1775.25842   1.87608338E+001
   1773.92464   1.99278923E+001
   1772.59086   2.12078995E+001
   1771.25709   2.26158470E+001
   1769.92331   2.41692833E+001
   1768.58953   2.58888523E+001
   1767.25575   2.77989680E+001
   1765.92197   2.99286642E+001
   1764.58820   3.23126767E+001
   1763.25442   3.49928280E+001
   1761.92064   3.80198180E+001
   1760.58686   4.14555585E+001
   1759.25308   4.53762473E+001
   1757.91931   4.98764575E+001
   1756.58553   5.50746363E+001
   1755.25175   6.11205877E+001
   1753.91797   6.82057780E+001
   1752.58419   7.65777178E+001
   1751.25042   8.65603088E+001
   1749.91664   9.85830428E+001
   1748.58286   1.13223516E+002
   1747.24908   1.31270229E+002
   1745.91531   1.53816586E+002
   1744.58153   1.82403056E+002
   1743.24775   2.19233053E+002
   1741.91397   2.67497586E+002
   1740.58019   3.31843784E+002
   1739.24642   4.18970465E+002
   1737.91264   5.38081912E+002
   1736.57886   7.00038022E+002
   1735.24508   9.11585798E+002
   1733.91130   1.15742069E+003
   1732.57753   1.37074298E+003
   1731.24375   1.44168280E+003
   1729.90997   1.32222222E+003
   1728.57619   1.08988716E+003
   1727.24241   8.49417820E+002
   1725.90864   6.51249602E+002
   1724.57486   5.01967446E+002
   1723.24108   3.92595672E+002
   1721.90730   3.12463359E+002
   1720.57352   2.53054562E+002
   1719.23975   2.08288457E+002
   1717.90597   1.73968555E+002
   1716.57219   1.47211952E+002
   1715.23841   1.26022152E+002
   1713.90463   1.08997827E+002
   1712.57086   9.51400539E+001
   1711.23708   8.37253638E+001
   1709.90330   7.42215939E+001
   1708.56952   6.62314808E+001
   1707.23575   5.94543256E+001
   1705.90197   5.36595620E+001
   1704.56819   4.86682652E+001
   1703.23441   4.43400318E+001
   1701.90063   4.05635446E+001
   1700.56686   3.72496989E+001
   1699.23308   3.43265341E+001
   1697.89930   3.17354534E+001
   1696.56552   2.94283742E+001
   1695.23174   2.73655578E+001
   1693.89797   2.55139408E+001
   1692.56419   2.38458410E+001
   1691.23041   2.23379454E+001
   1689.89663   2.09705120E+001
   1688.56285   1.97267359E+001
   1687.22908   1.85922427E+001
   1685.89530   1.75546799E+001
   1684.56152   1.66033867E+001
   1683.22774   1.57291242E+001
   1681.89396   1.49238544E+001
   1680.56019   1.41805586E+001
   1679.22641   1.34930865E+001
   1677.89263   1.28560306E+001
   1676.55885   1.22646216E+001
   1675.22508   1.17146403E+001
   1673.89130   1.12023435E+001
   1672.55752   1.07244008E+001
   1671.22374   1.02778418E+001
   1669.88996   9.86001012E+000
   1668.55619   9.46852457E+000
   1667.22241   9.10124586E+000
   1665.88863   8.75624768E+000
   1664.55485   8.43179178E+000
   1663.22107   8.12630650E+000
   1661.88730   7.83836794E+000
   1660.55352   7.56668372E+000
   1659.21974   7.31007863E+000
   1657.88596   7.06748223E+000
   1656.55218   6.83791779E+000
   1655.21841   6.62049270E+000
   1653.88463   6.41438994E+000
   1652.55085   6.21886054E+000
   1651.21707   6.03321694E+000
   1649.88329   5.85682703E+000
   1648.54952   5.68910896E+000
   1647.21574   5.52952636E+000
   1645.88196   5.37758424E+000
   1644.54818   5.23282518E+000
   1643.21440   5.09482602E+000
   1641.88063   4.96319483E+000
   1640.54685   4.83756820E+000
   1639.21307   4.71760883E+000
   1637.87929   4.60300330E+000
   1636.54552   4.49346012E+000
   1635.21174   4.38870794E+000
   1633.87796   4.28849386E+000
   1632.54418   4.19258207E+000
   1631.21040   4.10075241E+000
   1629.87663   4.01279921E+000
   1628.54285   3.92853017E+000
   1627.20907   3.84776537E+000
   1625.87529   3.77033632E+000
   1624.54151   3.69608514E+000
   1623.20774   3.62486379E+000
   1621.87396   3.55653335E+000
   1620.54018   3.49096342E+000
   1619.20640   3.42803148E+000
   1617.87262   3.36762238E+000
   1616.53885   3.30962781E+000
   1615.20507   3.25394590E+000
   1613.87129   3.20048073E+000
   1612.53751   3.14914197E+000
   1611.20373   3.09984456E+000
   1609.86996   3.05250829E+000
   1608.53618   3.00705761E+000
   1607.20240   2.96342123E+000
   1605.86862   2.92153196E+000
   1604.53484   2.88132640E+000
   1603.20107   2.84274476E+000
   1601.86729   2.80573062E+000
   1600.53351   2.77023077E+000
   1599.19973   2.73619501E+000
   1597.86596   2.70357601E+000
   1596.53218   2.67232913E+000
   1595.19840   2.64241229E+000
   1593.86462   2.61378586E+000
   1592.53084   2.58641251E+000
   1591.19707   2.56025711E+000
   1589.86329   2.53528663E+000
   1588.52951   2.51147004E+000
   1587.19573   2.48877825E+000
   1585.86195   2.46718395E+000
   1584.52818   2.44666164E+000
   1583.19440   2.42718748E+000
   1581.86062   2.40873927E+000
   1580.52684   2.39129637E+000
   1579.19306   2.37483967E+000
   1577.85929   2.35935150E+000
   1576.52551   2.34481565E+000
   1575.19173   2.33121729E+000
   1573.85795   2.31854294E+000
   1572.52417   2.30678043E+000
   1571.19040   2.29591892E+000
   1569.85662   2.28594883E+000
   1568.52284   2.27686184E+000
   1567.18906   2.26865089E+000
   1565.85529   2.26131015E+000
   1564.52151   2.25483501E+000
   1563.18773   2.24922211E+000
   1561.85395   2.24446931E+000
   1560.52017   2.24057572E+000
   1559.18640   2.23754169E+000
   1557.85262   2.23536882E+000
   1556.51884   2.23406002E+000
   1555.18506   2.23361948E+000
   1553.85128   2.23405274E+000
   1552.51751   2.23536668E+000
   1551.18373   2.23756961E+000
   1549.84995   2.24067127E+000
   1548.51617   2.24468290E+000
   1547.18239   2.24961729E+000
   1545.84862   2.25548883E+000
   1544.51484   2.26231362E+000
   1543.18106   2.27010948E+000
   1541.84728   2.27889609E+000
   1540.51350   2.28869508E+000
   1539.17973   2.29953009E+000
   1537.84595   2.31142694E+000
   1536.51217   2.32441370E+000
   1535.17839   2.33852088E+000
   1533.84461   2.35378154E+000
   1532.51084   2.37023148E+000
   1531.17706   2.38790943E+000
   1529.84328   2.40685720E+000
   1528.50950   2.42711999E+000
   1527.17573   2.44874656E+000
   1525.84195   2.47178951E+000
   1524.50817   2.49630561E+000
   1523.17439   2.52235612E+000
   1521.84061   2.55000710E+000
   1520.50684   2.57932990E+000
   1519.17306   2.61040152E+000
   1517.83928   2.64330513E+000
   1516.50550   2.67813065E+000
   1515.17172   2.71497531E+000
   1513.83795   2.75394434E+000
   1512.50417   2.79515172E+000
   1511.17039   2.83872104E+000
   1509.83661   2.88478642E+000
   1508.50283   2.93349357E+000
   1507.16906   2.98500099E+000
   1505.83528   3.03948127E+000
   1504.50150   3.09712262E+000
   1503.16772   3.15813059E+000
   1501.83394   3.22272994E+000
   1500.50017   3.29116688E+000
   1499.16639   3.36371153E+000
   1497.83261   3.44066078E+000
   1496.49883   3.52234151E+000
   1495.16506   3.60911438E+000
   1493.83128   3.70137806E+000
   1492.49750   3.79957421E+000
   1491.16372   3.90419327E+000
   1489.82994   4.01578103E+000
   1488.49617   4.13494651E+000
   1487.16239   4.26237099E+000
   1485.82861   4.39881875E+000
   1484.49483   4.54514965E+000
   1483.16105   4.70233409E+000
   1481.82728   4.87147074E+000
   1480.49350   5.05380787E+000
   1479.15972   5.25076875E+000
   1477.82594   5.46398255E+000
   1476.49216   5.69532169E+000
   1475.15839   5.94694753E+000
   1473.82461   6.22136642E+000
   1472.49083   6.52149913E+000
   1471.15705   6.85076715E+000
   1469.82327   7.21320102E+000
   1468.48950   7.61357715E+000
   1467.15572   8.05759225E+000
   1465.82194   8.55208747E+000
   1464.48816   9.10533925E+000
   1463.15438   9.72744043E+000
   1461.82061   1.04308050E+001
   1460.48683   1.12308443E+001
   1459.15305   1.21468830E+001
   1457.81927   1.32034181E+001
   1456.48550   1.44318693E+001
   1455.15172   1.58730508E+001
   1453.81794   1.75807117E+001
   1452.48416   1.96266826E+001
   1451.15038   2.21084702E+001
   1449.81661   2.51606111E+001
   1448.48283   2.89718161E+001
   1447.14905   3.38109243E+001
   1445.81527   4.00656639E+001
   1444.48149   4.82976475E+001
   1443.14772   5.93088546E+001
   1441.81394   7.41786040E+001
   1440.48016   9.41074472E+001
   1439.14638   1.19592112E+002
   1437.81260   1.48123788E+002
   1436.47883   1.71160743E+002
   1435.14505   1.77097340E+002
   1433.81127   1.63791487E+002
   1432.47749   1.41670217E+002
   1431.14371   1.21468673E+002
   1429.80994   1.07802631E+002
   1428.47616   1.01427663E+002
   1427.14238   1.02129446E+002
   1425.80860   1.10002643E+002
   1424.47482   1.25702839E+002
   1423.14105   1.49897197E+002
   1421.80727   1.81272080E+002
   1420.47349   2.12707891E+002
   1419.13971   2.30380106E+002
   1417.80594   2.25089948E+002
   1416.47216   2.03548445E+002
   1415.13838   1.77775950E+002
   1413.80460   1.52566549E+002
   1412.47082   1.28241537E+002
   1411.13705   1.05676342E+002
   1409.80327   8.60631938E+001
   1408.46949   7.00541274E+001
   1407.13571   5.75951566E+001
   1405.80193   4.81190031E+001
   1404.46816   4.09296675E+001
   1403.13438   3.54294299E+001
   1401.80060   3.11693988E+001
   1400.46682   2.78283580E+001
   1399.13304   2.51790077E+001
   1397.79927   2.30597205E+001
   1396.46549   2.13542649E+001
   1395.13171   1.99779545E+001
   1393.79793   1.88683044E+001
   1392.46415   1.79787099E+001
   1391.13038   1.72741299E+001
   1389.79660   1.67281068E+001
   1388.46282   1.63206846E+001
   1387.12904   1.60369447E+001
   1385.79527   1.58659695E+001
   1384.46149   1.58001137E+001
   1383.12771   1.58344992E+001
   1381.79393   1.59666805E+001
   1380.46015   1.61964451E+001
   1379.12638   1.65257280E+001
   1377.79260   1.69586283E+001
   1376.45882   1.75015265E+001
   1375.12504   1.81633067E+001
   1373.79126   1.89556993E+001
   1372.45749   1.98937668E+001
   1371.12371   2.09965683E+001
   1369.78993   2.22880562E+001
   1368.45615   2.37982789E+001
   1367.12237   2.55649977E+001
   1365.78860   2.76358724E+001
   1364.45482   3.00714388E+001
   1363.12104   3.29492093E+001
   1361.78726   3.63693843E+001
   1360.45348   4.04629100E+001
   1359.11971   4.54030046E+001
   1357.78593   5.14218810E+001
   1356.45215   5.88353579E+001
   1355.11837   6.80795679E+001
   1353.78459   7.97663036E+001
   1352.45082   9.47668880E+001
   1351.11704   1.14338307E+002
   1349.78326   1.40306125E+002
   1348.44948   1.75301491E+002
   1347.11571   2.22961893E+002
   1345.78193   2.87690781E+002
   1344.44815   3.72701754E+002
   1343.11437   4.73767269E+002
   1341.78059   5.68744508E+002
   1340.44682   6.19423217E+002
   1339.11304   6.04640671E+002
   1337.77926   5.39644554E+002
   1336.44548   4.50570907E+002
   1335.11170   3.59033845E+002
   1333.77793   2.79783235E+002
   1332.44415   2.17822723E+002
   1331.11037   1.71525863E+002
   1329.77659   1.37289666E+002
   1328.44281   1.11794672E+002
   1327.10904   9.25362969E+001
   1325.77526   7.77459673E+001
   1324.44148   6.61970066E+001
   1323.10770   5.70366102E+001
   1321.77392   4.96653107E+001
   1320.44015   4.36555398E+001
   1319.10637   3.86975319E+001
   1317.77259   3.45633549E+001
   1316.43881   3.10827768E+001
   1315.10504   2.81268664E+001
   1313.77126   2.55966897E+001
   1312.43748   2.34154069E+001
   1311.10370   2.15226658E+001
   1309.76992   1.98705708E+001
   1308.43615   1.84207459E+001
   1307.10237   1.71421692E+001
   1305.76859   1.60095566E+001
   1304.43481   1.50021432E+001
   1303.10103   1.41027547E+001
   1301.76726   1.32970929E+001
   1300.43348   1.25731811E+001
   1299.09970   1.19209309E+001
   1297.76592   1.13317987E+001
   1296.43214   1.07985145E+001
   1295.09837   1.03148640E+001
   1293.76459   9.87551279E+000
   1292.43081   9.47586468E+000
   1291.09703   9.11194556E+000
   1289.76325   8.78030856E+000
   1288.42948   8.47795576E+000
   1287.09570   8.20227354E+000
   1285.76192   7.95097878E+000
   1284.42814   7.72207399E+000
   1283.09436   7.51380979E+000
   1281.76059   7.32465334E+000
   1280.42681   7.15326186E+000
   1279.09303   6.99846025E+000
   1277.75925   6.85922217E+000
   1276.42548   6.73465420E+000
   1275.09170   6.62398232E+000
   1273.75792   6.52654072E+000
   1272.42414   6.44176228E+000
   1271.09036   6.36917083E+000
   1269.75659   6.30837469E+000
   1268.42281   6.25906157E+000
   1267.08903   6.22099458E+000
   1265.75525   6.19400932E+000
   1264.42147   6.17801189E+000
   1263.08770   6.17297799E+000
   1261.75392   6.17895280E+000
   1260.42014   6.19605190E+000
   1259.08636   6.22446310E+000
   1257.75258   6.26444925E+000
   1256.41881   6.31635221E+000
   1255.08503   6.38059785E+000
   1253.75125   6.45770250E+000
   1252.41747   6.54828069E+000
   1251.08369   6.65305472E+000
   1249.74992   6.77286596E+000
   1248.41614   6.90868850E+000
   1247.08236   7.06164535E+000
   1245.74858   7.23302772E+000
   1244.41480   7.42431794E+000
   1243.08103   7.63721680E+000
   1241.74725   7.87367611E+000
   1240.41347   8.13593770E+000
   1239.07969   8.42658022E+000
   1237.74592   8.74857540E+000
   1236.41214   9.10535621E+000
   1235.07836   9.50089954E+000
   1233.74458   9.93982707E+000
   1232.41080   1.04275291E+001
   1231.07703   1.09703174E+001
   1229.74325   1.15756143E+001
   1228.40947   1.22521898E+001
   1227.07569   1.30104589E+001
   1225.74191   1.38628586E+001
   1224.40814   1.48243289E+001
   1223.07436   1.59129320E+001
   1221.74058   1.71506560E+001
   1220.40680   1.85644682E+001
   1219.07302   2.01877083E+001
   1217.73925   2.20619533E+001
   1216.40547   2.42395383E+001
   1215.07169   2.67870081E+001
   1213.73791   2.97899024E+001
   1212.40413   3.33594783E+001
   1211.07036   3.76422897E+001
   1209.73658   4.28340331E+001
   1208.40280   4.91998566E+001
   1207.06902   5.71045634E+001
   1205.73525   6.70580804E+001
   1204.40147   7.97844421E+001
   1203.06769   9.63262900E+001
   1201.73391   1.18199722E+002
   1200.40013   1.47607715E+002
   1199.06636   1.87672524E+002
   1197.73258   2.42455212E+002
   1196.39880   3.15923567E+002
   1195.06502   4.07680119E+002
   1193.73124   5.02863158E+002
   1192.39747   5.63905441E+002
   1191.06369   5.53240287E+002
   1189.72991   4.78205012E+002
   1188.39613   3.81130170E+002
   1187.06235   2.93722241E+002
   1185.72858   2.25612850E+002
   1184.39480   1.75265385E+002
   1183.06102   1.38455850E+002
   1181.72724   1.11347525E+002
   1180.39346   9.10884753E+001
   1179.05969   7.56876858E+001
   1177.72591   6.37773862E+001
   1176.39213   5.44150868E+001
   1175.05835   4.69439455E+001
   1173.72457   4.08993995E+001
   1172.39080   3.59476410E+001
   1171.05702   3.18450050E+001
   1169.72324   2.84109100E+001
   1168.38946   2.55095958E+001
   1167.05569   2.30376238E+001
   1165.72191   2.09151943E+001
   1164.38813   1.90800296E+001
   1163.05435   1.74830040E+001
   1161.72057   1.60849798E+001
   1160.38680   1.48544890E+001
   1159.05302   1.37660134E+001
   1157.71924   1.27986949E+001
   1156.38546   1.19353587E+001
   1155.05168   1.11617651E+001
   1153.71791   1.04660322E+001
   1152.38413   9.83818668E+000
   1151.05035   9.26981004E+000
   1149.71657   8.75375967E+000
   1148.38279   8.28394613E+000
   1147.04902   7.85515458E+000
   1145.71524   7.46290077E+000
   1144.38146   7.10331397E+000
   1143.04768   6.77304152E+000
   1141.71390   6.46917050E+000
   1140.38013   6.18916326E+000
   1139.04635   5.93080398E+000
   1137.71257   5.69215449E+000
   1136.37879   5.47151741E+000
   1135.04502   5.26740549E+000
   1133.71124   5.07851615E+000
   1132.37746   4.90371028E+000
   1131.04368   4.74199469E+000
   1129.70990   4.59250790E+000
   1128.37613   4.45450855E+000
   1127.04235   4.32736651E+000
   1125.70857   4.21055624E+000
   1124.37479   4.10365247E+000
   1123.04101   4.00632812E+000
   1121.70724   3.91835460E+000
   1120.37346   3.83960470E+000
   1119.03968   3.77005832E+000
   1117.70590   3.70981173E+000
   1116.37212   3.65909096E+000
   1115.03835   3.61827037E+000
   1113.70457   3.58789794E+000
   1112.37079   3.56872914E+000
   1111.03701   3.56177233E+000
   1109.70323   3.56834959E+000
   1108.36946   3.59017850E+000
   1107.03568   3.62948312E+000
   1105.70190   3.68914574E+000
   1104.36812   3.77291657E+000
   1103.03434   3.88570709E+000
   1101.70057   4.03400567E+000
   1100.36679   4.22647448E+000
   1099.03301   4.47481907E+000
   1097.69923   4.79507330E+000
   1096.36546   5.20952279E+000
   1095.03168   5.74961423E+000
   1093.69790   6.46037373E+000
   1092.36412   7.40705283E+000
   1091.03034   8.68472594E+000
   1089.69657   1.04305126E+001
   1088.36279   1.28329835E+001
   1087.02901   1.61151436E+001
   1085.69523   2.04173506E+001
   1084.36145   2.54315716E+001
   1083.02768   2.97963240E+001
   1081.69390   3.12553512E+001
   1080.36012   2.88007548E+001
   1079.02634   2.40084698E+001
   1077.69256   1.90357261E+001
   1076.35879   1.49288946E+001
   1075.02501   1.18281622E+001
   1073.69123   9.55023988E+000
   1072.35745   7.87569885E+000
   1071.02367   6.62914963E+000
   1069.68990   5.68530483E+000
   1068.35612   4.95771283E+000
   1067.02234   4.38701908E+000
   1065.68856   3.93217300E+000
   1064.35478   3.56443737E+000
   1063.02101   3.26343412E+000
   1061.68723   3.01455699E+000
   1060.35345   2.80728252E+000
   1059.01967   2.63407542E+000
   1057.68590   2.48969419E+000
   1056.35212   2.37075804E+000
   1055.01834   2.27540983E+000
   1053.68456   2.20270205E+000
   1052.35078   2.15077577E+000
   1051.01701   2.11245511E+000
   1049.68323   2.07031823E+000
   1048.34945   2.00376763E+000
   1047.01567   1.91070452E+000
   1045.68189   1.80896812E+000
   1044.34812   1.71466820E+000
   1043.01434   1.63332766E+000
   1041.68056   1.56429330E+000
   1040.34678   1.50522579E+000
   1039.01300   1.45389106E+000
   1037.67923   1.40855796E+000
   1036.34545   1.36796120E+000
   1035.01167   1.33118364E+000
   1033.67789   1.29755266E+000
   1032.34411   1.26656521E+000
   1031.01034   1.23783671E+000
   1029.67656   1.21106670E+000
   1028.34278   1.18601570E+000
   1027.00900   1.16248926E+000
   1025.67523   1.14032702E+000
   1024.34145   1.11939481E+000
   1023.00767   1.09957900E+000
   1021.67389   1.08078234E+000
   1020.34011   1.06292083E+000
   1019.00634   1.04592134E+000
   1017.67256   1.02971972E+000
   1016.33878   1.01425940E+000
   1015.00500   9.99490193E-001
   1013.67122   9.85367387E-001
   1012.33745   9.71850966E-001
   1011.00367   9.58904993E-001
   1009.66989   9.46497089E-001
   1008.33611   9.34597999E-001
   1007.00233   9.23181224E-001
   1005.66856   9.12222709E-001
   1004.33478   9.01700581E-001
   1003.00100   8.91594917E-001
   1001.66722   8.81887551E-001
   1000.33344   8.72561903E-001
    998.99967   8.63602833E-001
    997.66589   8.54996510E-001
    996.33211   8.46730300E-001
    994.99833   8.38792672E-001
    993.66455   8.31173106E-001
    992.33078   8.23862023E-001
    990.99700   8.16850715E-001
    989.66322   8.10131291E-001
    988.32944   8.03696622E-001
    986.99567   7.97540299E-001
    985.66189   7.91656593E-001
    984.32811   7.86040426E-001
    982.99433   7.80687336E-001
    981.66055   7.75593457E-001
    980.32678   7.70755499E-001
    978.99300   7.66170729E-001
    977.65922   7.61836959E-001
    976.32544   7.57752538E-001
    974.99166   7.53916342E-001
    973.65789   7.50327775E-001
    972.32411   7.46986764E-001
    970.99033   7.43893765E-001
    969.65655   7.41049768E-001
    968.32277   7.38456303E-001
    966.98900   7.36115456E-001
    965.65522   7.34029881E-001
    964.32144   7.32202817E-001
    962.98766   7.30638112E-001
    961.65388   7.29340250E-001
    960.32011   7.28314376E-001
    958.98633   7.27566330E-001
    957.65255   7.27102690E-001
    956.31877   7.26930809E-001
    954.98499   7.27058866E-001
    953.65122   7.27495920E-001
    952.31744   7.28251971E-001
    950.98366   7.29338029E-001
    949.64988   7.30766187E-001
    948.31611   7.32549706E-001
    946.98233   7.34703114E-001
    945.64855   7.37242304E-001
    944.31477   7.40184661E-001
    942.98099   7.43549185E-001
    941.64722   7.47356644E-001
    940.31344   7.51629735E-001
    938.97966   7.56393273E-001
    937.64588   7.61674394E-001
    936.31210   7.67502792E-001
    934.97833   7.73910979E-001
    933.64455   7.80934580E-001
    932.31077   7.88612672E-001
    930.97699   7.96988156E-001
    929.64321   8.06108188E-001
    928.30944   8.16024669E-001
    926.97566   8.26794795E-001
    925.64188   8.38481694E-001
    924.30810   8.51155147E-001
    922.97432   8.64892424E-001
    921.64055   8.79779234E-001
    920.30677   8.95910827E-001
    918.97299   9.13393275E-001
    917.63921   9.32344939E-001
    916.30544   9.52898199E-001
    914.97166   9.75201455E-001
    913.63788   9.99421479E-001
    912.30410   1.02574618E+000
    910.97032   1.05438786E+000
    909.63655   1.08558708E+000
    908.30277   1.11961727E+000
    906.96899   1.15679016E+000
    905.63521   1.19746242E+000
    904.30143   1.24204358E+000
    902.96766   1.29100562E+000
    901.63388   1.34489469E+000
    900.30010   1.40434543E+000
    898.96632   1.47009863E+000
    897.63254   1.54302312E+000
    896.29877   1.62414303E+000
    894.96499   1.71467204E+000
    893.63121   1.81605676E+000
    892.29743   1.93003198E+000
    890.96365   2.05869166E+000
    889.62988   2.20458106E+000
    888.29610   2.37081720E+000
    886.96232   2.56124819E+000
    885.62854   2.78066586E+000
    884.29476   3.03509310E+000
    882.96099   3.33217644E+000
    881.62721   3.68172952E+000
    880.29343   4.09649521E+000
    878.95965   4.59322964E+000
    877.62588   5.19426622E+000
    876.29210   5.92980546E+000
    874.95832   6.84131470E+000
    873.62454   7.98663903E+000
    872.29076   9.44775038E+000
    870.95699   1.13424970E+001
    869.62321   1.38420908E+001
    868.28943   1.71955390E+001
    866.95565   2.17575636E+001
    865.62187   2.79971029E+001
    864.28810   3.64003105E+001
    862.95432   4.70325715E+001
    861.62054   5.84279456E+001
    860.28676   6.64459162E+001
    858.95298   6.63524676E+001
    857.61921   5.82506697E+001
    856.28543   4.69263068E+001
    854.95165   3.64043118E+001
    853.61787   2.80620257E+001
    852.28409   2.18306443E+001
    850.95032   1.72532712E+001
    849.61654   1.38806507E+001
    848.28276   1.13647961E+001
    846.94898   9.45759750E+000
    845.61521   7.98712841E+000
    844.28143   6.83467121E+000
    842.94765   5.91757362E+000
    841.61387   5.17751653E+000
    840.28009   4.57271458E+000
    838.94632   4.07275581E+000
    837.61254   3.65516588E+000
    836.27876   3.30309421E+000
    834.94498   3.00373422E+000
    833.61120   2.74722934E+000
    832.27743   2.52590428E+000
    830.94365   2.33371737E+000
    829.60987   2.16586511E+000
    828.27609   2.01849305E+000
    826.94231   1.88848181E+000
    825.60854   1.77328704E+000
    824.27476   1.67081831E+000
    822.94098   1.57934672E+000
    821.60720   1.49743366E+000
    820.27342   1.42387542E+000
    818.93965   1.35765993E+000
    817.60587   1.29793247E+000
    816.27209   1.24396853E+000
    814.93831   1.19515216E+000
    813.60453   1.15095853E+000
    812.27076   1.11093988E+000
    810.93698   1.07471428E+000
    809.60320   1.04195637E+000
    808.26942   1.01239009E+000
    806.93565   9.85782671E-001
    805.60187   9.61940012E-001
    804.26809   9.40703024E-001
    802.93431   9.21944942E-001
    801.60053   9.05569467E-001
    800.26676   8.91509719E-001
    798.93298   8.79727985E-001
    797.59920   8.70216282E-001
    796.26542   8.62997822E-001
    794.93164   8.58129490E-001
    793.59787   8.55705525E-001
    792.26409   8.55862658E-001
    790.93031   8.58787083E-001
    789.59653   8.64723773E-001
    788.26275   8.73988846E-001
    786.92898   8.86985983E-001
    785.59520   9.04228291E-001
    784.26142   9.26367585E-001
    782.92764   9.54233935E-001
    781.59386   9.88889570E-001
    780.26009   1.03170317E+000
    778.92631   1.08445352E+000
    777.59253   1.14947595E+000
    776.25875   1.22987223E+000
    774.92497   1.32981559E+000
    773.59120   1.45500042E+000
    772.25742   1.61331430E+000
    770.92364   1.81585302E+000
    769.58986   2.07846224E+000
    768.25609   2.42406246E+000
    766.92231   2.88603731E+000
    765.58853   3.51267202E+000
    764.25475   4.37108181E+000
    762.92097   5.54338734E+000
    761.58720   7.09152512E+000
    760.25342   8.93856544E+000
    758.91964   1.06469601E+001
    757.58586   1.13953182E+001
    756.25208   1.06844578E+001
    754.91831   8.98514490E+000
    753.58453   7.12376404E+000
    752.25075   5.55358268E+000
    750.91697   4.35986013E+000
    749.58319   3.48276524E+000
    748.24942   2.83997281E+000
    746.91564   2.36368776E+000
    745.58186   2.00501302E+000
    744.24808   1.73011299E+000
    742.91430   1.51575091E+000
    741.58053   1.34586085E+000
    740.24675   1.20919045E+000
    738.91297   1.09773706E+000
    737.57919   1.00571793E+000
    736.24542   9.28888603E-001
    734.91164   8.64086879E-001
    733.57786   8.08923544E-001
    732.24408   7.61569621E-001
    730.91030   7.20607843E-001
    729.57653   6.84927501E-001
    728.24275   6.53648967E-001
    726.90897   6.26068819E-001
    725.57519   6.01619447E-001
    724.24141   5.79838970E-001
    722.90764   5.60348603E-001
    721.57386   5.42835437E-001
    720.24008   5.27039224E-001
    718.90630   5.12742135E-001
    717.57252   4.99760759E-001
    716.23875   4.87939810E-001
    714.90497   4.77147118E-001
    713.57119   4.67269646E-001
    712.23741   4.58210267E-001
    710.90363   4.49885170E-001
    709.56986   4.42221737E-001
    708.23608   4.35156811E-001
    706.90230   4.28635267E-001
    705.56852   4.22608827E-001
    704.23474   4.17035083E-001
    702.90097   4.11876668E-001
    701.56719   4.07100573E-001
    700.23341   4.02677563E-001
    698.89963   3.98581686E-001
    697.56586   3.94789859E-001
    696.23208   3.91281508E-001
    694.89830   3.88038268E-001
    693.56452   3.85043719E-001
    692.23074   3.82283166E-001
    690.89697   3.79743441E-001
    689.56319   3.77412739E-001
    688.22941   3.75280473E-001
    686.89563   3.73337145E-001
    685.56185   3.71574239E-001
    684.22808   3.69984122E-001
    682.89430   3.68559965E-001
    681.56052   3.67295664E-001
    680.22674   3.66185781E-001
    678.89296   3.65225483E-001
    677.55919   3.64410495E-001
    676.22541   3.63737058E-001
    674.89163   3.63201885E-001
    673.55785   3.62802134E-001
    672.22407   3.62535376E-001
    670.89030   3.62399568E-001
    669.55652   3.62393034E-001
    668.22274   3.62514443E-001
    666.88896   3.62762792E-001
    665.55519   3.63137395E-001
    664.22141   3.63637867E-001
    662.88763   3.64264118E-001
    661.55385   3.65016340E-001
    660.22007   3.65895007E-001
    658.88630   3.66900863E-001
    657.55252   3.68034926E-001
    656.21874   3.69298482E-001
    654.88496   3.70693084E-001
    653.55118   3.72220556E-001
    652.21741   3.73882995E-001
    650.88363   3.75682771E-001
    649.54985   3.77622539E-001
    648.21607   3.79705239E-001
    646.88229   3.81934105E-001
    645.54852   3.84312679E-001
    644.21474   3.86844814E-001
    642.88096   3.89534692E-001
    641.54718   3.92386835E-001
    640.21340   3.95406122E-001
    638.87963   3.98597803E-001
    637.54585   4.01967519E-001
    636.21207   4.05521326E-001
    634.87829   4.09265711E-001
    633.54451   4.13207624E-001
    632.21074   4.17354500E-001
    630.87696   4.21714294E-001
    629.54318   4.26295509E-001
    628.20940   4.31107235E-001
    626.87563   4.36159188E-001
    625.54185   4.41461752E-001
    624.20807   4.47026026E-001
    622.87429   4.52863878E-001
    621.54051   4.58987999E-001
    620.20674   4.65411963E-001
    618.87296   4.72150301E-001
    617.53918   4.79218566E-001
    616.20540   4.86633424E-001
    614.87162   4.94412736E-001
    613.53785   5.02575659E-001
    612.20407   5.11142757E-001
    610.87029   5.20136113E-001
    609.53651   5.29579470E-001
    608.20273   5.39498368E-001
    606.86896   5.49920308E-001
    605.53518   5.60874933E-001
    604.20140   5.72394220E-001
    602.86762   5.84512702E-001
    601.53384   5.97267711E-001
    600.20007   6.10699653E-001
    598.86629   6.24852305E-001
    597.53251   6.39773160E-001
    596.19873   6.55513802E-001
    594.86495   6.72130335E-001
    593.53118   6.89683860E-001
    592.19740   7.08241012E-001
    590.86362   7.27874571E-001
    589.52984   7.48664150E-001
    588.19607   7.70696968E-001
    586.86229   7.94068740E-001
    585.52851   8.18884682E-001
    584.19473   8.45260660E-001
    582.86095   8.73324502E-001
    581.52718   9.03217508E-001
    580.19340   9.35096180E-001
    578.85962   9.69134219E-001
    577.52584   1.00552484E+000
    576.19206   1.04448345E+000
    574.85829   1.08625077E+000
    573.52451   1.13109646E+000
    572.19073   1.17932340E+000
    570.85695   1.23127273E+000
    569.52317   1.28732971E+000
    568.18940   1.34793078E+000
    566.85562   1.41357189E+000
    565.52184   1.48481846E+000
    564.18806   1.56231736E+000
    562.85428   1.64681131E+000
    561.52051   1.73915641E+000
    560.18673   1.84034339E+000
    558.85295   1.95152375E+000
    557.51917   2.07404190E+000
    556.18540   2.20947504E+000
    554.85162   2.35968292E+000
    553.51784   2.52687038E+000
    552.18406   2.71366650E+000
    550.85028   2.92322558E+000
    549.51651   3.15935704E+000
    548.18273   3.42669399E+000
    546.84895   3.73091393E+000
    545.51517   4.07903078E+000
    544.18139   4.47978523E+000
    542.84762   4.94417247E+000
    541.51384   5.48616424E+000
    540.18006   6.12370923E+000
    538.84628   6.88013792E+000
    537.51250   7.78616300E+000
    536.17873   8.88276937E+000
    534.84495   1.02254502E+001
    533.51117   1.18905041E+001
    532.17739   1.39845100E+001
    530.84361   1.66587002E+001
    529.50984   2.01307405E+001
    528.17606   2.47170547E+001
    526.84228   3.08775860E+001
    525.50850   3.92653737E+001
    524.17472   5.07346131E+001
    522.84095   6.61374790E+001
    521.50717   8.54596369E+001
    520.17339   1.05727185E+002
    518.83961   1.19146076E+002
    517.50584   1.17553126E+002
    516.17206   1.02048997E+002
    514.83828   8.15093461E+001
    513.50450   6.28484011E+001
    512.17072   4.82573097E+001
    510.83695   3.74616203E+001
    509.50317   2.95712015E+001
    508.16939   2.37656204E+001
    506.83561   1.94324256E+001
    505.50183   1.61435350E+001
    504.16806   1.36048943E+001
    502.83428   1.16140414E+001
    501.50050   1.00300729E+001
    500.16672   8.75354665E+000
    498.83294   7.71324957E+000
    497.49917   6.85748377E+000
    496.16539   6.14828985E+000
    494.83161   5.55758929E+000
    493.49783   5.06460203E+000
    492.16405   4.65413855E+000
    490.83028   4.31552430E+000
    489.49650   4.04202354E+000
    488.16272   3.83070840E+000
    486.82894   3.68276871E+000
    485.49517   3.60423660E+000
    484.16139   3.60682429E+000
    482.82761   3.70745535E+000
    481.49383   3.92162912E+000
    480.16005   4.23869637E+000
    478.82628   4.56833947E+000
    477.49250   4.71068565E+000
    476.15872   4.49706782E+000
    474.82494   3.99748390E+000
    473.49116   3.42509420E+000
    472.15739   2.92035277E+000
    470.82361   2.51914050E+000
    469.48983   2.20957016E+000
    468.15605   1.96983529E+000
    466.82227   1.78097375E+000
    465.48850   1.62899677E+000
    464.15472   1.50408853E+000
    462.82094   1.39942526E+000
    461.48716   1.31022624E+000
    460.15338   1.23309077E+000
    458.81961   1.16555540E+000
    457.48583   1.10580134E+000
    456.15205   1.05246036E+000
    454.81827   1.00448455E+000
    453.48449   9.61057793E-001
    452.15072   9.21534524E-001
    450.81694   8.85396761E-001
    449.48316   8.52223471E-001
    448.14938   8.21668394E-001
    446.81561   7.93443749E-001
    445.48183   7.67308107E-001
    444.14805   7.43057247E-001
    442.81427   7.20517172E-001
    441.48049   6.99538721E-001
    440.14672   6.79993369E-001
    438.81294   6.61769924E-001
    437.47916   6.44771906E-001
    436.14538   6.28915456E-001
    434.81160   6.14127662E-001
    433.47783   6.00345209E-001
    432.14405   5.87513302E-001
    430.81027   5.75584797E-001
    429.47649   5.64519514E-001
    428.14271   5.54283709E-001
    426.80894   5.44849671E-001
    425.47516   5.36195442E-001
    424.14138   5.28304652E-001
    422.80760   5.21166447E-001
    421.47382   5.14775533E-001
    420.14005   5.09132324E-001
    418.80627   5.04243202E-001
    417.47249   5.00120907E-001
    416.13871   4.96785062E-001
    414.80493   4.94262875E-001
    413.47116   4.92590026E-001
    412.13738   4.91811787E-001
    410.80360   4.91984439E-001
    409.46982   4.93177024E-001
    408.13605   4.95473551E-001
    406.80227   4.98975737E-001
    405.46849   5.03806466E-001
    404.13471   5.10114132E-001
    402.80093   5.18078146E-001
    401.46716   5.27915967E-001
    400.13338   5.39892113E-001
    398.79960   5.54329845E-001
    397.46582   5.71626399E-001
    396.13204   5.92273065E-001
    394.79827   6.16881907E-001
    393.46449   6.46221704E-001
    392.13071   6.81266847E-001
    390.79693   7.23264689E-001
    389.46315   7.73829528E-001
    388.12938   8.35075524E-001
    386.79560   9.09807417E-001
    385.46182   1.00179814E+000
    384.12804   1.11619876E+000
    382.79426   1.26015199E+000
    381.46049   1.44371984E+000
    380.12671   1.68129241E+000
    378.79293   1.99370727E+000
    377.45915   2.41131268E+000
    376.12538   2.97787838E+000
    374.79160   3.75364695E+000
    373.45782   4.81007910E+000
    372.12404   6.19297504E+000
    370.79026   7.80653353E+000
    369.45649   9.21942384E+000
    368.12271   9.70917346E+000
    366.78893   8.94319085E+000
    365.45515   7.41881332E+000
    364.12137   5.82974542E+000
    362.78760   4.51596784E+000
    361.45382   3.52466772E+000
    360.12004   2.79763270E+000
    358.78626   2.26445938E+000
    357.45248   1.86874076E+000
    356.11871   1.57014818E+000
    354.78493   1.34084075E+000
    353.45115   1.16169314E+000
    352.11737   1.01946324E+000
    350.78359   9.04858905E-001
    349.44982   8.11258173E-001
    348.11604   7.33866289E-001
    346.78226   6.69157177E-001
    345.44848   6.14499090E-001
    344.11470   5.67900283E-001
    342.78093   5.27833699E-001
    341.44715   4.93114371E-001
    340.11337   4.62812452E-001
    338.77959   4.36190687E-001
    337.44582   4.12658875E-001
    336.11204   3.91740299E-001
    334.77826   3.73046691E-001
    333.44448   3.56259361E-001
    332.11070   3.41114838E-001
    330.77693   3.27393819E-001
    329.44315   3.14912610E-001
    328.10937   3.03516429E-001
    326.77559   2.93074121E-001
    325.44181   2.83473972E-001
    324.10804   2.74620349E-001
    322.77426   2.66431008E-001
    321.44048   2.58834899E-001
    320.10670   2.51770390E-001
    318.77292   2.45183803E-001
    317.43915   2.39028212E-001
    316.10537   2.33262444E-001
    314.77159   2.27850252E-001
    313.43781   2.22759621E-001
    312.10403   2.17962185E-001
    310.77026   2.13432736E-001
    309.43648   2.09148811E-001
    308.10270   2.05090334E-001
    306.76892   2.01239322E-001
    305.43515   1.97579619E-001
    304.10137   1.94096680E-001
    302.76759   1.90777380E-001
    301.43381   1.87609847E-001
    300.10003   1.84583321E-001
    298.76626   1.81688029E-001
    297.43248   1.78915077E-001
    296.09870   1.76256356E-001
    294.76492   1.73704457E-001
    293.43114   1.71252601E-001
    292.09737   1.68894574E-001
    290.76359   1.66624671E-001
    289.42981   1.64437642E-001
    288.09603   1.62328654E-001
    286.76225   1.60293248E-001
    285.42848   1.58327305E-001
    284.09470   1.56427011E-001
    282.76092   1.54588838E-001
    281.42714   1.52809509E-001
    280.09336   1.51085982E-001
    278.75959   1.49415428E-001
    277.42581   1.47795214E-001
    276.09203   1.46222883E-001
    274.75825   1.44696144E-001
    273.42447   1.43212858E-001
    272.09070   1.41771021E-001
    270.75692   1.40368762E-001
    269.42314   1.39004323E-001
    268.08936   1.37676058E-001
    266.75559   1.36382422E-001
    265.42181   1.35121962E-001
    264.08803   1.33893313E-001
    262.75425   1.32695190E-001
    261.42047   1.31526383E-001
    260.08670   1.30385751E-001
    258.75292   1.29272219E-001
    257.41914   1.28184772E-001
    256.08536   1.27122453E-001
    254.75158   1.26084356E-001
    253.41781   1.25069626E-001
    252.08403   1.24077454E-001
    250.75025   1.23107076E-001
    249.41647   1.22157767E-001
    248.08269   1.21228844E-001
    246.74892   1.20319657E-001
    245.41514   1.19429593E-001
    244.08136   1.18558071E-001
    242.74758   1.17704541E-001
    241.41380   1.16868484E-001
    240.08003   1.16049406E-001
    238.74625   1.15246843E-001
    237.41247   1.14460355E-001
    236.07869   1.13689527E-001
    234.74491   1.12933967E-001
    233.41114   1.12193307E-001
    232.07736   1.11467201E-001
    230.74358   1.10755322E-001
    229.40980   1.10057367E-001
    228.07603   1.09373052E-001
    226.74225   1.08702113E-001
    225.40847   1.08044304E-001
    224.07469   1.07399402E-001
    222.74091   1.06767200E-001
    221.40714   1.06147513E-001
    220.07336   1.05540174E-001
    218.73958   1.04945036E-001
    217.40580   1.04361972E-001
    216.07202   1.03790876E-001
    214.73825   1.03231662E-001
    213.40447   1.02684266E-001
    212.07069   1.02148649E-001
    210.73691   1.01624793E-001
    209.40313   1.01112706E-001
    208.06936   1.00612423E-001
    206.73558   1.00124006E-001
    205.40180   9.96475486E-002
    204.06802   9.91831772E-002
    202.73424   9.87310529E-002
    201.40047   9.82913753E-002
    200.06669   9.78643866E-002
    198.73291   9.74503751E-002
    197.39913   9.70496800E-002
    196.06536   9.66626976E-002
    194.73158   9.62898871E-002
    193.39780   9.59317783E-002
    192.06402   9.55889801E-002
    190.73024   9.52621911E-002
    189.39647   9.49522107E-002
    188.06269   9.46599532E-002
    186.72891   9.43864639E-002
    185.39513   9.41329381E-002
    184.06135   9.39007438E-002
    182.72758   9.36914479E-002
    181.39380   9.35068483E-002
    180.06002   9.33490113E-002
    178.72624   9.32203179E-002
    177.39246   9.31235179E-002
    176.05869   9.30617965E-002
    174.72491   9.30388559E-002
    173.39113   9.30590137E-002
    172.05735   9.31273255E-002
    170.72357   9.32497361E-002
    169.38980   9.34332690E-002
    168.05602   9.36862627E-002
    166.72224   9.40186716E-002
    165.38846   9.44424486E-002
    164.05468   9.49720366E-002
    162.72091   9.56250068E-002
    161.38713   9.64228930E-002
    160.05335   9.73922952E-002
    158.71957   9.85663529E-002
    157.38580   9.99867355E-002
    156.05202   1.01706362E-001
    154.71824   1.03793168E-001
    153.38446   1.06335383E-001
    152.05068   1.09449045E-001
    150.71691   1.13288841E-001
    149.38313   1.18063968E-001
    148.04935   1.24061705E-001
    146.71557   1.31682832E-001
    145.38179   1.41495340E-001
    144.04802   1.54315883E-001
    142.71424   1.71330996E-001
    141.38046   1.94266473E-001
    140.04668   2.25580920E-001
    138.71290   2.68524723E-001
    137.37913   3.26467435E-001
    136.04535   3.99859879E-001
    134.71157   4.78525768E-001
    133.37779   5.33705864E-001
    132.04401   5.32469025E-001
    130.71024   4.75484913E-001
    129.37646   3.96117099E-001
    128.04268   3.22589611E-001
    126.70890   2.64604021E-001
    125.37513   2.21535009E-001
    124.04135   1.89990612E-001
    122.70757   1.66741479E-001
    121.37379   1.49354187E-001
    120.04001   1.36122891E-001
    118.70624   1.25875321E-001
    117.37246   1.17804839E-001
    116.03868   1.11350626E-001
    114.70490   1.06117279E-001
    113.37112   1.01821815E-001
    112.03735   9.82587433E-002
    110.70357   9.52768490E-002
    109.36979   9.27635958E-002
    108.03601   9.06345157E-002
    106.70223   8.88259185E-002
    105.36846   8.72898471E-002
    104.03468   8.59905920E-002
    102.70090   8.49023199E-002
    101.36712   8.40075396E-002
    100.03334   8.32962411E-002
     98.69957   8.27656347E-002
     97.36579   8.24204948E-002
     96.03201   8.22741994E-002
     94.69823   8.23506642E-002
     93.36445   8.26875205E-002
     92.03068   8.33411181E-002
     90.69690   8.43942789E-002
     89.36312   8.59682359E-002
     88.02934   8.82408296E-002
     86.69557   9.14734327E-002
     85.36179   9.60475446E-002
     84.02801   1.02502365E-001
     82.69423   1.11527228E-001
     81.36045   1.23748173E-001
     80.02668   1.38911053E-001
     78.69290   1.54092886E-001
     77.35912   1.62658920E-001
     76.02534   1.58914863E-001
     74.69156   1.45152067E-001
     73.35779   1.28574738E-001
     72.02401   1.13992285E-001
     70.69023   1.02672633E-001
     69.35645   9.42493454E-002
     68.02267   8.80093196E-002
     66.68890   8.33302089E-002
     65.35512   7.97548524E-002
     64.02134   7.69651437E-002
     62.68756   7.47425170E-002
     61.35378   7.29361006E-002
     60.02001   7.14404815E-002
     58.68623   7.01808832E-002
     57.35245   6.91034020E-002
     56.01867   6.81685562E-002
     54.68489   6.73469806E-002
     53.35112   6.66165159E-002
     52.01734   6.59602119E-002
     50.68356   6.53649382E-002
     49.34978   6.48204027E-002
     48.01601   6.43184494E-002
     46.68223   6.38525491E-002
     45.34845   6.34174251E-002
     44.01467   6.30087747E-002
     42.68089   6.26230610E-002
     41.34712   6.22573536E-002
     40.01334   6.19092069E-002
     38.67956   6.15765665E-002
     37.34578   6.12576950E-002
     36.01200   6.09511146E-002
     34.67823   6.06555611E-002
     33.34445   6.03699470E-002
     32.01067   6.00933322E-002
     30.67689   5.98249004E-002
     29.34311   5.95639388E-002
     28.00934   5.93098232E-002
     26.67556   5.90620040E-002
     25.34178   5.88199956E-002
     24.00800   5.85833677E-002
     22.67422   5.83517371E-002
     21.34045   5.81247615E-002
     20.00667   5.79021345E-002
     18.67289   5.76835806E-002
     17.33911   5.74688514E-002
     16.00534   5.72577224E-002
     14.67156   5.70499901E-002
     13.33778   5.68454694E-002
     12.00400   5.66439919E-002
     10.67022   5.64454034E-002
      9.33645   5.62495630E-002
      8.00267   5.60563412E-002
      6.66889   5.58656190E-002
      5.33511   5.56772867E-002
      4.00133   5.54912429E-002
      2.66756   5.53073939E-002
      1.33378   5.51256526E-002
      0.00000   5.49459384E-002
