   4000.00000   6.94327338E-002
   3998.66622   6.96438254E-002
   3997.33244   6.98562643E-002
   3995.99867   7.00700640E-002
   3994.66489   7.02852382E-002
   3993.33111   7.05018008E-002
   3991.99733   7.07197658E-002
   3990.66355   7.09391476E-002
   3989.32978   7.11599606E-002
   3987.99600   7.13822195E-002
   3986.66222   7.16059391E-002
   3985.32844   7.18311346E-002
   3983.99466   7.20578212E-002
   3982.66089   7.22860144E-002
   3981.32711   7.25157299E-002
   3979.99333   7.27469836E-002
   3978.65955   7.29797918E-002
   3977.32578   7.32141707E-002
   3975.99200   7.34501370E-002
   3974.65822   7.36877076E-002
   3973.32444   7.39268995E-002
   3971.99066   7.41677301E-002
   3970.65689   7.44102169E-002
   3969.32311   7.46543777E-002
   3967.98933   7.49002308E-002
   3966.65555   7.51477943E-002
   3965.32177   7.53970870E-002
   3963.98800   7.56481276E-002
   3962.65422   7.59009354E-002
   3961.32044   7.61555298E-002
   3959.98666   7.64119306E-002
   3958.65288   7.66701577E-002
   3957.31911   7.69302315E-002
   3955.98533   7.71921725E-002
   3954.65155   7.74560018E-002
   3953.31777   7.77217405E-002
   3951.98399   7.79894101E-002
   3950.65022   7.82590327E-002
   3949.31644   7.85306303E-002
   3947.98266   7.88042255E-002
   3946.64888   7.90798413E-002
   3945.31511   7.93575008E-002
   3943.98133   7.96372276E-002
   3942.64755   7.99190457E-002
   3941.31377   8.02029794E-002
   3939.97999   8.04890535E-002
   3938.64622   8.07772929E-002
   3937.31244   8.10677232E-002
   3935.97866   8.13603703E-002
   3934.64488   8.16552604E-002
   3933.31110   8.19524202E-002
   3931.97733   8.22518768E-002
   3930.64355   8.25536578E-002
   3929.30977   8.28577912E-002
   3927.97599   8.31643054E-002
   3926.64221   8.34732293E-002
   3925.30844   8.37845922E-002
   3923.97466   8.40984240E-002
   3922.64088   8.44147549E-002
   3921.30710   8.47336159E-002
   3919.97332   8.50550381E-002
   3918.63955   8.53790534E-002
   3917.30577   8.57056942E-002
   3915.97199   8.60349932E-002
   3914.63821   8.63669841E-002
   3913.30443   8.67017007E-002
   3911.97066   8.70391775E-002
   3910.63688   8.73794498E-002
   3909.30310   8.77225531E-002
   3907.96932   8.80685240E-002
   3906.63555   8.84173992E-002
   3905.30177   8.87692163E-002
   3903.96799   8.91240136E-002
   3902.63421   8.94818299E-002
   3901.30043   8.98427047E-002
   3899.96666   9.02066783E-002
   3898.63288   9.05737916E-002
   3897.29910   9.09440862E-002
   3895.96532   9.13176044E-002
   3894.63154   9.16943894E-002
   3893.29777   9.20744850E-002
   3891.96399   9.24579358E-002
   3890.63021   9.28447873E-002
   3889.29643   9.32350856E-002
   3887.96265   9.36288780E-002
   3886.62888   9.40262122E-002
   3885.29510   9.44271371E-002
   3883.96132   9.48317022E-002
   3882.62754   9.52399582E-002
   3881.29376   9.56519566E-002
   3879.95999   9.60677498E-002
   3878.62621   9.64873911E-002
   3877.29243   9.69109349E-002
   3875.95865   9.73384367E-002
   3874.62487   9.77699529E-002
   3873.29110   9.82055409E-002
   3871.95732   9.86452593E-002
   3870.62354   9.90891678E-002
   3869.28976   9.95373271E-002
   3867.95599   9.99897993E-002
   3866.62221   1.00446647E-001
   3865.28843   1.00907936E-001
   3863.95465   1.01373730E-001
   3862.62087   1.01844097E-001
   3861.28710   1.02319105E-001
   3859.95332   1.02798823E-001
   3858.61954   1.03283323E-001
   3857.28576   1.03772676E-001
   3855.95198   1.04266956E-001
   3854.61821   1.04766238E-001
   3853.28443   1.05270599E-001
   3851.95065   1.05780117E-001
   3850.61687   1.06294873E-001
   3849.28309   1.06814946E-001
   3847.94932   1.07340420E-001
   3846.61554   1.07871380E-001
   3845.28176   1.08407913E-001
   3843.94798   1.08950105E-001
   3842.61420   1.09498049E-001
   3841.28043   1.10051834E-001
   3839.94665   1.10611556E-001
   3838.61287   1.11177310E-001
   3837.27909   1.11749193E-001
   3835.94532   1.12327306E-001
   3834.61154   1.12911750E-001
   3833.27776   1.13502630E-001
   3831.94398   1.14100052E-001
   3830.61020   1.14704124E-001
   3829.27643   1.15314958E-001
   3827.94265   1.15932667E-001
   3826.60887   1.16557367E-001
   3825.27509   1.17189177E-001
   3823.94131   1.17828216E-001
   3822.60754   1.18474610E-001
   3821.27376   1.19128484E-001
   3819.93998   1.19789968E-001
   3818.60620   1.20459193E-001
   3817.27242   1.21136296E-001
   3815.93865   1.21821414E-001
   3814.60487   1.22514689E-001
   3813.27109   1.23216265E-001
   3811.93731   1.23926291E-001
   3810.60353   1.24644916E-001
   3809.26976   1.25372297E-001
   3807.93598   1.26108592E-001
   3806.60220   1.26853963E-001
   3805.26842   1.27608575E-001
   3803.93464   1.28372600E-001
   3802.60087   1.29146210E-001
   3801.26709   1.29929585E-001
   3799.93331   1.30722905E-001
   3798.59953   1.31526359E-001
   3797.26576   1.32340137E-001
   3795.93198   1.33164436E-001
   3794.59820   1.33999456E-001
   3793.26442   1.34845403E-001
   3791.93064   1.35702488E-001
   3790.59687   1.36570927E-001
   3789.26309   1.37450941E-001
   3787.92931   1.38342758E-001
   3786.59553   1.39246611E-001
   3785.26175   1.40162738E-001
   3783.92798   1.41091385E-001
   3782.59420   1.42032802E-001
   3781.26042   1.42987246E-001
   3779.92664   1.43954984E-001
   3778.59286   1.44936285E-001
   3777.25909   1.45931428E-001
   3775.92531   1.46940699E-001
   3774.59153   1.47964391E-001
   3773.25775   1.49002806E-001
   3771.92397   1.50056253E-001
   3770.59020   1.51125050E-001
   3769.25642   1.52209522E-001
   3767.92264   1.53310005E-001
   3766.58886   1.54426843E-001
   3765.25509   1.55560391E-001
   3763.92131   1.56711012E-001
   3762.58753   1.57879080E-001
   3761.25375   1.59064980E-001
   3759.91997   1.60269106E-001
   3758.58620   1.61491866E-001
   3757.25242   1.62733677E-001
   3755.91864   1.63994971E-001
   3754.58486   1.65276189E-001
   3753.25108   1.66577788E-001
   3751.91731   1.67900235E-001
   3750.58353   1.69244015E-001
   3749.24975   1.70609624E-001
   3747.91597   1.71997574E-001
   3746.58219   1.73408393E-001
   3745.24842   1.74842624E-001
   3743.91464   1.76300826E-001
   3742.58086   1.77783577E-001
   3741.24708   1.79291472E-001
   3739.91330   1.80825123E-001
   3738.57953   1.82385162E-001
   3737.24575   1.83972243E-001
   3735.91197   1.85587037E-001
   3734.57819   1.87230240E-001
   3733.24441   1.88902566E-001
   3731.91064   1.90604756E-001
   3730.57686   1.92337573E-001
   3729.24308   1.94101805E-001
   3727.90930   1.95898267E-001
   3726.57553   1.97727800E-001
   3725.24175   1.99591272E-001
   3723.90797   2.01489584E-001
   3722.57419   2.03423662E-001
   3721.24041   2.05394468E-001
   3719.90664   2.07402994E-001
   3718.57286   2.09450269E-001
   3717.23908   2.11537355E-001
   3715.90530   2.13665352E-001
   3714.57152   2.15835400E-001
   3713.23775   2.18048679E-001
   3711.90397   2.20306409E-001
   3710.57019   2.22609857E-001
   3709.23641   2.24960334E-001
   3707.90263   2.27359200E-001
   3706.56886   2.29807864E-001
   3705.23508   2.32307788E-001
   3703.90130   2.34860489E-001
   3702.56752   2.37467539E-001
   3701.23374   2.40130573E-001
   3699.89997   2.42851285E-001
   3698.56619   2.45631437E-001
   3697.23241   2.48472859E-001
   3695.89863   2.51377451E-001
   3694.56485   2.54347190E-001
   3693.23108   2.57384129E-001
   3691.89730   2.60490407E-001
   3690.56352   2.63668246E-001
   3689.22974   2.66919960E-001
   3687.89597   2.70247959E-001
   3686.56219   2.73654752E-001
   3685.22841   2.77142952E-001
   3683.89463   2.80715283E-001
   3682.56085   2.84374586E-001
   3681.22708   2.88123821E-001
   3679.89330   2.91966078E-001
   3678.55952   2.95904581E-001
   3677.22574   2.99942697E-001
   3675.89196   3.04083941E-001
   3674.55819   3.08331986E-001
   3673.22441   3.12690673E-001
   3671.89063   3.17164014E-001
   3670.55685   3.21756210E-001
   3669.22307   3.26471655E-001
   3667.88930   3.31314950E-001
   3666.55552   3.36290913E-001
   3665.22174   3.41404594E-001
   3663.88796   3.46661284E-001
   3662.55418   3.52066536E-001
   3661.22041   3.57626173E-001
   3659.88663   3.63346308E-001
   3658.55285   3.69233364E-001
   3657.21907   3.75294085E-001
   3655.88530   3.81535566E-001
   3654.55152   3.87965265E-001
   3653.21774   3.94591034E-001
   3651.88396   4.01421137E-001
   3650.55018   4.08464281E-001
   3649.21641   4.15729646E-001
   3647.88263   4.23226909E-001
   3646.54885   4.30966284E-001
   3645.21507   4.38958557E-001
   3643.88129   4.47215119E-001
   3642.54752   4.55748016E-001
   3641.21374   4.64569987E-001
   3639.87996   4.73694516E-001
   3638.54618   4.83135887E-001
   3637.21240   4.92909237E-001
   3635.87863   5.03030620E-001
   3634.54485   5.13517075E-001
   3633.21107   5.24386699E-001
   3631.87729   5.35658725E-001
   3630.54351   5.47353614E-001
   3629.20974   5.59493143E-001
   3627.87596   5.72100513E-001
   3626.54218   5.85200460E-001
   3625.20840   5.98819380E-001
   3623.87462   6.12985461E-001
   3622.54085   6.27728836E-001
   3621.20707   6.43081742E-001
   3619.87329   6.59078702E-001
   3618.53951   6.75756719E-001
   3617.20574   6.93155492E-001
   3615.87196   7.11317661E-001
   3614.53818   7.30289067E-001
   3613.20440   7.50119044E-001
   3611.87062   7.70860747E-001
   3610.53685   7.92571508E-001
   3609.20307   8.15313240E-001
   3607.86929   8.39152880E-001
   3606.53551   8.64162886E-001
   3605.20173   8.90421792E-001
   3603.86796   9.18014830E-001
   3602.53418   9.47034626E-001
   3601.20040   9.77581982E-001
   3599.86662   1.00976676E+000
   3598.53284   1.04370886E+000
   3597.19907   1.07953936E+000
   3595.86529   1.11740179E+000
   3594.53151   1.15745354E+000
   3593.19773   1.19986755E+000
   3591.86395   1.24483413E+000
   3590.53018   1.29256313E+000
   3589.19640   1.34328639E+000
   3587.86262   1.39726055E+000
   3586.52884   1.45477027E+000
   3585.19507   1.51613205E+000
   3583.86129   1.58169849E+000
   3582.52751   1.65186340E+000
   3581.19373   1.72706770E+000
   3579.85995   1.80780629E+000
   3578.52618   1.89463618E+000
   3577.19240   1.98818605E+000
   3575.85862   2.08916757E+000
   3574.52484   2.19838884E+000
   3573.19106   2.31677045E+000
   3571.85729   2.44536475E+000
   3570.52351   2.58537897E+000
   3569.18973   2.73820336E+000
   3567.85595   2.90544530E+000
   3566.52217   3.08897107E+000
   3565.18840   3.29095728E+000
   3563.85462   3.51395449E+000
   3562.52084   3.76096656E+000
   3561.18706   4.03555005E+000
   3559.85328   4.34194000E+000
   3558.51951   4.68520996E+000
   3557.18573   5.07147742E+000
   3555.85195   5.50816988E+000
   3554.51817   6.00437242E+000
   3553.18439   6.57128641E+000
   3551.85062   7.22284107E+000
   3550.51684   7.97651800E+000
   3549.18306   8.85447591E+000
   3547.84928   9.88510415E+000
   3546.51551   1.11051970E+001
   3545.18173   1.25630394E+001
   3543.84795   1.43228485E+001
   3542.51417   1.64712620E+001
   3541.18039   1.91269508E+001
   3539.84662   2.24550448E+001
   3538.51284   2.66889844E+001
   3537.17906   3.21636847E+001
   3535.84528   3.93651459E+001
   3534.51150   4.90008476E+001
   3533.17773   6.20845042E+001
   3531.84395   7.99812609E+001
   3530.51017   1.04199216E+002
   3529.17639   1.35306437E+002
   3527.84261   1.69928134E+002
   3526.50884   1.96837602E+002
   3525.17506   2.00905143E+002
   3523.84128   1.79330047E+002
   3522.50750   1.45421947E+002
   3521.17372   1.12644076E+002
   3519.83995   8.63688500E+001
   3518.50617   6.67673829E+001
   3517.17239   5.24296496E+001
   3515.83861   4.19048636E+001
   3514.50483   3.40760513E+001
   3513.17106   2.81547513E+001
   3511.83728   2.35982886E+001
   3510.50350   2.00334767E+001
   3509.16972   1.72011952E+001
   3507.83595   1.49189737E+001
   3506.50217   1.30562896E+001
   3505.16839   1.15182877E+001
   3503.83461   1.02349656E+001
   3502.50083   9.15390439E+000
   3501.16706   8.23531154E+000
   3499.83328   7.44859346E+000
   3498.49950   6.76994950E+000
   3497.16572   6.18065992E+000
   3495.83194   5.66585114E+000
   3494.49817   5.21359379E+000
   3493.16439   4.81423592E+000
   3491.83061   4.45990457E+000
   3490.49683   4.14412902E+000
   3489.16305   3.86155345E+000
   3487.82928   3.60771546E+000
   3486.49550   3.37887404E+000
   3485.16172   3.17187473E+000
   3483.82794   2.98404318E+000
   3482.49416   2.81310044E+000
   3481.16039   2.65709514E+000
   3479.82661   2.51434878E+000
   3478.49283   2.38341138E+000
   3477.15905   2.26302526E+000
   3475.82528   2.15209534E+000
   3474.49150   2.04966461E+000
   3473.15772   1.95489387E+000
   3471.82394   1.86704473E+000
   3470.49016   1.78546552E+000
   3469.15639   1.70957932E+000
   3467.82261   1.63887400E+000
   3466.48883   1.57289365E+000
   3465.15505   1.51123136E+000
   3463.82127   1.45352306E+000
   3462.48750   1.39944222E+000
   3461.15372   1.34869533E+000
   3459.81994   1.30101795E+000
   3458.48616   1.25617136E+000
   3457.15238   1.21393958E+000
   3455.81861   1.17412688E+000
   3454.48483   1.13655550E+000
   3453.15105   1.10106373E+000
   3451.81727   1.06750421E+000
   3450.48349   1.03574243E+000
   3449.14972   1.00565539E+000
   3447.81594   9.77130467E-001
   3446.48216   9.50064368E-001
   3445.14838   9.24362228E-001
   3443.81460   8.99936795E-001
   3442.48083   8.76707710E-001
   3441.14705   8.54600867E-001
   3439.81327   8.33547838E-001
   3438.47949   8.13485361E-001
   3437.14572   7.94354879E-001
   3435.81194   7.76102128E-001
   3434.47816   7.58676764E-001
   3433.14438   7.42032031E-001
   3431.81060   7.26124460E-001
   3430.47683   7.10913593E-001
   3429.14305   6.96361740E-001
   3427.80927   6.82433753E-001
   3426.47549   6.69096827E-001
   3425.14171   6.56320312E-001
   3423.80794   6.44075549E-001
   3422.47416   6.32335717E-001
   3421.14038   6.21075690E-001
   3419.80660   6.10271918E-001
   3418.47282   5.99902304E-001
   3417.13905   5.89946101E-001
   3415.80527   5.80383815E-001
   3414.47149   5.71197115E-001
   3413.13771   5.62368753E-001
   3411.80393   5.53882484E-001
   3410.47016   5.45723006E-001
   3409.13638   5.37875885E-001
   3407.80260   5.30327505E-001
   3406.46882   5.23065013E-001
   3405.13505   5.16076264E-001
   3403.80127   5.09349778E-001
   3402.46749   5.02874700E-001
   3401.13371   4.96640755E-001
   3399.79993   4.90638217E-001
   3398.46616   4.84857869E-001
   3397.13238   4.79290977E-001
   3395.79860   4.73929259E-001
   3394.46482   4.68764855E-001
   3393.13104   4.63790307E-001
   3391.79727   4.58998529E-001
   3390.46349   4.54382792E-001
   3389.12971   4.49936698E-001
   3387.79593   4.45654165E-001
   3386.46215   4.41529405E-001
   3385.12838   4.37556912E-001
   3383.79460   4.33731442E-001
   3382.46082   4.30048003E-001
   3381.12704   4.26501839E-001
   3379.79326   4.23088414E-001
   3378.45949   4.19803408E-001
   3377.12571   4.16642699E-001
   3375.79193   4.13602355E-001
   3374.45815   4.10678625E-001
   3373.12437   4.07867927E-001
   3371.79060   4.05166843E-001
   3370.45682   4.02572109E-001
   3369.12304   4.00080606E-001
   3367.78926   3.97689355E-001
   3366.45549   3.95395509E-001
   3365.12171   3.93196348E-001
   3363.78793   3.91089271E-001
   3362.45415   3.89071793E-001
   3361.12037   3.87141534E-001
   3359.78660   3.85296223E-001
   3358.45282   3.83533685E-001
   3357.11904   3.81851841E-001
   3355.78526   3.80248701E-001
   3354.45148   3.78722363E-001
   3353.11771   3.77271008E-001
   3351.78393   3.75892894E-001
   3350.45015   3.74586356E-001
   3349.11637   3.73349803E-001
   3347.78259   3.72181711E-001
   3346.44882   3.71080624E-001
   3345.11504   3.70045150E-001
   3343.78126   3.69073957E-001
   3342.44748   3.68165773E-001
   3341.11370   3.67319384E-001
   3339.77993   3.66533628E-001
   3338.44615   3.65807396E-001
   3337.11237   3.65139631E-001
   3335.77859   3.64529322E-001
   3334.44481   3.63975508E-001
   3333.11104   3.63477271E-001
   3331.77726   3.63033736E-001
   3330.44348   3.62644073E-001
   3329.10970   3.62307489E-001
   3327.77593   3.62023232E-001
   3326.44215   3.61790590E-001
   3325.10837   3.61608885E-001
   3323.77459   3.61477476E-001
   3322.44081   3.61395755E-001
   3321.10704   3.61363152E-001
   3319.77326   3.61379124E-001
   3318.43948   3.61443163E-001
   3317.10570   3.61554793E-001
   3315.77192   3.61713564E-001
   3314.43815   3.61919059E-001
   3313.10437   3.62170889E-001
   3311.77059   3.62468690E-001
   3310.43681   3.62812129E-001
   3309.10303   3.63200898E-001
   3307.76926   3.63634714E-001
   3306.43548   3.64113322E-001
   3305.10170   3.64636490E-001
   3303.76792   3.65204011E-001
   3302.43414   3.65815704E-001
   3301.10037   3.66471409E-001
   3299.76659   3.67170991E-001
   3298.43281   3.67914339E-001
   3297.09903   3.68701362E-001
   3295.76526   3.69531994E-001
   3294.43148   3.70406191E-001
   3293.09770   3.71323929E-001
   3291.76392   3.72285208E-001
   3290.43014   3.73290049E-001
   3289.09637   3.74338494E-001
   3287.76259   3.75430608E-001
   3286.42881   3.76566474E-001
   3285.09503   3.77746200E-001
   3283.76125   3.78969912E-001
   3282.42748   3.80237760E-001
   3281.09370   3.81549912E-001
   3279.75992   3.82906560E-001
   3278.42614   3.84307916E-001
   3277.09236   3.85754212E-001
   3275.75859   3.87245703E-001
   3274.42481   3.88782665E-001
   3273.09103   3.90365395E-001
   3271.75725   3.91994212E-001
   3270.42347   3.93669457E-001
   3269.08970   3.95391493E-001
   3267.75592   3.97160704E-001
   3266.42214   3.98977500E-001
   3265.08836   4.00842310E-001
   3263.75458   4.02755588E-001
   3262.42081   4.04717810E-001
   3261.08703   4.06729477E-001
   3259.75325   4.08791114E-001
   3258.41947   4.10903270E-001
   3257.08570   4.13066520E-001
   3255.75192   4.15281462E-001
   3254.41814   4.17548721E-001
   3253.08436   4.19868949E-001
   3251.75058   4.22242825E-001
   3250.41681   4.24671054E-001
   3249.08303   4.27154370E-001
   3247.74925   4.29693535E-001
   3246.41547   4.32289341E-001
   3245.08169   4.34942609E-001
   3243.74792   4.37654191E-001
   3242.41414   4.40424972E-001
   3241.08036   4.43255867E-001
   3239.74658   4.46147825E-001
   3238.41280   4.49101829E-001
   3237.07903   4.52118897E-001
   3235.74525   4.55200083E-001
   3234.41147   4.58346478E-001
   3233.07769   4.61559211E-001
   3231.74391   4.64839448E-001
   3230.41014   4.68188399E-001
   3229.07636   4.71607312E-001
   3227.74258   4.75097481E-001
   3226.40880   4.78660241E-001
   3225.07503   4.82296974E-001
   3223.74125   4.86009110E-001
   3222.40747   4.89798125E-001
   3221.07369   4.93665548E-001
   3219.73991   4.97612957E-001
   3218.40614   5.01641986E-001
   3217.07236   5.05754323E-001
   3215.73858   5.09951714E-001
   3214.40480   5.14235964E-001
   3213.07102   5.18608941E-001
   3211.73725   5.23072574E-001
   3210.40347   5.27628861E-001
   3209.06969   5.32279867E-001
   3207.73591   5.37027729E-001
   3206.40213   5.41874656E-001
   3205.06836   5.46822935E-001
   3203.73458   5.51874934E-001
   3202.40080   5.57033102E-001
   3201.06702   5.62299974E-001
   3199.73324   5.67678175E-001
   3198.39947   5.73170422E-001
   3197.06569   5.78779532E-001
   3195.73191   5.84508418E-001
   3194.39813   5.90360103E-001
   3193.06435   5.96337715E-001
   3191.73058   6.02444499E-001
   3190.39680   6.08683818E-001
   3189.06302   6.15059160E-001
   3187.72924   6.21574141E-001
   3186.39547   6.28232512E-001
   3185.06169   6.35038167E-001
   3183.72791   6.41995148E-001
   3182.39413   6.49107648E-001
   3181.06035   6.56380024E-001
   3179.72658   6.63816802E-001
   3178.39280   6.71422684E-001
   3177.05902   6.79202557E-001
   3175.72524   6.87161502E-001
   3174.39146   6.95304804E-001
   3173.05769   7.03637960E-001
   3171.72391   7.12166693E-001
   3170.39013   7.20896958E-001
   3169.05635   7.29834959E-001
   3167.72257   7.38987158E-001
   3166.38880   7.48360290E-001
   3165.05502   7.57961377E-001
   3163.72124   7.67797742E-001
   3162.38746   7.77877028E-001
   3161.05368   7.88207209E-001
   3159.71991   7.98796615E-001
   3158.38613   8.09653949E-001
   3157.05235   8.20788304E-001
   3155.71857   8.32209190E-001
   3154.38479   8.43926557E-001
   3153.05102   8.55950817E-001
   3151.71724   8.68292875E-001
   3150.38346   8.80964152E-001
   3149.04968   8.93976626E-001
   3147.71591   9.07342854E-001
   3146.38213   9.21076015E-001
   3145.04835   9.35189947E-001
   3143.71457   9.49699187E-001
   3142.38079   9.64619016E-001
   3141.04702   9.79965508E-001
   3139.71324   9.95755579E-001
   3138.37946   1.01200705E+000
   3137.04568   1.02873869E+000
   3135.71190   1.04597031E+000
   3134.37813   1.06372281E+000
   3133.04435   1.08201825E+000
   3131.71057   1.10087998E+000
   3130.37679   1.12033267E+000
   3129.04301   1.14040244E+000
   3127.70924   1.16111697E+000
   3126.37546   1.18250562E+000
   3125.04168   1.20459954E+000
   3123.70790   1.22743182E+000
   3122.37412   1.25103768E+000
   3121.04035   1.27545456E+000
   3119.70657   1.30072238E+000
   3118.37279   1.32688374E+000
   3117.03901   1.35398409E+000
   3115.70524   1.38207206E+000
   3114.37146   1.41119968E+000
   3113.03768   1.44142271E+000
   3111.70390   1.47280102E+000
   3110.37012   1.50539891E+000
   3109.03635   1.53928560E+000
   3107.70257   1.57453569E+000
   3106.36879   1.61122970E+000
   3105.03501   1.64945469E+000
   3103.70123   1.68930496E+000
   3102.36746   1.73088285E+000
   3101.03368   1.77429957E+000
   3099.69990   1.81967631E+000
   3098.36612   1.86714535E+000
   3097.03234   1.91685139E+000
   3095.69857   1.96895316E+000
   3094.36479   2.02362515E+000
   3093.03101   2.08105973E+000
   3091.69723   2.14146955E+000
   3090.36345   2.20509046E+000
   3089.02968   2.27218478E+000
   3087.69590   2.34304540E+000
   3086.36212   2.41800048E+000
   3085.02834   2.49741918E+000
   3083.69456   2.58171861E+000
   3082.36079   2.67137216E+000
   3081.02701   2.76691986E+000
   3079.69323   2.86898103E+000
   3078.35945   2.97827013E+000
   3077.02568   3.09561657E+000
   3075.69190   3.22198992E+000
   3074.35812   3.35853206E+000
   3073.02434   3.50659891E+000
   3071.69056   3.66781490E+000
   3070.35679   3.84414521E+000
   3069.02301   4.03799265E+000
   3067.68923   4.25232926E+000
   3066.35545   4.49087801E+000
   3065.02167   4.75836695E+000
   3063.68790   5.06089059E+000
   3062.35412   5.40643190E+000
   3061.02034   5.80562773E+000
   3059.68656   6.27290786E+000
   3058.35278   6.82820899E+000
   3057.01901   7.49956625E+000
   3055.68523   8.32699533E+000
   3054.35145   9.36807066E+000
   3053.01767   1.07049633E+001
   3051.68389   1.24496352E+001
   3050.35012   1.47330983E+001
   3049.01634   1.76353329E+001
   3047.68256   2.09708063E+001
   3046.34878   2.39472038E+001
   3045.01501   2.52960570E+001
   3043.68123   2.45190372E+001
   3042.34745   2.25687150E+001
   3041.01367   2.06697417E+001
   3039.67989   1.94110761E+001
   3038.34612   1.88907154E+001
   3037.01234   1.90436190E+001
   3035.67856   1.98011972E+001
   3034.34478   2.11390889E+001
   3033.01100   2.30876207E+001
   3031.67723   2.57370331E+001
   3030.34345   2.92485597E+001
   3029.00967   3.38762024E+001
   3027.67589   4.00030508E+001
   3026.34211   4.81947680E+001
   3025.00834   5.92635530E+001
   3023.67456   7.42962540E+001
   3022.34078   9.44717492E+001
   3021.00700   1.20196998E+002
   3019.67322   1.48951349E+002
   3018.33945   1.73275632E+002
   3017.00567   1.84968032E+002
   3015.67189   1.83840768E+002
   3014.33811   1.74462053E+002
   3013.00433   1.57532877E+002
   3011.67056   1.33873533E+002
   3010.33678   1.08730682E+002
   3009.00300   8.70034366E+001
   3007.66922   7.02373267E+001
   3006.33545   5.79218426E+001
   3005.00167   4.90319299E+001
   3003.66789   4.26559673E+001
   3002.33411   3.81213490E+001
   3001.00033   3.49645501E+001
   2999.66656   3.28767257E+001
   2998.33278   3.16592006E+001
   2996.99900   3.11932751E+001
   2995.66522   3.14219424E+001
   2994.33144   3.23407571E+001
   2992.99767   3.39961954E+001
   2991.66389   3.64911486E+001
   2990.33011   3.99985544E+001
   2988.99633   4.47857336E+001
   2987.66255   5.12538673E+001
   2986.32878   5.99988767E+001
   2984.99500   7.18994201E+001
   2983.66122   8.82254874E+001
   2982.32744   1.10705277E+002
   2980.99366   1.41296659E+002
   2979.65989   1.80909981E+002
   2978.32611   2.25730530E+002
   2976.99233   2.62012368E+002
   2975.65855   2.69941920E+002
   2974.32477   2.44174834E+002
   2972.99100   2.01024136E+002
   2971.65722   1.58497989E+002
   2970.32344   1.24250837E+002
   2968.98966   9.88045264E+001
   2967.65589   8.03986717E+001
   2966.32211   6.71478701E+001
   2964.98833   5.75916642E+001
   2963.65455   5.07057608E+001
   2962.32077   4.57985442E+001
   2960.98700   4.24132504E+001
   2959.65322   4.02581438E+001
   2958.31944   3.91622761E+001
   2956.98566   3.90509337E+001
   2955.65188   3.99364869E+001
   2954.31811   4.19224207E+001
   2952.98433   4.52189363E+001
   2951.65055   5.01639723E+001
   2950.31677   5.72221752E+001
   2948.98299   6.68659596E+001
   2947.64922   7.90927080E+001
   2946.31544   9.23032659E+001
   2944.98166   1.02458062E+002
   2943.64788   1.05737570E+002
   2942.31410   1.03446175E+002
   2940.98033   1.00720099E+002
   2939.64655   1.01616164E+002
   2938.31277   1.08083253E+002
   2936.97899   1.21318686E+002
   2935.64522   1.42849601E+002
   2934.31144   1.74962866E+002
   2932.97766   2.20410169E+002
   2931.64388   2.80400368E+002
   2930.31010   3.48833096E+002
   2928.97633   4.04148469E+002
   2927.64255   4.15337611E+002
   2926.30877   3.73993025E+002
   2924.97499   3.05536403E+002
   2923.64121   2.38051843E+002
   2922.30744   1.83463759E+002
   2920.97366   1.42560440E+002
   2919.63988   1.12565545E+002
   2918.30610   9.05050546E+001
   2916.97232   7.40642156E+001
   2915.63855   6.16027347E+001
   2914.30477   5.19900981E+001
   2912.97099   4.44485721E+001
   2911.63721   3.84381209E+001
   2910.30343   3.35784670E+001
   2908.96966   2.95975852E+001
   2907.63588   2.62977520E+001
   2906.30210   2.35330025E+001
   2904.96832   2.11939812E+001
   2903.63454   1.91976202E+001
   2902.30077   1.74800021E+001
   2900.96699   1.59913536E+001
   2899.63321   1.46924837E+001
   2898.29943   1.35522146E+001
   2896.96566   1.25455064E+001
   2895.63188   1.16520692E+001
   2894.29810   1.08553265E+001
   2892.96432   1.01416313E+001
   2891.63054   9.49966794E+000
   2890.29677   8.91999053E+000
   2888.96299   8.39466484E+000
   2887.62921   7.91698710E+000
   2886.29543   7.48126193E+000
   2884.96165   7.08262553E+000
   2883.62788   6.71690396E+000
   2882.29410   6.38049881E+000
   2880.96032   6.07029429E+000
   2879.62654   5.78358143E+000
   2878.29276   5.51799574E+000
   2876.95899   5.27146582E+000
   2875.62521   5.04217062E+000
   2874.29143   4.82850383E+000
   2872.95765   4.62904411E+000
   2871.62387   4.44252994E+000
   2870.29010   4.26783842E+000
   2868.95632   4.10396731E+000
   2867.62254   3.95001969E+000
   2866.28876   3.80519087E+000
   2864.95498   3.66875720E+000
   2863.62121   3.54006635E+000
   2862.28743   3.41852902E+000
   2860.95365   3.30361171E+000
   2859.61987   3.19483046E+000
   2858.28610   3.09174536E+000
   2856.95232   2.99395581E+000
   2855.61854   2.90109635E+000
   2854.28476   2.81283298E+000
   2852.95098   2.72885994E+000
   2851.61721   2.64889688E+000
   2850.28343   2.57268632E+000
   2848.94965   2.49999146E+000
   2847.61587   2.43059418E+000
   2846.28209   2.36429328E+000
   2844.94832   2.30090292E+000
   2843.61454   2.24025124E+000
   2842.28076   2.18217906E+000
   2840.94698   2.12653881E+000
   2839.61320   2.07319349E+000
   2838.27943   2.02201577E+000
   2836.94565   1.97288719E+000
   2835.61187   1.92569738E+000
   2834.27809   1.88034345E+000
   2832.94431   1.83672935E+000
   2831.61054   1.79476536E+000
   2830.27676   1.75436753E+000
   2828.94298   1.71545729E+000
   2827.60920   1.67796103E+000
   2826.27543   1.64180971E+000
   2824.94165   1.60693850E+000
   2823.60787   1.57328653E+000
   2822.27409   1.54079655E+000
   2820.94031   1.50941469E+000
   2819.60654   1.47909023E+000
   2818.27276   1.44977536E+000
   2816.93898   1.42142497E+000
   2815.60520   1.39399653E+000
   2814.27142   1.36744983E+000
   2812.93765   1.34174688E+000
   2811.60387   1.31685175E+000
   2810.27009   1.29273044E+000
   2808.93631   1.26935074E+000
   2807.60253   1.24668213E+000
   2806.26876   1.22469567E+000
   2804.93498   1.20336392E+000
   2803.60120   1.18266081E+000
   2802.26742   1.16256158E+000
   2800.93364   1.14304270E+000
   2799.59987   1.12408181E+000
   2798.26609   1.10565761E+000
   2796.93231   1.08774984E+000
   2795.59853   1.07033920E+000
   2794.26475   1.05340730E+000
   2792.93098   1.03693661E+000
   2791.59720   1.02091039E+000
   2790.26342   1.00531270E+000
   2788.92964   9.90128283E-001
   2787.59587   9.75342600E-001
   2786.26209   9.60941736E-001
   2784.92831   9.46912397E-001
   2783.59453   9.33241864E-001
   2782.26075   9.19917970E-001
   2780.92698   9.06929067E-001
   2779.59320   8.94264002E-001
   2778.25942   8.81912089E-001
   2776.92564   8.69863088E-001
   2775.59186   8.58107181E-001
   2774.25809   8.46634952E-001
   2772.92431   8.35437367E-001
   2771.59053   8.24505754E-001
   2770.25675   8.13831789E-001
   2768.92297   8.03407475E-001
   2767.58920   7.93225128E-001
   2766.25542   7.83277365E-001
   2764.92164   7.73557086E-001
   2763.58786   7.64057463E-001
   2762.25408   7.54771927E-001
   2760.92031   7.45694155E-001
   2759.58653   7.36818062E-001
   2758.25275   7.28137787E-001
   2756.91897   7.19647685E-001
   2755.58520   7.11342315E-001
   2754.25142   7.03216436E-001
   2752.91764   6.95264993E-001
   2751.58386   6.87483111E-001
   2750.25008   6.79866089E-001
   2748.91631   6.72409388E-001
   2747.58253   6.65108631E-001
   2746.24875   6.57959590E-001
   2744.91497   6.50958183E-001
   2743.58119   6.44100466E-001
   2742.24742   6.37382629E-001
   2740.91364   6.30800991E-001
   2739.57986   6.24351993E-001
   2738.24608   6.18032193E-001
   2736.91230   6.11838265E-001
   2735.57853   6.05766989E-001
   2734.24475   5.99815250E-001
   2732.91097   5.93980035E-001
   2731.57719   5.88258425E-001
   2730.24341   5.82647595E-001
   2728.90964   5.77144811E-001
   2727.57586   5.71747421E-001
   2726.24208   5.66452860E-001
   2724.90830   5.61258638E-001
   2723.57452   5.56162345E-001
   2722.24075   5.51161644E-001
   2720.90697   5.46254267E-001
   2719.57319   5.41438018E-001
   2718.23941   5.36710764E-001
   2716.90564   5.32070435E-001
   2715.57186   5.27515027E-001
   2714.23808   5.23042589E-001
   2712.90430   5.18651231E-001
   2711.57052   5.14339117E-001
   2710.23675   5.10104464E-001
   2708.90297   5.05945540E-001
   2707.56919   5.01860663E-001
   2706.23541   4.97848198E-001
   2704.90163   4.93906557E-001
   2703.56786   4.90034197E-001
   2702.23408   4.86229616E-001
   2700.90030   4.82491357E-001
   2699.56652   4.78817999E-001
   2698.23274   4.75208163E-001
   2696.89897   4.71660507E-001
   2695.56519   4.68173726E-001
   2694.23141   4.64746549E-001
   2692.89763   4.61377739E-001
   2691.56385   4.58066093E-001
   2690.23008   4.54810439E-001
   2688.89630   4.51609638E-001
   2687.56252   4.48462578E-001
   2686.22874   4.45368177E-001
   2684.89496   4.42325384E-001
   2683.56119   4.39333170E-001
   2682.22741   4.36390537E-001
   2680.89363   4.33496510E-001
   2679.55985   4.30650139E-001
   2678.22608   4.27850499E-001
   2676.89230   4.25096689E-001
   2675.55852   4.22387828E-001
   2674.22474   4.19723058E-001
   2672.89096   4.17101545E-001
   2671.55719   4.14522471E-001
   2670.22341   4.11985042E-001
   2668.88963   4.09488481E-001
   2667.55585   4.07032030E-001
   2666.22207   4.04614952E-001
   2664.88830   4.02236525E-001
   2663.55452   3.99896044E-001
   2662.22074   3.97592824E-001
   2660.88696   3.95326193E-001
   2659.55318   3.93095497E-001
   2658.21941   3.90900096E-001
   2656.88563   3.88739365E-001
   2655.55185   3.86612696E-001
   2654.21807   3.84519492E-001
   2652.88429   3.82459171E-001
   2651.55052   3.80431166E-001
   2650.21674   3.78434919E-001
   2648.88296   3.76469890E-001
   2647.54918   3.74535547E-001
   2646.21541   3.72631371E-001
   2644.88163   3.70756857E-001
   2643.54785   3.68911508E-001
   2642.21407   3.67094840E-001
   2640.88029   3.65306381E-001
   2639.54652   3.63545666E-001
   2638.21274   3.61812243E-001
   2636.87896   3.60105670E-001
   2635.54518   3.58425512E-001
   2634.21140   3.56771346E-001
   2632.87763   3.55142758E-001
   2631.54385   3.53539343E-001
   2630.21007   3.51960702E-001
   2628.87629   3.50406449E-001
   2627.54251   3.48876203E-001
   2626.20874   3.47369591E-001
   2624.87496   3.45886251E-001
   2623.54118   3.44425826E-001
   2622.20740   3.42987967E-001
   2620.87362   3.41572332E-001
   2619.53985   3.40178588E-001
   2618.20607   3.38806407E-001
   2616.87229   3.37455468E-001
   2615.53851   3.36125457E-001
   2614.20473   3.34816068E-001
   2612.87096   3.33526998E-001
   2611.53718   3.32257954E-001
   2610.20340   3.31008645E-001
   2608.86962   3.29778789E-001
   2607.53585   3.28568110E-001
   2606.20207   3.27376334E-001
   2604.86829   3.26203196E-001
   2603.53451   3.25048435E-001
   2602.20073   3.23911795E-001
   2600.86696   3.22793026E-001
   2599.53318   3.21691882E-001
   2598.19940   3.20608123E-001
   2596.86562   3.19541512E-001
   2595.53184   3.18491819E-001
   2594.19807   3.17458817E-001
   2592.86429   3.16442283E-001
   2591.53051   3.15442000E-001
   2590.19673   3.14457754E-001
   2588.86295   3.13489335E-001
   2587.52918   3.12536539E-001
   2586.19540   3.11599164E-001
   2584.86162   3.10677011E-001
   2583.52784   3.09769889E-001
   2582.19406   3.08877605E-001
   2580.86029   3.07999975E-001
   2579.52651   3.07136816E-001
   2578.19273   3.06287948E-001
   2576.85895   3.05453194E-001
   2575.52518   3.04632384E-001
   2574.19140   3.03825347E-001
   2572.85762   3.03031918E-001
   2571.52384   3.02251933E-001
   2570.19006   3.01485233E-001
   2568.85629   3.00731661E-001
   2567.52251   2.99991064E-001
   2566.18873   2.99263289E-001
   2564.85495   2.98548189E-001
   2563.52117   2.97845619E-001
   2562.18740   2.97155436E-001
   2560.85362   2.96477500E-001
   2559.51984   2.95811673E-001
   2558.18606   2.95157821E-001
   2556.85228   2.94515812E-001
   2555.51851   2.93885515E-001
   2554.18473   2.93266803E-001
   2552.85095   2.92659551E-001
   2551.51717   2.92063636E-001
   2550.18339   2.91478938E-001
   2548.84962   2.90905338E-001
   2547.51584   2.90342721E-001
   2546.18206   2.89790972E-001
   2544.84828   2.89249979E-001
   2543.51450   2.88719633E-001
   2542.18073   2.88199825E-001
   2540.84695   2.87690451E-001
   2539.51317   2.87191406E-001
   2538.17939   2.86702588E-001
   2536.84562   2.86223897E-001
   2535.51184   2.85755234E-001
   2534.17806   2.85296505E-001
   2532.84428   2.84847613E-001
   2531.51050   2.84408466E-001
   2530.17673   2.83978973E-001
   2528.84295   2.83559044E-001
   2527.50917   2.83148591E-001
   2526.17539   2.82747528E-001
   2524.84161   2.82355771E-001
   2523.50784   2.81973236E-001
   2522.17406   2.81599842E-001
   2520.84028   2.81235508E-001
   2519.50650   2.80880157E-001
   2518.17272   2.80533711E-001
   2516.83895   2.80196094E-001
   2515.50517   2.79867233E-001
   2514.17139   2.79547053E-001
   2512.83761   2.79235485E-001
   2511.50383   2.78932457E-001
   2510.17006   2.78637901E-001
   2508.83628   2.78351749E-001
   2507.50250   2.78073935E-001
   2506.16872   2.77804394E-001
   2504.83494   2.77543063E-001
   2503.50117   2.77289877E-001
   2502.16739   2.77044777E-001
   2500.83361   2.76807702E-001
   2499.49983   2.76578593E-001
   2498.16606   2.76357393E-001
   2496.83228   2.76144043E-001
   2495.49850   2.75938489E-001
   2494.16472   2.75740676E-001
   2492.83094   2.75550551E-001
   2491.49717   2.75368060E-001
   2490.16339   2.75193153E-001
   2488.82961   2.75025780E-001
   2487.49583   2.74865890E-001
   2486.16205   2.74713436E-001
   2484.82828   2.74568369E-001
   2483.49450   2.74430645E-001
   2482.16072   2.74300216E-001
   2480.82694   2.74177039E-001
   2479.49316   2.74061069E-001
   2478.15939   2.73952265E-001
   2476.82561   2.73850584E-001
   2475.49183   2.73755985E-001
   2474.15805   2.73668429E-001
   2472.82427   2.73587876E-001
   2471.49050   2.73514287E-001
   2470.15672   2.73447626E-001
   2468.82294   2.73387855E-001
   2467.48916   2.73334939E-001
   2466.15539   2.73288842E-001
   2464.82161   2.73249531E-001
   2463.48783   2.73216972E-001
   2462.15405   2.73191132E-001
   2460.82027   2.73171979E-001
   2459.48650   2.73159482E-001
   2458.15272   2.73153611E-001
   2456.81894   2.73154335E-001
   2455.48516   2.73161627E-001
   2454.15138   2.73175458E-001
   2452.81761   2.73195799E-001
   2451.48383   2.73222626E-001
   2450.15005   2.73255910E-001
   2448.81627   2.73295628E-001
   2447.48249   2.73341754E-001
   2446.14872   2.73394264E-001
   2444.81494   2.73453135E-001
   2443.48116   2.73518344E-001
   2442.14738   2.73589869E-001
   2440.81360   2.73667688E-001
   2439.47983   2.73751782E-001
   2438.14605   2.73842129E-001
   2436.81227   2.73938710E-001
   2435.47849   2.74041506E-001
   2434.14471   2.74150499E-001
   2432.81094   2.74265672E-001
   2431.47716   2.74387007E-001
   2430.14338   2.74514488E-001
   2428.80960   2.74648099E-001
   2427.47583   2.74787824E-001
   2426.14205   2.74933650E-001
   2424.80827   2.75085561E-001
   2423.47449   2.75243545E-001
   2422.14071   2.75407588E-001
   2420.80694   2.75577678E-001
   2419.47316   2.75753803E-001
   2418.13938   2.75935952E-001
   2416.80560   2.76124114E-001
   2415.47182   2.76318280E-001
   2414.13805   2.76518438E-001
   2412.80427   2.76724581E-001
   2411.47049   2.76936700E-001
   2410.13671   2.77154786E-001
   2408.80293   2.77378833E-001
   2407.46916   2.77608833E-001
   2406.13538   2.77844780E-001
   2404.80160   2.78086667E-001
   2403.46782   2.78334491E-001
   2402.13404   2.78588245E-001
   2400.80027   2.78847925E-001
   2399.46649   2.79113528E-001
   2398.13271   2.79385050E-001
   2396.79893   2.79662488E-001
   2395.46516   2.79945840E-001
   2394.13138   2.80235105E-001
   2392.79760   2.80530280E-001
   2391.46382   2.80831366E-001
   2390.13004   2.81138361E-001
   2388.79627   2.81451265E-001
   2387.46249   2.81770081E-001
   2386.12871   2.82094807E-001
   2384.79493   2.82425448E-001
   2383.46115   2.82762003E-001
   2382.12738   2.83104477E-001
   2380.79360   2.83452871E-001
   2379.45982   2.83807190E-001
   2378.12604   2.84167438E-001
   2376.79226   2.84533619E-001
   2375.45849   2.84905738E-001
   2374.12471   2.85283801E-001
   2372.79093   2.85667813E-001
   2371.45715   2.86057782E-001
   2370.12337   2.86453714E-001
   2368.78960   2.86855616E-001
   2367.45582   2.87263496E-001
   2366.12204   2.87677364E-001
   2364.78826   2.88097227E-001
   2363.45448   2.88523094E-001
   2362.12071   2.88954977E-001
   2360.78693   2.89392884E-001
   2359.45315   2.89836827E-001
   2358.11937   2.90286817E-001
   2356.78560   2.90742866E-001
   2355.45182   2.91204985E-001
   2354.11804   2.91673188E-001
   2352.78426   2.92147487E-001
   2351.45048   2.92627897E-001
   2350.11671   2.93114431E-001
   2348.78293   2.93607104E-001
   2347.44915   2.94105931E-001
   2346.11537   2.94610927E-001
   2344.78159   2.95122109E-001
   2343.44782   2.95639493E-001
   2342.11404   2.96163096E-001
   2340.78026   2.96692936E-001
   2339.44648   2.97229031E-001
   2338.11270   2.97771398E-001
   2336.77893   2.98320057E-001
   2335.44515   2.98875028E-001
   2334.11137   2.99436331E-001
   2332.77759   3.00003985E-001
   2331.44381   3.00578012E-001
   2330.11004   3.01158434E-001
   2328.77626   3.01745272E-001
   2327.44248   3.02338549E-001
   2326.10870   3.02938287E-001
   2324.77492   3.03544511E-001
   2323.44115   3.04157245E-001
   2322.10737   3.04776512E-001
   2320.77359   3.05402338E-001
   2319.43981   3.06034748E-001
   2318.10604   3.06673770E-001
   2316.77226   3.07319428E-001
   2315.43848   3.07971751E-001
   2314.10470   3.08630766E-001
   2312.77092   3.09296501E-001
   2311.43715   3.09968986E-001
   2310.10337   3.10648249E-001
   2308.76959   3.11334320E-001
   2307.43581   3.12027230E-001
   2306.10203   3.12727009E-001
   2304.76826   3.13433690E-001
   2303.43448   3.14147305E-001
   2302.10070   3.14867885E-001
   2300.76692   3.15595465E-001
   2299.43314   3.16330077E-001
   2298.09937   3.17071758E-001
   2296.76559   3.17820540E-001
   2295.43181   3.18576461E-001
   2294.09803   3.19339556E-001
   2292.76425   3.20109862E-001
   2291.43048   3.20887417E-001
   2290.09670   3.21672258E-001
   2288.76292   3.22464423E-001
   2287.42914   3.23263953E-001
   2286.09537   3.24070887E-001
   2284.76159   3.24885266E-001
   2283.42781   3.25707130E-001
   2282.09403   3.26536521E-001
   2280.76025   3.27373482E-001
   2279.42648   3.28218056E-001
   2278.09270   3.29070286E-001
   2276.75892   3.29930217E-001
   2275.42514   3.30797895E-001
   2274.09136   3.31673363E-001
   2272.75759   3.32556670E-001
   2271.42381   3.33447862E-001
   2270.09003   3.34346987E-001
   2268.75625   3.35254093E-001
   2267.42247   3.36169230E-001
   2266.08870   3.37092447E-001
   2264.75492   3.38023796E-001
   2263.42114   3.38963328E-001
   2262.08736   3.39911094E-001
   2260.75358   3.40867148E-001
   2259.41981   3.41831543E-001
   2258.08603   3.42804334E-001
   2256.75225   3.43785576E-001
   2255.41847   3.44775325E-001
   2254.08469   3.45773637E-001
   2252.75092   3.46780571E-001
   2251.41714   3.47796184E-001
   2250.08336   3.48820537E-001
   2248.74958   3.49853688E-001
   2247.41581   3.50895699E-001
   2246.08203   3.51946632E-001
   2244.74825   3.53006548E-001
   2243.41447   3.54075512E-001
   2242.08069   3.55153588E-001
   2240.74692   3.56240841E-001
   2239.41314   3.57337337E-001
   2238.07936   3.58443143E-001
   2236.74558   3.59558327E-001
   2235.41180   3.60682958E-001
   2234.07803   3.61817107E-001
   2232.74425   3.62960842E-001
   2231.41047   3.64114237E-001
   2230.07669   3.65277364E-001
   2228.74291   3.66450297E-001
   2227.40914   3.67633110E-001
   2226.07536   3.68825879E-001
   2224.74158   3.70028682E-001
   2223.40780   3.71241595E-001
   2222.07402   3.72464698E-001
   2220.74025   3.73698070E-001
   2219.40647   3.74941793E-001
   2218.07269   3.76195949E-001
   2216.73891   3.77460621E-001
   2215.40514   3.78735893E-001
   2214.07136   3.80021851E-001
   2212.73758   3.81318582E-001
   2211.40380   3.82626173E-001
   2210.07002   3.83944713E-001
   2208.73625   3.85274293E-001
   2207.40247   3.86615005E-001
   2206.06869   3.87966940E-001
   2204.73491   3.89330193E-001
   2203.40113   3.90704859E-001
   2202.06736   3.92091034E-001
   2200.73358   3.93488817E-001
   2199.39980   3.94898307E-001
   2198.06602   3.96319604E-001
   2196.73224   3.97752810E-001
   2195.39847   3.99198028E-001
   2194.06469   4.00655363E-001
   2192.73091   4.02124922E-001
   2191.39713   4.03606811E-001
   2190.06335   4.05101139E-001
   2188.72958   4.06608018E-001
   2187.39580   4.08127560E-001
   2186.06202   4.09659877E-001
   2184.72824   4.11205085E-001
   2183.39446   4.12763301E-001
   2182.06069   4.14334643E-001
   2180.72691   4.15919231E-001
   2179.39313   4.17517187E-001
   2178.05935   4.19128633E-001
   2176.72558   4.20753695E-001
   2175.39180   4.22392500E-001
   2174.05802   4.24045176E-001
   2172.72424   4.25711852E-001
   2171.39046   4.27392663E-001
   2170.05669   4.29087740E-001
   2168.72291   4.30797220E-001
   2167.38913   4.32521241E-001
   2166.05535   4.34259942E-001
   2164.72157   4.36013465E-001
   2163.38780   4.37781953E-001
   2162.05402   4.39565552E-001
   2160.72024   4.41364409E-001
   2159.38646   4.43178674E-001
   2158.05268   4.45008499E-001
   2156.71891   4.46854037E-001
   2155.38513   4.48715446E-001
   2154.05135   4.50592882E-001
   2152.71757   4.52486508E-001
   2151.38379   4.54396485E-001
   2150.05002   4.56322979E-001
   2148.71624   4.58266157E-001
   2147.38246   4.60226190E-001
   2146.04868   4.62203250E-001
   2144.71490   4.64197511E-001
   2143.38113   4.66209152E-001
   2142.04735   4.68238352E-001
   2140.71357   4.70285294E-001
   2139.37979   4.72350163E-001
   2138.04602   4.74433147E-001
   2136.71224   4.76534437E-001
   2135.37846   4.78654226E-001
   2134.04468   4.80792712E-001
   2132.71090   4.82950092E-001
   2131.37713   4.85126570E-001
   2130.04335   4.87322351E-001
   2128.70957   4.89537642E-001
   2127.37579   4.91772655E-001
   2126.04201   4.94027605E-001
   2124.70824   4.96302709E-001
   2123.37446   4.98598189E-001
   2122.04068   5.00914268E-001
   2120.70690   5.03251174E-001
   2119.37312   5.05609139E-001
   2118.03935   5.07988397E-001
   2116.70557   5.10389185E-001
   2115.37179   5.12811747E-001
   2114.03801   5.15256327E-001
   2112.70423   5.17723175E-001
   2111.37046   5.20212543E-001
   2110.03668   5.22724690E-001
   2108.70290   5.25259874E-001
   2107.36912   5.27818363E-001
   2106.03535   5.30400424E-001
   2104.70157   5.33006330E-001
   2103.36779   5.35636361E-001
   2102.03401   5.38290797E-001
   2100.70023   5.40969924E-001
   2099.36646   5.43674034E-001
   2098.03268   5.46403423E-001
   2096.69890   5.49158389E-001
   2095.36512   5.51939238E-001
   2094.03134   5.54746280E-001
   2092.69757   5.57579829E-001
   2091.36379   5.60440206E-001
   2090.03001   5.63327735E-001
   2088.69623   5.66242746E-001
   2087.36245   5.69185575E-001
   2086.02868   5.72156562E-001
   2084.69490   5.75156055E-001
   2083.36112   5.78184406E-001
   2082.02734   5.81241971E-001
   2080.69356   5.84329116E-001
   2079.35979   5.87446210E-001
   2078.02601   5.90593629E-001
   2076.69223   5.93771756E-001
   2075.35845   5.96980978E-001
   2074.02467   6.00221692E-001
   2072.69090   6.03494298E-001
   2071.35712   6.06799206E-001
   2070.02334   6.10136830E-001
   2068.68956   6.13507594E-001
   2067.35579   6.16911927E-001
   2066.02201   6.20350265E-001
   2064.68823   6.23823054E-001
   2063.35445   6.27330746E-001
   2062.02067   6.30873800E-001
   2060.68690   6.34452685E-001
   2059.35312   6.38067876E-001
   2058.01934   6.41719858E-001
   2056.68556   6.45409124E-001
   2055.35178   6.49136175E-001
   2054.01801   6.52901521E-001
   2052.68423   6.56705683E-001
   2051.35045   6.60549188E-001
   2050.01667   6.64432574E-001
   2048.68289   6.68356390E-001
   2047.34912   6.72321192E-001
   2046.01534   6.76327549E-001
   2044.68156   6.80376038E-001
   2043.34778   6.84467247E-001
   2042.01400   6.88601775E-001
   2040.68023   6.92780232E-001
   2039.34645   6.97003241E-001
   2038.01267   7.01271432E-001
   2036.67889   7.05585451E-001
   2035.34512   7.09945953E-001
   2034.01134   7.14353609E-001
   2032.67756   7.18809097E-001
   2031.34378   7.23313114E-001
   2030.01000   7.27866365E-001
   2028.67623   7.32469570E-001
   2027.34245   7.37123465E-001
   2026.00867   7.41828797E-001
   2024.67489   7.46586329E-001
   2023.34111   7.51396837E-001
   2022.00734   7.56261115E-001
   2020.67356   7.61179969E-001
   2019.33978   7.66154223E-001
   2018.00600   7.71184717E-001
   2016.67222   7.76272306E-001
   2015.33845   7.81417863E-001
   2014.00467   7.86622279E-001
   2012.67089   7.91886461E-001
   2011.33711   7.97211336E-001
   2010.00333   8.02597847E-001
   2008.66956   8.08046959E-001
   2007.33578   8.13559655E-001
   2006.00200   8.19136938E-001
   2004.66822   8.24779831E-001
   2003.33444   8.30489379E-001
   2002.00067   8.36266649E-001
   2000.66689   8.42112728E-001
   1999.33311   8.48028727E-001
   1997.99933   8.54015780E-001
   1996.66556   8.60075046E-001
   1995.33178   8.66207706E-001
   1993.99800   8.72414967E-001
   1992.66422   8.78698062E-001
   1991.33044   8.85058251E-001
   1989.99667   8.91496818E-001
   1988.66289   8.98015079E-001
   1987.32911   9.04614375E-001
   1985.99533   9.11296078E-001
   1984.66155   9.18061589E-001
   1983.32778   9.24912340E-001
   1981.99400   9.31849795E-001
   1980.66022   9.38875449E-001
   1979.32644   9.45990833E-001
   1977.99266   9.53197509E-001
   1976.65889   9.60497077E-001
   1975.32511   9.67891171E-001
   1973.99133   9.75381462E-001
   1972.65755   9.82969662E-001
   1971.32377   9.90657518E-001
   1969.99000   9.98446820E-001
   1968.65622   1.00633940E+000
   1967.32244   1.01433713E+000
   1965.98866   1.02244192E+000
   1964.65488   1.03065575E+000
   1963.32111   1.03898061E+000
   1961.98733   1.04741856E+000
   1960.65355   1.05597171E+000
   1959.31977   1.06464222E+000
   1957.98600   1.07343228E+000
   1956.65222   1.08234417E+000
   1955.31844   1.09138018E+000
   1953.98466   1.10054271E+000
   1952.65088   1.10983418E+000
   1951.31711   1.11925707E+000
   1949.98333   1.12881394E+000
   1948.64955   1.13850741E+000
   1947.31577   1.14834015E+000
   1945.98199   1.15831492E+000
   1944.64822   1.16843454E+000
   1943.31444   1.17870189E+000
   1941.98066   1.18911994E+000
   1940.64688   1.19969173E+000
   1939.31310   1.21042039E+000
   1937.97933   1.22130910E+000
   1936.64555   1.23236117E+000
   1935.31177   1.24357995E+000
   1933.97799   1.25496892E+000
   1932.64421   1.26653161E+000
   1931.31044   1.27827169E+000
   1929.97666   1.29019290E+000
   1928.64288   1.30229909E+000
   1927.30910   1.31459421E+000
   1925.97533   1.32708232E+000
   1924.64155   1.33976759E+000
   1923.30777   1.35265432E+000
   1921.97399   1.36574692E+000
   1920.64021   1.37904991E+000
   1919.30644   1.39256796E+000
   1917.97266   1.40630587E+000
   1916.63888   1.42026855E+000
   1915.30510   1.43446109E+000
   1913.97132   1.44888870E+000
   1912.63755   1.46355676E+000
   1911.30377   1.47847079E+000
   1909.96999   1.49363648E+000
   1908.63621   1.50905969E+000
   1907.30243   1.52474645E+000
   1905.96866   1.54070299E+000
   1904.63488   1.55693570E+000
   1903.30110   1.57345118E+000
   1901.96732   1.59025624E+000
   1900.63354   1.60735787E+000
   1899.29977   1.62476331E+000
   1897.96599   1.64248001E+000
   1896.63221   1.66051565E+000
   1895.29843   1.67887817E+000
   1893.96465   1.69757574E+000
   1892.63088   1.71661681E+000
   1891.29710   1.73601009E+000
   1889.96332   1.75576458E+000
   1888.62954   1.77588958E+000
   1887.29577   1.79639468E+000
   1885.96199   1.81728980E+000
   1884.62821   1.83858519E+000
   1883.29443   1.86029143E+000
   1881.96065   1.88241949E+000
   1880.62688   1.90498068E+000
   1879.29310   1.92798672E+000
   1877.95932   1.95144973E+000
   1876.62554   1.97538224E+000
   1875.29176   1.99979724E+000
   1873.95799   2.02470816E+000
   1872.62421   2.05012893E+000
   1871.29043   2.07607396E+000
   1869.95665   2.10255819E+000
   1868.62287   2.12959709E+000
   1867.28910   2.15720673E+000
   1865.95532   2.18540374E+000
   1864.62154   2.21420539E+000
   1863.28776   2.24362959E+000
   1861.95398   2.27369493E+000
   1860.62021   2.30442072E+000
   1859.28643   2.33582698E+000
   1857.95265   2.36793454E+000
   1856.61887   2.40076503E+000
   1855.28510   2.43434094E+000
   1853.95132   2.46868564E+000
   1852.61754   2.50382345E+000
   1851.28376   2.53977965E+000
   1849.94998   2.57658058E+000
   1848.61621   2.61425364E+000
   1847.28243   2.65282737E+000
   1845.94865   2.69233150E+000
   1844.61487   2.73279703E+000
   1843.28109   2.77425624E+000
   1841.94732   2.81674283E+000
   1840.61354   2.86029195E+000
   1839.27976   2.90494026E+000
   1837.94598   2.95072607E+000
   1836.61220   2.99768938E+000
   1835.27843   3.04587197E+000
   1833.94465   3.09531752E+000
   1832.61087   3.14607171E+000
   1831.27709   3.19818233E+000
   1829.94331   3.25169939E+000
   1828.60954   3.30667524E+000
   1827.27576   3.36316474E+000
   1825.94198   3.42122537E+000
   1824.60820   3.48091737E+000
   1823.27442   3.54230396E+000
   1821.94065   3.60545146E+000
   1820.60687   3.67042952E+000
   1819.27309   3.73731127E+000
   1817.93931   3.80617359E+000
   1816.60554   3.87709730E+000
   1815.27176   3.95016745E+000
   1813.93798   4.02547352E+000
   1812.60420   4.10310978E+000
   1811.27042   4.18317555E+000
   1809.93665   4.26577554E+000
   1808.60287   4.35102022E+000
   1807.26909   4.43902619E+000
   1805.93531   4.52991659E+000
   1804.60153   4.62382158E+000
   1803.26776   4.72087877E+000
   1801.93398   4.82123379E+000
   1800.60020   4.92504086E+000
   1799.26642   5.03246334E+000
   1797.93264   5.14367447E+000
   1796.59887   5.25885806E+000
   1795.26509   5.37820927E+000
   1793.93131   5.50193547E+000
   1792.59753   5.63025718E+000
   1791.26375   5.76340907E+000
   1789.92998   5.90164108E+000
   1788.59620   6.04521960E+000
   1787.26242   6.19442885E+000
   1785.92864   6.34957225E+000
   1784.59486   6.51097408E+000
   1783.26109   6.67898115E+000
   1781.92731   6.85396479E+000
   1780.59353   7.03632289E+000
   1779.25975   7.22648224E+000
   1777.92598   7.42490113E+000
   1776.59220   7.63207209E+000
   1775.25842   7.84852510E+000
   1773.92464   8.07483102E+000
   1772.59086   8.31160543E+000
   1771.25709   8.55951291E+000
   1769.92331   8.81927180E+000
   1768.58953   9.09165949E+000
   1767.25575   9.37751838E+000
   1765.92197   9.67776247E+000
   1764.58820   9.99338479E+000
   1763.25442   1.03254658E+001
   1761.92064   1.06751827E+001
   1760.58686   1.10438200E+001
   1759.25308   1.14327816E+001
   1757.91931   1.18436043E+001
   1756.58553   1.22779731E+001
   1755.25175   1.27377387E+001
   1753.91797   1.32249372E+001
   1752.58419   1.37418135E+001
   1751.25042   1.42908467E+001
   1749.91664   1.48747803E+001
   1748.58286   1.54966571E+001
   1747.24908   1.61598584E+001
   1745.91531   1.68681508E+001
   1744.58153   1.76257397E+001
   1743.24775   1.84373320E+001
   1741.91397   1.93082092E+001
   1740.58019   2.02443141E+001
   1739.24642   2.12523516E+001
   1737.91264   2.23399093E+001
   1736.57886   2.35155997E+001
   1735.24508   2.47892311E+001
   1733.91130   2.61720106E+001
   1732.57753   2.76767906E+001
   1731.24375   2.93183652E+001
   1729.90997   3.11138321E+001
   1728.57619   3.30830340E+001
   1727.24241   3.52491019E+001
   1725.90864   3.76391280E+001
   1724.57486   4.02850020E+001
   1723.24108   4.32244609E+001
   1721.90730   4.65024144E+001
   1720.57352   5.01726302E+001
   1719.23975   5.42998968E+001
   1717.90597   5.89628208E+001
   1716.57219   6.42574789E+001
   1715.23841   7.03022320E+001
   1713.90463   7.72441376E+001
   1712.57086   8.52675853E+001
   1711.23708   9.46060619E+001
   1709.90330   1.05558383E+002
   1708.56952   1.18511381E+002
   1707.23575   1.33972053E+002
   1705.90197   1.52613784E+002
   1704.56819   1.75343755E+002
   1703.23441   2.03402696E+002
   1701.90063   2.38514398E+002
   1700.56686   2.83112048E+002
   1699.23308   3.40681853E+002
   1697.89930   4.16278369E+002
   1696.56552   5.17261676E+002
   1695.23174   6.54208476E+002
   1693.89797   8.41499524E+002
   1692.56419   1.09553501E+003
   1691.23041   1.42444334E+003
   1689.89663   1.79803515E+003
   1688.56285   2.10404202E+003
   1687.22908   2.17670267E+003
   1685.89530   1.96628783E+003
   1684.56152   1.60583861E+003
   1683.22774   1.24719568E+003
   1681.89396   9.56330035E+002
   1680.56019   7.38468822E+002
   1679.22641   5.79023705E+002
   1677.89263   4.62093632E+002
   1676.55885   3.75251989E+002
   1675.22508   3.09684939E+002
   1673.89130   2.59319790E+002
   1672.55752   2.19982649E+002
   1671.22374   1.88778869E+002
   1669.88996   1.63673068E+002
   1668.55619   1.43211578E+002
   1667.22241   1.26339590E+002
   1665.88863   1.12279811E+002
   1664.55485   1.00450995E+002
   1663.22107   9.04124846E+001
   1661.88730   8.18258991E+001
   1660.55352   7.44282910E+001
   1659.21974   6.80130663E+001
   1657.88596   6.24162415E+001
   1656.55218   5.75064174E+001
   1655.21841   5.31773751E+001
   1653.88463   4.93425471E+001
   1652.55085   4.59308433E+001
   1651.21707   4.28834692E+001
   1649.88329   4.01514772E+001
   1648.54952   3.76938646E+001
   1647.21574   3.54760855E+001
   1645.88196   3.34688756E+001
   1644.54818   3.16473189E+001
   1643.21440   2.99901001E+001
   1641.88063   2.84789024E+001
   1640.54685   2.70979193E+001
   1639.21307   2.58334566E+001
   1637.87929   2.46736059E+001
   1636.54552   2.36079756E+001
   1635.21174   2.26274678E+001
   1633.87796   2.17240927E+001
   1632.54418   2.08908139E+001
   1631.21040   2.01214177E+001
   1629.87663   1.94104035E+001
   1628.54285   1.87528907E+001
   1627.20907   1.81445401E+001
   1625.87529   1.75814866E+001
   1624.54151   1.70602815E+001
   1623.20774   1.65778437E+001
   1621.87396   1.61314168E+001
   1620.54018   1.57185331E+001
   1619.20640   1.53369819E+001
   1617.87262   1.49847824E+001
   1616.53885   1.46601599E+001
   1615.20507   1.43615256E+001
   1613.87129   1.40874586E+001
   1612.53751   1.38366907E+001
   1611.20373   1.36080931E+001
   1609.86996   1.34006645E+001
   1608.53618   1.32135216E+001
   1607.20240   1.30458903E+001
   1605.86862   1.28970985E+001
   1604.53484   1.27665699E+001
   1603.20107   1.26538189E+001
   1601.86729   1.25584466E+001
   1600.53351   1.24801375E+001
   1599.19973   1.24186567E+001
   1597.86596   1.23738490E+001
   1596.53218   1.23456375E+001
   1595.19840   1.23340238E+001
   1593.86462   1.23390889E+001
   1592.53084   1.23609947E+001
   1591.19707   1.23999860E+001
   1589.86329   1.24563948E+001
   1588.52951   1.25306436E+001
   1587.19573   1.26232512E+001
   1585.86195   1.27348393E+001
   1584.52818   1.28661404E+001
   1583.19440   1.30180065E+001
   1581.86062   1.31914207E+001
   1580.52684   1.33875098E+001
   1579.19306   1.36075594E+001
   1577.85929   1.38530312E+001
   1576.52551   1.41255840E+001
   1575.19173   1.44270974E+001
   1573.85795   1.47596999E+001
   1572.52417   1.51258021E+001
   1571.19040   1.55281349E+001
   1569.85662   1.59697957E+001
   1568.52284   1.64543015E+001
   1567.18906   1.69856528E+001
   1565.85529   1.75684096E+001
   1564.52151   1.82077813E+001
   1563.18773   1.89097349E+001
   1561.85395   1.96811256E+001
   1560.52017   2.05298536E+001
   1559.18640   2.14650557E+001
   1557.85262   2.24973384E+001
   1556.51884   2.36390647E+001
   1555.18506   2.49047082E+001
   1553.85128   2.63112928E+001
   1552.51751   2.78789437E+001
   1551.18373   2.96315805E+001
   1549.84995   3.15977982E+001
   1548.51617   3.38119935E+001
   1547.18239   3.63158181E+001
   1545.84862   3.91600710E+001
   1544.51484   4.24071852E+001
   1543.18106   4.61345292E+001
   1541.84728   5.04388378E+001
   1540.51350   5.54422273E+001
   1539.17973   6.13004616E+001
   1537.84595   6.82144586E+001
   1536.51217   7.64465278E+001
   1535.17839   8.63436086E+001
   1533.84461   9.83710173E+001
   1532.51084   1.13162164E+002
   1531.17706   1.31592797E+002
   1529.84328   1.54893117E+002
   1528.50950   1.84818019E+002
   1527.17573   2.23903982E+002
   1525.84195   2.75844108E+002
   1524.50817   3.45982156E+002
   1523.17439   4.41761014E+002
   1521.84061   5.72348829E+002
   1520.50684   7.44886247E+002
   1519.17306   9.51608560E+002
   1517.83928   1.14518529E+003
   1516.50550   1.23431514E+003
   1515.17172   1.16027102E+003
   1513.83795   9.72679144E+002
   1512.50417   7.64444625E+002
   1511.17039   5.87942518E+002
   1509.83661   4.53615078E+002
   1508.50283   3.55003702E+002
   1507.16906   2.82881520E+002
   1505.83528   2.29594602E+002
   1504.50150   1.89610171E+002
   1503.16772   1.59097686E+002
   1501.83394   1.35427122E+002
   1500.50017   1.16781223E+002
   1499.16639   1.01888365E+002
   1497.83261   8.98452300E+001
   1496.49883   8.00000488E+001
   1495.16506   7.18753584E+001
   1493.83128   6.51163549E+001
   1492.49750   5.94559041E+001
   1491.16372   5.46905017E+001
   1489.82994   5.06635250E+001
   1488.49617   4.72534101E+001
   1487.16239   4.43652060E+001
   1485.82861   4.19244805E+001
   1484.49483   3.98728910E+001
   1483.16105   3.81649554E+001
   1481.82728   3.67657074E+001
   1480.49350   3.56490223E+001
   1479.15972   3.47964696E+001
   1477.82594   3.41966039E+001
   1476.49216   3.38446451E+001
   1475.15839   3.37425385E+001
   1473.82461   3.38994215E+001
   1472.49083   3.43325686E+001
   1471.15705   3.50689451E+001
   1469.82327   3.61475808E+001
   1468.48950   3.76230988E+001
   1467.15572   3.95709230E+001
   1465.82194   4.20949740E+001
   1464.48816   4.53390972E+001
   1463.15438   4.95040625E+001
   1461.82061   5.48726051E+001
   1460.48683   6.18448434E+001
   1459.15305   7.09824308E+001
   1457.81927   8.30417471E+001
   1456.48550   9.89178768E+001
   1455.15172   1.19293382E+002
   1453.81794   1.43773878E+002
   1452.48416   1.70340868E+002
   1451.15038   1.97774758E+002
   1449.81661   2.29315529E+002
   1448.48283   2.69449051E+002
   1447.14905   3.15018546E+002
   1445.81527   3.49547264E+002
   1444.48149   3.53248587E+002
   1443.14772   3.27110888E+002
   1441.81394   2.92568884E+002
   1440.48016   2.67945187E+002
   1439.14638   2.58953206E+002
   1437.81260   2.60719014E+002
   1436.47883   2.59900135E+002
   1435.14505   2.43147355E+002
   1433.81127   2.11014895E+002
   1432.47749   1.75191954E+002
   1431.14371   1.44678025E+002
   1429.80994   1.22131874E+002
   1428.47616   1.07075885E+002
   1427.14238   9.84297927E+001
   1425.80860   9.53633237E+001
   1424.47482   9.71579797E+001
   1423.14105   1.02262916E+002
   1421.80727   1.06860549E+002
   1420.47349   1.05519610E+002
   1419.13971   9.62565272E+001
   1417.80594   8.28441964E+001
   1416.47216   6.98910806E+001
   1415.13838   5.94363206E+001
   1413.80460   5.16293669E+001
   1412.47082   4.59994241E+001
   1411.13705   4.20432166E+001
   1409.80327   3.93806134E+001
   1408.46949   3.77627923E+001
   1407.13571   3.70494902E+001
   1405.80193   3.71896172E+001
   1404.46816   3.82129214E+001
   1403.13438   4.02341475E+001
   1401.80060   4.34710241E+001
   1400.46682   4.82785449E+001
   1399.13304   5.52011744E+001
   1397.79927   6.50339666E+001
   1396.46549   7.88381883E+001
   1395.13171   9.77095036E+001
   1393.79793   1.21750505E+002
   1392.46415   1.47492527E+002
   1391.13038   1.65317596E+002
   1389.79660   1.64430877E+002
   1388.46282   1.45322276E+002
   1387.12904   1.19100441E+002
   1385.79527   9.49862066E+001
   1384.46149   7.60949187E+001
   1383.12771   6.21903693E+001
   1381.79393   5.21538484E+001
   1380.46015   4.49312833E+001
   1379.12638   3.97354343E+001
   1377.79260   3.60222597E+001
   1376.45882   3.34278004E+001
   1375.12504   3.17144704E+001
   1373.79126   3.07338630E+001
   1372.45749   3.04034134E+001
   1371.12371   3.06933911E+001
   1369.78993   3.16218269E+001
   1368.45615   3.32563479E+001
   1367.12237   3.57232223E+001
   1365.78860   3.92253192E+001
   1364.45482   4.40722853E+001
   1363.12104   5.07278437E+001
   1361.78726   5.98791114E+001
   1360.45348   7.25245993E+001
   1359.11971   9.00380431E+001
   1357.78593   1.14026295E+002
   1356.45215   1.45422873E+002
   1355.11837   1.81728113E+002
   1353.78459   2.12646281E+002
   1352.45082   2.21831996E+002
   1351.11704   2.02873572E+002
   1349.78326   1.67831092E+002
   1348.44948   1.32071527E+002
   1347.11571   1.02747517E+002
   1345.78193   8.06754058E+001
   1344.44815   6.44843354E+001
   1343.11437   5.25945638E+001
   1341.78059   4.37544125E+001
   1340.44682   3.70720424E+001
   1339.11304   3.19321843E+001
   1337.77926   2.79119650E+001
   1336.44548   2.47182858E+001
   1335.11170   2.21452105E+001
   1333.77793   2.00457758E+001
   1332.44415   1.83134225E+001
   1331.11037   1.68696808E+001
   1329.77659   1.56559116E+001
   1328.44281   1.46276883E+001
   1327.10904   1.37509211E+001
   1325.77526   1.29991436E+001
   1324.44148   1.23515860E+001
   1323.10770   1.17917888E+001
   1321.77392   1.13065922E+001
   1320.44015   1.08853908E+001
   1319.10637   1.05195773E+001
   1317.77259   1.02021236E+001
   1316.43881   9.92726150E+000
   1315.10504   9.69023817E+000
   1313.77126   9.48712613E+000
   1312.43748   9.31467566E+000
   1311.10370   9.17019884E+000
   1309.76992   9.05147812E+000
   1308.43615   8.95669410E+000
   1307.10237   8.88436821E+000
   1305.76859   8.83331733E+000
   1304.43481   8.80261808E+000
   1303.10103   8.79157877E+000
   1301.76726   8.79971794E+000
   1300.43348   8.82674829E+000
   1299.09970   8.87256527E+000
   1297.76592   8.93723987E+000
   1296.43214   9.02101512E+000
   1295.09837   9.12430616E+000
   1293.76459   9.24770371E+000
   1292.43081   9.39198100E+000
   1291.09703   9.55810428E+000
   1289.76325   9.74724718E+000
   1288.42948   9.96080930E+000
   1287.09570   1.02004395E+001
   1285.76192   1.04680648E+001
   1284.42814   1.07659256E+001
   1283.09436   1.10966182E+001
   1281.76059   1.14631471E+001
   1280.42681   1.18689870E+001
   1279.09303   1.23181593E+001
   1277.75925   1.28153245E+001
   1276.42548   1.33658942E+001
   1275.09170   1.39761686E+001
   1273.75792   1.46535061E+001
   1272.42414   1.54065315E+001
   1271.09036   1.62453953E+001
   1269.75659   1.71820979E+001
   1268.42281   1.82308968E+001
   1267.08903   1.94088236E+001
   1265.75525   2.07363429E+001
   1264.42147   2.22382010E+001
   1263.08770   2.39445282E+001
   1261.75392   2.58922830E+001
   1260.42014   2.81271637E+001
   1259.08636   3.07061660E+001
   1257.75258   3.37010422E+001
   1256.41881   3.72030379E+001
   1255.08503   4.13294597E+001
   1253.75125   4.62329040E+001
   1252.41747   5.21144094E+001
   1251.08369   5.92424719E+001
   1249.74992   6.79809386E+001
   1248.41614   7.88305013E+001
   1247.08236   9.24911671E+001
   1245.74858   1.09957043E+002
   1244.41480   1.32659903E+002
   1243.08103   1.62681825E+002
   1241.74725   2.03047816E+002
   1240.41347   2.58042718E+002
   1239.07969   3.33229721E+002
   1237.74592   4.34007699E+002
   1236.41214   5.59689155E+002
   1235.07836   6.89605208E+002
   1233.74458   7.72084544E+002
   1232.41080   7.56209407E+002
   1231.07703   6.52910872E+002
   1229.74325   5.20212244E+002
   1228.40947   4.01056459E+002
   1227.07569   3.08314358E+002
   1225.74191   2.39787426E+002
   1224.40814   1.89693743E+002
   1223.07436   1.52804428E+002
   1221.74058   1.25237788E+002
   1220.40680   1.04285018E+002
   1219.07302   8.80853579E+001
   1217.73925   7.53565092E+001
   1216.40547   6.52046886E+001
   1215.07169   5.69976618E+001
   1213.73791   5.02810856E+001
   1212.40413   4.47232807E+001
   1211.07036   4.00784294E+001
   1209.73658   3.61617348E+001
   1208.40280   3.28324145E+001
   1207.06902   2.99818872E+001
   1205.73525   2.75254481E+001
   1204.40147   2.53963215E+001
   1203.06769   2.35413555E+001
   1201.73391   2.19178666E+001
   1200.40013   2.04912994E+001
   1199.06636   1.92334730E+001
   1197.73258   1.81212525E+001
   1196.39880   1.71355338E+001
   1195.06502   1.62604603E+001
   1193.73124   1.54828145E+001
   1192.39747   1.47915423E+001
   1191.06369   1.41773771E+001
   1189.72991   1.36325441E+001
   1188.39613   1.31505241E+001
   1187.06235   1.27258664E+001
   1185.72858   1.23540401E+001
   1184.39480   1.20313164E+001
   1183.06102   1.17546772E+001
   1181.72724   1.15217440E+001
   1180.39346   1.13307271E+001
   1179.05969   1.11803901E+001
   1177.72591   1.10700300E+001
   1176.39213   1.09994723E+001
   1175.05835   1.09690807E+001
   1173.72457   1.09797823E+001
   1172.39080   1.10331106E+001
   1171.05702   1.11312681E+001
   1169.72324   1.12772131E+001
   1168.38946   1.14747749E+001
   1167.05569   1.17288059E+001
   1165.72191   1.20453793E+001
   1164.38813   1.24320474E+001
   1163.05435   1.28981777E+001
   1161.72057   1.34553934E+001
   1160.38680   1.41181551E+001
   1159.05302   1.49045328E+001
   1157.71924   1.58372424E+001
   1156.38546   1.69450501E+001
   1155.05168   1.82646985E+001
   1153.71791   1.98435791E+001
   1152.38413   2.17434907E+001
   1151.05035   2.40459986E+001
   1149.71657   2.68601857E+001
   1148.38279   3.03340263E+001
   1147.04902   3.46713101E+001
   1145.71524   4.01571275E+001
   1144.38146   4.71965395E+001
   1143.04768   5.63731435E+001
   1141.71390   6.85357599E+001
   1140.38013   8.49175111E+001
   1139.04635   1.07263902E+002
   1137.71257   1.37836213E+002
   1136.37879   1.78810654E+002
   1135.04502   2.29836374E+002
   1133.71124   2.82358271E+002
   1132.37746   3.15273286E+002
   1131.04368   3.08158877E+002
   1129.70990   2.65890398E+002
   1128.37613   2.12065752E+002
   1127.04235   1.63899645E+002
   1125.70857   1.26468808E+002
   1124.37479   9.88381784E+001
   1123.04101   7.86653482E+001
   1121.70724   6.38459995E+001
   1120.37346   5.28259031E+001
   1119.03968   4.45284753E+001
   1117.70590   3.82211831E+001
   1116.37212   3.33956309E+001
   1115.03835   2.96586309E+001
   1113.70457   2.66341522E+001
   1112.37079   2.39610464E+001
   1111.03701   2.14531173E+001
   1109.70323   1.91545225E+001
   1108.36946   1.71532407E+001
   1107.03568   1.54627438E+001
   1105.70190   1.40445675E+001
   1104.36812   1.28487831E+001
   1103.03434   1.18313504E+001
   1101.70057   1.09574766E+001
   1100.36679   1.02004831E+001
   1099.03301   9.53992728E+000
   1097.69923   8.95999638E+000
   1096.36546   8.44831412E+000
   1095.03168   7.99508937E+000
   1093.69790   7.59251450E+000
   1092.36412   7.23434004E+000
   1091.03034   6.91557478E+000
   1089.69657   6.63227850E+000
   1088.36279   6.38142737E+000
   1087.02901   6.16084168E+000
   1085.69523   5.96917447E+000
   1084.36145   5.80596793E+000
   1083.02768   5.67179561E+000
   1081.69390   5.56852287E+000
   1080.36012   5.49973985E+000
   1079.02634   5.47144866E+000
   1077.69256   5.49311322E+000
   1076.35879   5.57915718E+000
   1075.02501   5.75074171E+000
   1073.69123   6.03655966E+000
   1072.35745   6.46774118E+000
   1071.02367   7.05296104E+000
   1069.68990   7.71176929E+000
   1068.35612   8.19475298E+000
   1067.02234   8.18624905E+000
   1065.68856   7.65242864E+000
   1064.35478   6.88690536E+000
   1063.02101   6.16579021E+000
   1061.68723   5.59324440E+000
   1060.35345   5.16919038E+000
   1059.01967   4.86343346E+000
   1057.68590   4.64604018E+000
   1056.35212   4.49442455E+000
   1055.01834   4.39303924E+000
   1053.68456   4.33163453E+000
   1052.35078   4.30370774E+000
   1051.01701   4.30540882E+000
   1049.68323   4.33483685E+000
   1048.34945   4.39162088E+000
   1047.01567   4.47670375E+000
   1045.68189   4.59227850E+000
   1044.34812   4.74185311E+000
   1043.01434   4.93044063E+000
   1041.68056   5.16489109E+000
   1040.34678   5.45440347E+000
   1039.01300   5.81128409E+000
   1037.67923   6.25205890E+000
   1036.34545   6.79910930E+000
   1035.01167   7.48309890E+000
   1033.67789   8.34661185E+000
   1032.34411   9.44965857E+000
   1031.01034   1.08780428E+001
   1029.67656   1.27559738E+001
   1028.34278   1.52643939E+001
   1027.00900   1.86647650E+001
   1025.67523   2.33192238E+001
   1024.34145   2.96659346E+001
   1023.00767   3.80174563E+001
   1021.67389   4.78988286E+001
   1020.34011   5.68598057E+001
   1019.00634   6.04948361E+001
   1017.67256   5.63736303E+001
   1016.33878   4.72206251E+001
   1015.00500   3.73897332E+001
   1013.67122   2.91685040E+001
   1012.33745   2.29456859E+001
   1011.00367   1.83869575E+001
   1009.66989   1.50563245E+001
   1008.33611   1.25987618E+001
   1007.00233   1.07592395E+001
   1005.66856   9.36162142E+000
   1004.33478   8.28513521E+000
   1003.00100   7.44646560E+000
   1001.66722   6.78748498E+000
   1000.33344   6.26712971E+000
    998.99967   5.85606201E+000
    997.66589   5.53315018E+000
    996.33211   5.28313060E+000
    994.99833   5.09504481E+000
    993.66455   4.96119355E+000
    992.33078   4.87644502E+000
    990.99700   4.83779531E+000
    989.66322   4.84411944E+000
    988.32944   4.89607909E+000
    986.99567   4.99617478E+000
    985.66189   5.14894913E+000
    984.32811   5.36136839E+000
    982.99433   5.64343473E+000
    981.66055   6.00911762E+000
    980.32678   6.47774623E+000
    978.99300   7.07608790E+000
    977.65922   7.84146770E+000
    976.32544   8.82648720E+000
    974.99166   1.01062018E+001
    973.65789   1.17890101E+001
    972.32411   1.40328151E+001
    970.99033   1.70673629E+001
    969.65655   2.12187951E+001
    968.32277   2.69127527E+001
    966.98900   3.45698596E+001
    965.65522   4.41667808E+001
    964.32144   5.41851977E+001
    962.98766   6.07130576E+001
    961.65388   5.97397800E+001
    960.32011   5.19176380E+001
    958.98633   4.16797718E+001
    957.65255   3.24165768E+001
    956.31877   2.51816194E+001
    954.98499   1.98263802E+001
    953.65122   1.59072532E+001
    952.31744   1.30181862E+001
    950.98366   1.08566488E+001
    949.64988   9.21127532E+000
    948.31611   7.93683895E+000
    946.98233   6.93327585E+000
    945.64855   6.13086075E+000
    944.31477   5.48028835E+000
    942.98099   4.94613681E+000
    941.64722   4.50255349E+000
    940.31344   4.13038103E+000
    938.97966   3.81521839E+000
    937.64588   3.54609395E+000
    936.31210   3.31454418E+000
    934.97833   3.11396468E+000
    933.64455   2.93914666E+000
    932.31077   2.78594150E+000
    930.97699   2.65101495E+000
    929.64321   2.53166491E+000
    928.30944   2.42568476E+000
    926.97566   2.33125987E+000
    925.64188   2.24688849E+000
    924.30810   2.17132066E+000
    922.97432   2.10351065E+000
    921.64055   2.04257971E+000
    920.30677   1.98778663E+000
    918.97299   1.93850433E+000
    917.63921   1.89420112E+000
    916.30544   1.85442572E+000
    914.97166   1.81879510E+000
    913.63788   1.78698464E+000
    912.30410   1.75872025E+000
    910.97032   1.73377186E+000
    909.63655   1.71194826E+000
    908.30277   1.69309292E+000
    906.96899   1.67708068E+000
    905.63521   1.66381522E+000
    904.30143   1.65322712E+000
    902.96766   1.64527251E+000
    901.63388   1.63993236E+000
    900.30010   1.63721208E+000
    898.96632   1.63714183E+000
    897.63254   1.63977717E+000
    896.29877   1.64520035E+000
    894.96499   1.65352211E+000
    893.63121   1.66488419E+000
    892.29743   1.67946248E+000
    890.96365   1.69747115E+000
    889.62988   1.71916768E+000
    888.29610   1.74485922E+000
    886.96232   1.77491041E+000
    885.62854   1.80975298E+000
    884.29476   1.84989776E+000
    882.96099   1.89594953E+000
    881.62721   1.94862545E+000
    880.29343   2.00877825E+000
    878.95965   2.07742539E+000
    877.62588   2.15578597E+000
    876.29210   2.24532790E+000
    874.95832   2.34782855E+000
    873.62454   2.46545340E+000
    872.29076   2.60085899E+000
    870.95699   2.75732897E+000
    869.62321   2.93895578E+000
    868.28943   3.15088586E+000
    866.95565   3.39965477E+000
    865.62187   3.69365059E+000
    864.28810   4.04376369E+000
    862.95432   4.46431009E+000
    861.62054   4.97436302E+000
    860.28676   5.59970086E+000
    858.95298   6.37569768E+000
    857.61921   7.35166638E+000
    856.28543   8.59744211E+000
    854.95165   1.02133683E+001
    853.61787   1.23451860E+001
    852.28409   1.52049465E+001
    850.95032   1.90953477E+001
    849.61654   2.44191055E+001
    848.28276   3.16030384E+001
    846.94898   4.07406791E+001
    845.61521   5.06586773E+001
    844.28143   5.78704032E+001
    842.94765   5.81609301E+001
    841.61387   5.13262937E+001
    840.28009   4.14497421E+001
    838.94632   3.21810665E+001
    837.61254   2.48384081E+001
    836.27876   1.93815597E+001
    834.94498   1.53906851E+001
    833.61120   1.24568224E+001
    832.27743   1.02697802E+001
    830.94365   8.61163437E+000
    829.60987   7.33253237E+000
    828.27609   6.32935116E+000
    826.94231   5.53038689E+000
    825.60854   4.88506106E+000
    824.27476   4.35713072E+000
    822.94098   3.92021110E+000
    821.60720   3.55479809E+000
    820.27342   3.24626362E+000
    818.93965   2.98348692E+000
    817.60587   2.75790618E+000
    816.27209   2.56285209E+000
    814.93831   2.39307279E+000
    813.60453   2.24439077E+000
    812.27076   2.11345191E+000
    810.93698   1.99753976E+000
    809.60320   1.89443644E+000
    808.26942   1.80231750E+000
    806.93565   1.71967158E+000
    805.60187   1.64523842E+000
    804.26809   1.57796069E+000
    802.93431   1.51694621E+000
    801.60053   1.46143803E+000
    800.26676   1.41079072E+000
    798.93298   1.36445125E+000
    797.59920   1.32194366E+000
    796.26542   1.28285652E+000
    794.93164   1.24683279E+000
    793.59787   1.21356142E+000
    792.26409   1.18277044E+000
    790.93031   1.15422125E+000
    789.59653   1.12770382E+000
    788.26275   1.10303271E+000
    786.92898   1.08004371E+000
    785.59520   1.05859098E+000
    784.26142   1.03854468E+000
    782.92764   1.01978889E+000
    781.59386   1.00221988E+000
    780.26009   9.85744620E-001
    778.92631   9.70279468E-001
    777.59253   9.55749093E-001
    776.25875   9.42085498E-001
    774.92497   9.29227193E-001
    773.59120   9.17118467E-001
    772.25742   9.05708766E-001
    770.92364   8.94952135E-001
    769.58986   8.84806735E-001
    768.25609   8.75234425E-001
    766.92231   8.66200381E-001
    765.58853   8.57672769E-001
    764.25475   8.49622456E-001
    762.92097   8.42022748E-001
    761.58720   8.34849165E-001
    760.25342   8.28079234E-001
    758.91964   8.21692308E-001
    757.58586   8.15669405E-001
    756.25208   8.09993066E-001
    754.91831   8.04647220E-001
    753.58453   7.99617073E-001
    752.25075   7.94889001E-001
    750.91697   7.90450461E-001
    749.58319   7.86289902E-001
    748.24942   7.82396694E-001
    746.91564   7.78761056E-001
    745.58186   7.75373999E-001
    744.24808   7.72227271E-001
    742.91430   7.69313304E-001
    741.58053   7.66625173E-001
    740.24675   7.64156554E-001
    738.91297   7.61901692E-001
    737.57919   7.59855362E-001
    736.24542   7.58012848E-001
    734.91164   7.56369913E-001
    733.57786   7.54922778E-001
    732.24408   7.53668100E-001
    730.91030   7.52602959E-001
    729.57653   7.51724839E-001
    728.24275   7.51031618E-001
    726.90897   7.50521554E-001
    725.57519   7.50193282E-001
    724.24141   7.50045803E-001
    722.90764   7.50078479E-001
    721.57386   7.50291035E-001
    720.24008   7.50683554E-001
    718.90630   7.51256479E-001
    717.57252   7.52010618E-001
    716.23875   7.52947147E-001
    714.90497   7.54067617E-001
    713.57119   7.55373966E-001
    712.23741   7.56868526E-001
    710.90363   7.58554042E-001
    709.56986   7.60433683E-001
    708.23608   7.62511064E-001
    706.90230   7.64790270E-001
    705.56852   7.67275877E-001
    704.23474   7.69972982E-001
    702.90097   7.72887236E-001
    701.56719   7.76024883E-001
    700.23341   7.79392795E-001
    698.89963   7.82998527E-001
    697.56586   7.86850361E-001
    696.23208   7.90957372E-001
    694.89830   7.95329490E-001
    693.56452   7.99977576E-001
    692.23074   8.04913509E-001
    690.89697   8.10150273E-001
    689.56319   8.15702072E-001
    688.22941   8.21584449E-001
    686.89563   8.27814417E-001
    685.56185   8.34410623E-001
    684.22808   8.41393515E-001
    682.89430   8.48785550E-001
    681.56052   8.56611419E-001
    680.22674   8.64898306E-001
    678.89296   8.73676194E-001
    677.55919   8.82978203E-001
    676.22541   8.92840991E-001
    674.89163   9.03305211E-001
    673.55785   9.14416047E-001
    672.22407   9.26223827E-001
    670.89030   9.38784754E-001
    669.55652   9.52161748E-001
    668.22274   9.66425448E-001
    666.88896   9.81655390E-001
    665.55519   9.97941401E-001
    664.22141   1.01538527E+000
    662.88763   1.03410276E+000
    661.55385   1.05422595E+000
    660.22007   1.07590624E+000
    658.88630   1.09931778E+000
    657.55252   1.12466187E+000
    656.21874   1.15217227E+000
    654.88496   1.18212178E+000
    653.55118   1.21483052E+000
    652.21741   1.25067625E+000
    650.88363   1.29010760E+000
    649.54985   1.33366080E+000
    648.21607   1.38198143E+000
    646.88229   1.43585265E+000
    645.54852   1.49623243E+000
    644.21474   1.56430301E+000
    642.88096   1.64153759E+000
    641.54718   1.72979115E+000
    640.21340   1.83142595E+000
    638.87963   1.94948727E+000
    637.54585   2.08795316E+000
    636.21207   2.25209471E+000
    634.87829   2.44900343E+000
    633.54451   2.68837453E+000
    632.21074   2.98368399E+000
    630.87696   3.35396943E+000
    629.54318   3.82651316E+000
    628.20940   4.44076769E+000
    626.87563   5.25359000E+000
    625.54185   6.34428282E+000
    624.20807   7.81202707E+000
    622.87429   9.74073817E+000
    621.54051   1.20730152E+001
    620.20674   1.43553963E+001
    618.87296   1.56527196E+001
    617.53918   1.52944354E+001
    616.20540   1.37464695E+001
    614.87162   1.20216173E+001
    613.53785   1.07500713E+001
    612.20407   1.01200661E+001
    610.87029   1.01503868E+001
    609.53651   1.08583914E+001
    608.20273   1.23131115E+001
    606.86896   1.46097751E+001
    605.53518   1.77204959E+001
    604.20140   2.11260083E+001
    602.86762   2.34533729E+001
    601.53384   2.31820986E+001
    600.20007   2.03869239E+001
    598.86629   1.66221046E+001
    597.53251   1.31681554E+001
    596.19873   1.04520250E+001
    594.86495   8.43511359E+000
    593.53118   6.95724362E+000
    592.19740   5.86792983E+000
    590.86362   5.05407080E+000
    589.52984   4.43633169E+000
    588.19607   3.96007539E+000
    586.86229   3.58758926E+000
    585.52851   3.29255168E+000
    584.19473   3.05631845E+000
    582.86095   2.86547179E+000
    581.52718   2.71020119E+000
    580.19340   2.58322402E+000
    578.85962   2.47905676E+000
    577.52584   2.39351586E+000
    576.19206   2.32337085E+000
    574.85829   2.26609967E+000
    573.52451   2.21971371E+000
    572.19073   2.18263111E+000
    570.85695   2.15358361E+000
    569.52317   2.13154759E+000
    568.18940   2.11569209E+000
    566.85562   2.10533957E+000
    565.52184   2.09993575E+000
    564.18806   2.09902634E+000
    562.85428   2.10223896E+000
    561.52051   2.10926893E+000
    560.18673   2.11986807E+000
    558.85295   2.13383582E+000
    557.51917   2.15101215E+000
    556.18540   2.17127191E+000
    554.85162   2.19452032E+000
    553.51784   2.22068935E+000
    552.18406   2.24973480E+000
    550.85028   2.28163406E+000
    549.51651   2.31638431E+000
    548.18273   2.35400112E+000
    546.84895   2.39451746E+000
    545.51517   2.43798298E+000
    544.18139   2.48446356E+000
    542.84762   2.53404111E+000
    541.51384   2.58681357E+000
    540.18006   2.64289519E+000
    538.84628   2.70241689E+000
    537.51250   2.76552692E+000
    536.17873   2.83239167E+000
    534.84495   2.90319671E+000
    533.51117   2.97814800E+000
    532.17739   3.05747338E+000
    530.84361   3.14142431E+000
    529.50984   3.23027780E+000
    528.17606   3.32433874E+000
    526.84228   3.42394249E+000
    525.50850   3.52945794E+000
    524.17472   3.64129086E+000
    522.84095   3.75988788E+000
    521.50717   3.88574093E+000
    520.17339   4.01939237E+000
    518.83961   4.16144083E+000
    517.50584   4.31254798E+000
    516.17206   4.47344617E+000
    514.83828   4.64494736E+000
    513.50450   4.82795340E+000
    512.17072   5.02346782E+000
    510.83695   5.23260968E+000
    509.50317   5.45662951E+000
    508.16939   5.69692807E+000
    506.83561   5.95507822E+000
    505.50183   6.23285063E+000
    504.16806   6.53224420E+000
    502.83428   6.85552194E+000
    501.50050   7.20525371E+000
    500.16672   7.58436728E+000
    498.83294   7.99620947E+000
    497.49917   8.44461990E+000
    496.16539   8.93402025E+000
    494.83161   9.46952297E+000
    493.49783   1.00570643E+001
    492.16405   1.07035678E+001
    490.83028   1.14171479E+001
    489.49650   1.22073617E+001
    488.16272   1.30855275E+001
    486.82894   1.40651255E+001
    485.49517   1.51623098E+001
    484.16139   1.63965653E+001
    482.82761   1.77915596E+001
    481.49383   1.93762569E+001
    480.16005   2.11863901E+001
    478.82628   2.32664251E+001
    477.49250   2.56722131E+001
    476.15872   2.84746139E+001
    474.82494   3.17645075E+001
    473.49116   3.56598207E+001
    472.15739   4.03155140E+001
    470.82361   4.59379858E+001
    469.48983   5.28061479E+001
    468.15605   6.13027042E+001
    466.82227   7.19611544E+001
    465.48850   8.55370488E+001
    464.15472   1.03116054E+002
    462.82094   1.26274984E+002
    461.48716   1.57307583E+002
    460.15338   1.99485710E+002
    458.81961   2.57153064E+002
    457.48583   3.34880161E+002
    456.15205   4.33542451E+002
    454.81827   5.40174433E+002
    453.48449   6.16898873E+002
    452.15072   6.18745953E+002
    450.81694   5.44569209E+002
    449.48316   4.38603470E+002
    448.14938   3.39653662E+002
    446.81561   2.61510011E+002
    445.48183   2.03607492E+002
    444.14805   1.61426738E+002
    442.81427   1.30603342E+002
    441.48049   1.07841440E+002
    440.14672   9.08376046E+001
    438.81294   7.80225186E+001
    437.47916   6.83357816E+001
    436.14538   6.10669396E+001
    434.81160   5.57523195E+001
    433.47783   5.21126479E+001
    432.14405   5.00205182E+001
    430.81027   4.94914599E+001
    429.47649   5.06952302E+001
    428.14271   5.39816887E+001
    426.80894   5.98971600E+001
    425.47516   6.90997635E+001
    424.14138   8.19022846E+001
    422.80760   9.69424300E+001
    421.47382   1.09230059E+002
    420.14005   1.11360617E+002
    418.80627   1.01020775E+002
    417.47249   8.40578411E+001
    416.13871   6.72310925E+001
    414.80493   5.34937806E+001
    413.47116   4.30818040E+001
    412.13738   3.53399840E+001
    410.80360   2.95523590E+001
    409.46982   2.51580169E+001
    408.13605   2.17579157E+001
    406.80227   1.90760729E+001
    405.46849   1.69219069E+001
    404.13471   1.51624946E+001
    402.80093   1.37037419E+001
    401.46716   1.24779245E+001
    400.13338   1.14354661E+001
    398.79960   1.05394735E+001
    397.46582   9.76205935E+000
    396.13204   9.08183161E+000
    394.79827   8.48215486E+000
    393.46449   7.94992719E+000
    392.13071   7.47470761E+000
    390.79693   7.04808453E+000
    389.46315   6.66321283E+000
    388.12938   6.31447002E+000
    386.79560   5.99719797E+000
    385.46182   5.70750663E+000
    384.12804   5.44212332E+000
    382.79426   5.19827594E+000
    381.46049   4.97360144E+000
    380.12671   4.76607369E+000
    378.79293   4.57394594E+000
    377.45915   4.39570475E+000
    376.12538   4.23003272E+000
    374.79160   4.07577815E+000
    373.45782   3.93193028E+000
    372.12404   3.79759876E+000
    370.79026   3.67199678E+000
    369.45649   3.55442695E+000
    368.12271   3.44426945E+000
    366.78893   3.34097216E+000
    365.45515   3.24404229E+000
    364.12137   3.15303923E+000
    362.78760   3.06756860E+000
    361.45382   2.98727706E+000
    360.12004   2.91184798E+000
    358.78626   2.84099767E+000
    357.45248   2.77447219E+000
    356.11871   2.71204463E+000
    354.78493   2.65351282E+000
    353.45115   2.59869732E+000
    352.11737   2.54743981E+000
    350.78359   2.49960175E+000
    349.44982   2.45506321E+000
    348.11604   2.41372211E+000
    346.78226   2.37549348E+000
    345.44848   2.34030911E+000
    344.11470   2.30811734E+000
    342.78093   2.27888306E+000
    341.44715   2.25258794E+000
    340.11337   2.22923094E+000
    338.77959   2.20882901E+000
    337.44582   2.19141812E+000
    336.11204   2.17705463E+000
    334.77826   2.16581692E+000
    333.44448   2.15780758E+000
    332.11070   2.15315602E+000
    330.77693   2.15202165E+000
    329.44315   2.15459782E+000
    328.10937   2.16111658E+000
    326.77559   2.17185452E+000
    325.44181   2.18713976E+000
    324.10804   2.20736069E+000
    322.77426   2.23297651E+000
    321.44048   2.26453030E+000
    320.10670   2.30266518E+000
    318.77292   2.34814435E+000
    317.43915   2.40187621E+000
    316.10537   2.46494595E+000
    314.77159   2.53865562E+000
    313.43781   2.62457528E+000
    312.10403   2.72460883E+000
    310.77026   2.84107954E+000
    309.43648   2.97684209E+000
    308.10270   3.13543092E+000
    306.76892   3.32125852E+000
    305.43515   3.53988379E+000
    304.10137   3.79837923E+000
    302.76759   4.10583997E+000
    301.43381   4.47409891E+000
    300.10003   4.91874545E+000
    298.76626   5.46059788E+000
    297.43248   6.12786254E+000
    296.09870   6.95934461E+000
    294.76492   8.00928095E+000
    293.43114   9.35467198E+000
    292.09737   1.11063896E+001
    290.76359   1.34256448E+001
    289.42981   1.65467166E+001
    288.09603   2.08018297E+001
    286.76225   2.66238413E+001
    285.42848   3.44383569E+001
    284.09470   4.42135596E+001
    282.76092   5.43883710E+001
    281.42714   6.09744062E+001
    280.09336   5.99274473E+001
    278.75959   5.19634709E+001
    277.42581   4.15910729E+001
    276.09203   3.22265729E+001
    274.75825   2.49210580E+001
    273.42447   1.95178810E+001
    272.09070   1.55665120E+001
    270.75692   1.26559795E+001
    269.42314   1.04804111E+001
    268.08936   8.82618689E+000
    266.75559   7.54654986E+000
    265.42181   6.54038554E+000
    264.08803   5.73723795E+000
    262.75425   5.08728688E+000
    261.42047   4.55474317E+000
    260.08670   4.11348935E+000
    258.75292   3.74417534E+000
    257.41914   3.43225887E+000
    256.08536   3.16666436E+000
    254.75158   2.93885158E+000
    253.41781   2.74215966E+000
    252.08403   2.57133850E+000
    250.75025   2.42220972E+000
    249.41647   2.29141812E+000
    248.08269   2.17624755E+000
    246.74892   2.07448275E+000
    245.41514   1.98430485E+000
    244.08136   1.90421141E+000
    242.74758   1.83295476E+000
    241.41380   1.76949404E+000
    240.08003   1.71295766E+000
    238.74625   1.66261366E+000
    237.41247   1.61784621E+000
    236.07869   1.57813686E+000
    234.74491   1.54304952E+000
    233.41114   1.51221847E+000
    232.07736   1.48533868E+000
    230.74358   1.46215806E+000
    229.40980   1.44247130E+000
    228.07603   1.42611503E+000
    226.74225   1.41296406E+000
    225.40847   1.40292858E+000
    224.07469   1.39595223E+000
    222.74091   1.39201092E+000
    221.40714   1.39111239E+000
    220.07336   1.39329649E+000
    218.73958   1.39863615E+000
    217.40580   1.40723916E+000
    216.07202   1.41925077E+000
    214.73825   1.43485721E+000
    213.40447   1.45429034E+000
    212.07069   1.47783349E+000
    210.73691   1.50582901E+000
    209.40313   1.53868747E+000
    208.06936   1.57689942E+000
    206.73558   1.62104987E+000
    205.40180   1.67183653E+000
    204.06802   1.73009272E+000
    202.73424   1.79681627E+000
    201.40047   1.87320628E+000
    200.06669   1.96071005E+000
    198.73291   2.06108363E+000
    197.39913   2.17647044E+000
    196.06536   2.30950432E+000
    194.73158   2.46344589E+000
    193.39780   2.64236502E+000
    192.06402   2.85138737E+000
    190.73024   3.09703190E+000
    189.39647   3.38767846E+000
    188.06269   3.73422437E+000
    186.72891   4.15101941E+000
    185.39513   4.65721637E+000
    184.06135   5.27875060E+000
    182.72758   6.05128233E+000
    181.39380   7.02462378E+000
    180.06002   8.26945432E+000
    178.72624   9.88749731E+000
    177.39246   1.20266277E+001
    176.05869   1.49018103E+001
    174.72491   1.88183605E+001
    173.39113   2.41760472E+001
    172.05735   3.13751714E+001
    170.72357   4.04148568E+001
    169.38980   4.99162150E+001
    168.05602   5.62410538E+001
    166.72224   5.55468905E+001
    165.38846   4.83101733E+001
    164.05468   3.86816312E+001
    162.72091   2.99185137E+001
    161.38713   2.30609361E+001
    160.05335   1.79848029E+001
    158.71957   1.42733623E+001
    157.38580   1.15414107E+001
    156.05202   9.50113930E+000
    154.71824   7.95130167E+000
    153.38446   6.75362020E+000
    152.05068   5.81285046E+000
    150.71691   5.06265895E+000
    149.38313   4.45616680E+000
    148.04935   3.95971733E+000
    146.71557   3.54876324E+000
    145.38179   3.20512777E+000
    144.04802   2.91515766E+000
    142.71424   2.66845965E+000
    141.38046   2.45702363E+000
    140.04668   2.27460531E+000
    138.71290   2.11628545E+000
    137.37913   1.97815115E+000
    136.04535   1.85706241E+000
    134.71157   1.75047919E+000
    133.37779   1.65633184E+000
    132.04401   1.57292317E+000
    130.71024   1.49885356E+000
    129.37646   1.43296345E+000
    128.04268   1.37428858E+000
    126.70890   1.32202523E+000
    125.37513   1.27550284E+000
    124.04135   1.23416259E+000
    122.70757   1.19754051E+000
    121.37379   1.16525434E+000
    120.04001   1.13699338E+000
    118.70624   1.11251077E+000
    117.37246   1.09161808E+000
    116.03868   1.07418173E+000
    114.70490   1.06012136E+000
    113.37112   1.04941002E+000
    112.03735   1.04207638E+000
    110.70357   1.03820927E+000
    109.36979   1.03796485E+000
    108.03601   1.04157738E+000
    106.70223   1.04937438E+000
    105.36846   1.06179787E+000
    104.03468   1.07943385E+000
    102.70090   1.10305343E+000
    101.36712   1.13367055E+000
    100.03334   1.17262375E+000
     98.69957   1.22169361E+000
     97.36579   1.28327348E+000
     96.03201   1.36062127E+000
     94.69823   1.45823567E+000
     93.36445   1.58242395E+000
     92.03068   1.74216203E+000
     90.69690   1.95038352E+000
     89.36312   2.22582734E+000
     88.02934   2.59534590E+000
     86.69557   3.09550708E+000
     85.36179   3.76860407E+000
     84.02801   4.63823822E+000
     82.69423   5.63636395E+000
     81.36045   6.49229405E+000
     80.02668   6.79042914E+000
     78.69290   6.38856513E+000
     77.35912   5.61273929E+000
     76.02534   4.85689539E+000
     74.69156   4.30361455E+000
     73.35779   3.98064824E+000
     72.02401   3.86694619E+000
     70.69023   3.94327502E+000
     69.35645   4.20811378E+000
     68.02267   4.68270339E+000
     66.68890   5.41520829E+000
     65.35512   6.48613792E+000
     64.02134   8.01055750E+000
     62.68756   1.01173525E+001
     61.35378   1.28488099E+001
     60.02001   1.58873822E+001
     58.68623   1.82113928E+001
     57.35245   1.84780812E+001
     56.01867   1.64788847E+001
     54.68489   1.34197070E+001
     53.35112   1.04853178E+001
     52.01734   8.13776729E+000
     50.68356   6.38521423E+000
     49.34978   5.10044843E+000
     48.01601   4.15439141E+000
     46.68223   3.44800660E+000
     45.34845   2.91143854E+000
     44.01467   2.49659313E+000
     42.68089   2.17036972E+000
     41.34712   1.90975921E+000
     40.01334   1.69853753E+000
     38.67956   1.52508268E+000
     37.34578   1.38093537E+000
     36.01200   1.25984245E+000
     34.67823   1.15711328E+000
     33.34445   1.06918067E+000
     32.01067   9.93296897E-001
     30.67689   9.27320140E-001
     29.34311   8.69562420E-001
     28.00934   8.18679775E-001
     26.67556   7.73591968E-001
     25.34178   7.33423067E-001
     24.00800   6.97456967E-001
     22.67422   6.65103756E-001
     21.34045   6.35874003E-001
     20.00667   6.09358937E-001
     18.67289   5.85215026E-001
     17.33911   5.63151872E-001
     16.00534   5.42922646E-001
     14.67156   5.24316464E-001
     13.33778   5.07152278E-001
     12.00400   4.91273937E-001
     10.67022   4.76546181E-001
      9.33645   4.62851362E-001
      8.00267   4.50086752E-001
      6.66889   4.38162321E-001
      5.33511   4.26998890E-001
      4.00133   4.16526588E-001
      2.66756   4.06683564E-001
      1.33378   3.97414898E-001
      0.00000   3.88671687E-001
