   4000.00000   3.10493824E-002
   3998.66622   3.11086630E-002
   3997.33244   3.11681293E-002
   3995.99867   3.12277820E-002
   3994.66489   3.12876219E-002
   3993.33111   3.13476500E-002
   3991.99733   3.14078670E-002
   3990.66355   3.14682738E-002
   3989.32978   3.15288713E-002
   3987.99600   3.15896602E-002
   3986.66222   3.16506415E-002
   3985.32844   3.17118160E-002
   3983.99466   3.17731845E-002
   3982.66089   3.18347480E-002
   3981.32711   3.18965073E-002
   3979.99333   3.19584633E-002
   3978.65955   3.20206168E-002
   3977.32578   3.20829689E-002
   3975.99200   3.21455203E-002
   3974.65822   3.22082720E-002
   3973.32444   3.22712249E-002
   3971.99066   3.23343798E-002
   3970.65689   3.23977378E-002
   3969.32311   3.24612997E-002
   3967.98933   3.25250665E-002
   3966.65555   3.25890391E-002
   3965.32177   3.26532184E-002
   3963.98800   3.27176054E-002
   3962.65422   3.27822010E-002
   3961.32044   3.28470062E-002
   3959.98666   3.29120220E-002
   3958.65288   3.29772493E-002
   3957.31911   3.30426890E-002
   3955.98533   3.31083423E-002
   3954.65155   3.31742100E-002
   3953.31777   3.32402932E-002
   3951.98399   3.33065928E-002
   3950.65022   3.33731099E-002
   3949.31644   3.34398455E-002
   3947.98266   3.35068005E-002
   3946.64888   3.35739761E-002
   3945.31511   3.36413731E-002
   3943.98133   3.37089927E-002
   3942.64755   3.37768360E-002
   3941.31377   3.38449039E-002
   3939.97999   3.39131975E-002
   3938.64622   3.39817178E-002
   3937.31244   3.40504660E-002
   3935.97866   3.41194431E-002
   3934.64488   3.41886502E-002
   3933.31110   3.42580883E-002
   3931.97733   3.43277587E-002
   3930.64355   3.43976622E-002
   3929.30977   3.44678002E-002
   3927.97599   3.45381736E-002
   3926.64221   3.46087836E-002
   3925.30844   3.46796314E-002
   3923.97466   3.47507180E-002
   3922.64088   3.48220446E-002
   3921.30710   3.48936123E-002
   3919.97332   3.49654224E-002
   3918.63955   3.50374759E-002
   3917.30577   3.51097741E-002
   3915.97199   3.51823181E-002
   3914.63821   3.52551090E-002
   3913.30443   3.53281482E-002
   3911.97066   3.54014367E-002
   3910.63688   3.54749759E-002
   3909.30310   3.55487668E-002
   3907.96932   3.56228108E-002
   3906.63555   3.56971090E-002
   3905.30177   3.57716627E-002
   3903.96799   3.58464731E-002
   3902.63421   3.59215416E-002
   3901.30043   3.59968693E-002
   3899.96666   3.60724575E-002
   3898.63288   3.61483075E-002
   3897.29910   3.62244206E-002
   3895.96532   3.63007981E-002
   3894.63154   3.63774412E-002
   3893.29777   3.64543514E-002
   3891.96399   3.65315298E-002
   3890.63021   3.66089779E-002
   3889.29643   3.66866969E-002
   3887.96265   3.67646883E-002
   3886.62888   3.68429533E-002
   3885.29510   3.69214933E-002
   3883.96132   3.70003097E-002
   3882.62754   3.70794039E-002
   3881.29376   3.71587773E-002
   3879.95999   3.72384312E-002
   3878.62621   3.73183671E-002
   3877.29243   3.73985864E-002
   3875.95865   3.74790904E-002
   3874.62487   3.75598807E-002
   3873.29110   3.76409587E-002
   3871.95732   3.77223258E-002
   3870.62354   3.78039834E-002
   3869.28976   3.78859332E-002
   3867.95599   3.79681765E-002
   3866.62221   3.80507148E-002
   3865.28843   3.81335497E-002
   3863.95465   3.82166826E-002
   3862.62087   3.83001151E-002
   3861.28710   3.83838487E-002
   3859.95332   3.84678849E-002
   3858.61954   3.85522253E-002
   3857.28576   3.86368715E-002
   3855.95198   3.87218250E-002
   3854.61821   3.88070874E-002
   3853.28443   3.88926603E-002
   3851.95065   3.89785453E-002
   3850.61687   3.90647440E-002
   3849.28309   3.91512580E-002
   3847.94932   3.92380891E-002
   3846.61554   3.93252387E-002
   3845.28176   3.94127087E-002
   3843.94798   3.95005006E-002
   3842.61420   3.95886162E-002
   3841.28043   3.96770571E-002
   3839.94665   3.97658250E-002
   3838.61287   3.98549216E-002
   3837.27909   3.99443488E-002
   3835.94532   4.00341081E-002
   3834.61154   4.01242015E-002
   3833.27776   4.02146305E-002
   3831.94398   4.03053971E-002
   3830.61020   4.03965029E-002
   3829.27643   4.04879499E-002
   3827.94265   4.05797398E-002
   3826.60887   4.06718743E-002
   3825.27509   4.07643555E-002
   3823.94131   4.08571851E-002
   3822.60754   4.09503649E-002
   3821.27376   4.10438969E-002
   3819.93998   4.11377830E-002
   3818.60620   4.12320250E-002
   3817.27242   4.13266249E-002
   3815.93865   4.14215846E-002
   3814.60487   4.15169060E-002
   3813.27109   4.16125911E-002
   3811.93731   4.17086418E-002
   3810.60353   4.18050602E-002
   3809.26976   4.19018483E-002
   3807.93598   4.19990080E-002
   3806.60220   4.20965413E-002
   3805.26842   4.21944504E-002
   3803.93464   4.22927373E-002
   3802.60087   4.23914041E-002
   3801.26709   4.24904527E-002
   3799.93331   4.25898854E-002
   3798.59953   4.26897042E-002
   3797.26576   4.27899114E-002
   3795.93198   4.28905089E-002
   3794.59820   4.29914990E-002
   3793.26442   4.30928839E-002
   3791.93064   4.31946657E-002
   3790.59687   4.32968467E-002
   3789.26309   4.33994290E-002
   3787.92931   4.35024150E-002
   3786.59553   4.36058068E-002
   3785.26175   4.37096068E-002
   3783.92798   4.38138172E-002
   3782.59420   4.39184404E-002
   3781.26042   4.40234786E-002
   3779.92664   4.41289343E-002
   3778.59286   4.42348097E-002
   3777.25909   4.43411072E-002
   3775.92531   4.44478292E-002
   3774.59153   4.45549782E-002
   3773.25775   4.46625566E-002
   3771.92397   4.47705667E-002
   3770.59020   4.48790111E-002
   3769.25642   4.49878923E-002
   3767.92264   4.50972127E-002
   3766.58886   4.52069749E-002
   3765.25509   4.53171814E-002
   3763.92131   4.54278347E-002
   3762.58753   4.55389375E-002
   3761.25375   4.56504923E-002
   3759.91997   4.57625018E-002
   3758.58620   4.58749685E-002
   3757.25242   4.59878952E-002
   3755.91864   4.61012845E-002
   3754.58486   4.62151391E-002
   3753.25108   4.63294617E-002
   3751.91731   4.64442551E-002
   3750.58353   4.65595219E-002
   3749.24975   4.66752651E-002
   3747.91597   4.67914873E-002
   3746.58219   4.69081914E-002
   3745.24842   4.70253803E-002
   3743.91464   4.71430568E-002
   3742.58086   4.72612238E-002
   3741.24708   4.73798842E-002
   3739.91330   4.74990409E-002
   3738.57953   4.76186969E-002
   3737.24575   4.77388552E-002
   3735.91197   4.78595187E-002
   3734.57819   4.79806905E-002
   3733.24441   4.81023736E-002
   3731.91064   4.82245712E-002
   3730.57686   4.83472862E-002
   3729.24308   4.84705218E-002
   3727.90930   4.85942812E-002
   3726.57553   4.87185675E-002
   3725.24175   4.88433839E-002
   3723.90797   4.89687336E-002
   3722.57419   4.90946199E-002
   3721.24041   4.92210461E-002
   3719.90664   4.93480153E-002
   3718.57286   4.94755311E-002
   3717.23908   4.96035966E-002
   3715.90530   4.97322153E-002
   3714.57152   4.98613906E-002
   3713.23775   4.99911259E-002
   3711.90397   5.01214246E-002
   3710.57019   5.02522903E-002
   3709.23641   5.03837265E-002
   3707.90263   5.05157366E-002
   3706.56886   5.06483243E-002
   3705.23508   5.07814932E-002
   3703.90130   5.09152469E-002
   3702.56752   5.10495890E-002
   3701.23374   5.11845232E-002
   3699.89997   5.13200533E-002
   3698.56619   5.14561830E-002
   3697.23241   5.15929161E-002
   3695.89863   5.17302564E-002
   3694.56485   5.18682077E-002
   3693.23108   5.20067739E-002
   3691.89730   5.21459588E-002
   3690.56352   5.22857666E-002
   3689.22974   5.24262010E-002
   3687.89597   5.25672662E-002
   3686.56219   5.27089660E-002
   3685.22841   5.28513048E-002
   3683.89463   5.29942864E-002
   3682.56085   5.31379151E-002
   3681.22708   5.32821950E-002
   3679.89330   5.34271304E-002
   3678.55952   5.35727254E-002
   3677.22574   5.37189844E-002
   3675.89196   5.38659117E-002
   3674.55819   5.40135116E-002
   3673.22441   5.41617885E-002
   3671.89063   5.43107469E-002
   3670.55685   5.44603912E-002
   3669.22307   5.46107259E-002
   3667.88930   5.47617556E-002
   3666.55552   5.49134848E-002
   3665.22174   5.50659181E-002
   3663.88796   5.52190603E-002
   3662.55418   5.53729160E-002
   3661.22041   5.55274899E-002
   3659.88663   5.56827869E-002
   3658.55285   5.58388118E-002
   3657.21907   5.59955694E-002
   3655.88530   5.61530646E-002
   3654.55152   5.63113025E-002
   3653.21774   5.64702879E-002
   3651.88396   5.66300259E-002
   3650.55018   5.67905217E-002
   3649.21641   5.69517803E-002
   3647.88263   5.71138069E-002
   3646.54885   5.72766067E-002
   3645.21507   5.74401850E-002
   3643.88129   5.76045472E-002
   3642.54752   5.77696985E-002
   3641.21374   5.79356444E-002
   3639.87996   5.81023904E-002
   3638.54618   5.82699419E-002
   3637.21240   5.84383045E-002
   3635.87863   5.86074838E-002
   3634.54485   5.87774855E-002
   3633.21107   5.89483152E-002
   3631.87729   5.91199788E-002
   3630.54351   5.92924821E-002
   3629.20974   5.94658308E-002
   3627.87596   5.96400310E-002
   3626.54218   5.98150886E-002
   3625.20840   5.99910096E-002
   3623.87462   6.01678002E-002
   3622.54085   6.03454664E-002
   3621.20707   6.05240144E-002
   3619.87329   6.07034506E-002
   3618.53951   6.08837812E-002
   3617.20574   6.10650126E-002
   3615.87196   6.12471512E-002
   3614.53818   6.14302036E-002
   3613.20440   6.16141762E-002
   3611.87062   6.17990757E-002
   3610.53685   6.19849088E-002
   3609.20307   6.21716822E-002
   3607.86929   6.23594026E-002
   3606.53551   6.25480771E-002
   3605.20173   6.27377125E-002
   3603.86796   6.29283157E-002
   3602.53418   6.31198939E-002
   3601.20040   6.33124543E-002
   3599.86662   6.35060039E-002
   3598.53284   6.37005502E-002
   3597.19907   6.38961003E-002
   3595.86529   6.40926618E-002
   3594.53151   6.42902421E-002
   3593.19773   6.44888487E-002
   3591.86395   6.46884894E-002
   3590.53018   6.48891718E-002
   3589.19640   6.50909037E-002
   3587.86262   6.52936929E-002
   3586.52884   6.54975474E-002
   3585.19507   6.57024753E-002
   3583.86129   6.59084845E-002
   3582.52751   6.61155832E-002
   3581.19373   6.63237798E-002
   3579.85995   6.65330825E-002
   3578.52618   6.67434998E-002
   3577.19240   6.69550402E-002
   3575.85862   6.71677122E-002
   3574.52484   6.73815246E-002
   3573.19106   6.75964860E-002
   3571.85729   6.78126054E-002
   3570.52351   6.80298917E-002
   3569.18973   6.82483539E-002
   3567.85595   6.84680011E-002
   3566.52217   6.86888426E-002
   3565.18840   6.89108876E-002
   3563.85462   6.91341456E-002
   3562.52084   6.93586261E-002
   3561.18706   6.95843387E-002
   3559.85328   6.98112930E-002
   3558.51951   7.00394989E-002
   3557.18573   7.02689662E-002
   3555.85195   7.04997051E-002
   3554.51817   7.07317255E-002
   3553.18439   7.09650377E-002
   3551.85062   7.11996521E-002
   3550.51684   7.14355790E-002
   3549.18306   7.16728290E-002
   3547.84928   7.19114127E-002
   3546.51551   7.21513410E-002
   3545.18173   7.23926247E-002
   3543.84795   7.26352747E-002
   3542.51417   7.28793022E-002
   3541.18039   7.31247185E-002
   3539.84662   7.33715349E-002
   3538.51284   7.36197628E-002
   3537.17906   7.38694139E-002
   3535.84528   7.41204999E-002
   3534.51150   7.43730326E-002
   3533.17773   7.46270241E-002
   3531.84395   7.48824864E-002
   3530.51017   7.51394318E-002
   3529.17639   7.53978727E-002
   3527.84261   7.56578215E-002
   3526.50884   7.59192910E-002
   3525.17506   7.61822939E-002
   3523.84128   7.64468432E-002
   3522.50750   7.67129519E-002
   3521.17372   7.69806334E-002
   3519.83995   7.72499008E-002
   3518.50617   7.75207679E-002
   3517.17239   7.77932483E-002
   3515.83861   7.80673557E-002
   3514.50483   7.83431042E-002
   3513.17106   7.86205080E-002
   3511.83728   7.88995813E-002
   3510.50350   7.91803386E-002
   3509.16972   7.94627946E-002
   3507.83595   7.97469641E-002
   3506.50217   8.00328620E-002
   3505.16839   8.03205035E-002
   3503.83461   8.06099039E-002
   3502.50083   8.09010788E-002
   3501.16706   8.11940438E-002
   3499.83328   8.14888148E-002
   3498.49950   8.17854078E-002
   3497.16572   8.20838392E-002
   3495.83194   8.23841253E-002
   3494.49817   8.26862827E-002
   3493.16439   8.29903284E-002
   3491.83061   8.32962793E-002
   3490.49683   8.36041526E-002
   3489.16305   8.39139659E-002
   3487.82928   8.42257367E-002
   3486.49550   8.45394829E-002
   3485.16172   8.48552226E-002
   3483.82794   8.51729741E-002
   3482.49416   8.54927560E-002
   3481.16039   8.58145869E-002
   3479.82661   8.61384858E-002
   3478.49283   8.64644720E-002
   3477.15905   8.67925649E-002
   3475.82528   8.71227842E-002
   3474.49150   8.74551498E-002
   3473.15772   8.77896820E-002
   3471.82394   8.81264010E-002
   3470.49016   8.84653277E-002
   3469.15639   8.88064830E-002
   3467.82261   8.91498880E-002
   3466.48883   8.94955643E-002
   3465.15505   8.98435337E-002
   3463.82127   9.01938181E-002
   3462.48750   9.05464398E-002
   3461.15372   9.09014215E-002
   3459.81994   9.12587860E-002
   3458.48616   9.16185566E-002
   3457.15238   9.19807567E-002
   3455.81861   9.23454101E-002
   3454.48483   9.27125409E-002
   3453.15105   9.30821735E-002
   3451.81727   9.34543326E-002
   3450.48349   9.38290434E-002
   3449.14972   9.42063312E-002
   3447.81594   9.45862216E-002
   3446.48216   9.49687409E-002
   3445.14838   9.53539154E-002
   3443.81460   9.57417718E-002
   3442.48083   9.61323374E-002
   3441.14705   9.65256395E-002
   3439.81327   9.69217062E-002
   3438.47949   9.73205655E-002
   3437.14572   9.77222463E-002
   3435.81194   9.81267773E-002
   3434.47816   9.85341882E-002
   3433.14438   9.89445087E-002
   3431.81060   9.93577691E-002
   3430.47683   9.97740000E-002
   3429.14305   1.00193233E-001
   3427.80927   1.00615498E-001
   3426.47549   1.01040829E-001
   3425.14171   1.01469257E-001
   3423.80794   1.01900816E-001
   3422.47416   1.02335538E-001
   3421.14038   1.02773458E-001
   3419.80660   1.03214610E-001
   3418.47282   1.03659028E-001
   3417.13905   1.04106748E-001
   3415.80527   1.04557806E-001
   3414.47149   1.05012238E-001
   3413.13771   1.05470080E-001
   3411.80393   1.05931371E-001
   3410.47016   1.06396149E-001
   3409.13638   1.06864450E-001
   3407.80260   1.07336316E-001
   3406.46882   1.07811785E-001
   3405.13505   1.08290897E-001
   3403.80127   1.08773694E-001
   3402.46749   1.09260217E-001
   3401.13371   1.09750508E-001
   3399.79993   1.10244609E-001
   3398.46616   1.10742565E-001
   3397.13238   1.11244419E-001
   3395.79860   1.11750215E-001
   3394.46482   1.12259999E-001
   3393.13104   1.12773818E-001
   3391.79727   1.13291718E-001
   3390.46349   1.13813746E-001
   3389.12971   1.14339951E-001
   3387.79593   1.14870382E-001
   3386.46215   1.15405088E-001
   3385.12838   1.15944121E-001
   3383.79460   1.16487532E-001
   3382.46082   1.17035372E-001
   3381.12704   1.17587696E-001
   3379.79326   1.18144556E-001
   3378.45949   1.18706008E-001
   3377.12571   1.19272107E-001
   3375.79193   1.19842910E-001
   3374.45815   1.20418474E-001
   3373.12437   1.20998859E-001
   3371.79060   1.21584123E-001
   3370.45682   1.22174326E-001
   3369.12304   1.22769530E-001
   3367.78926   1.23369799E-001
   3366.45549   1.23975194E-001
   3365.12171   1.24585781E-001
   3363.78793   1.25201625E-001
   3362.45415   1.25822794E-001
   3361.12037   1.26449354E-001
   3359.78660   1.27081376E-001
   3358.45282   1.27718929E-001
   3357.11904   1.28362085E-001
   3355.78526   1.29010917E-001
   3354.45148   1.29665499E-001
   3353.11771   1.30325906E-001
   3351.78393   1.30992215E-001
   3350.45015   1.31664504E-001
   3349.11637   1.32342852E-001
   3347.78259   1.33027341E-001
   3346.44882   1.33718052E-001
   3345.11504   1.34415070E-001
   3343.78126   1.35118480E-001
   3342.44748   1.35828368E-001
   3341.11370   1.36544823E-001
   3339.77993   1.37267936E-001
   3338.44615   1.37997799E-001
   3337.11237   1.38734504E-001
   3335.77859   1.39478147E-001
   3334.44481   1.40228825E-001
   3333.11104   1.40986638E-001
   3331.77726   1.41751685E-001
   3330.44348   1.42524070E-001
   3329.10970   1.43303898E-001
   3327.77593   1.44091275E-001
   3326.44215   1.44886310E-001
   3325.10837   1.45689114E-001
   3323.77459   1.46499800E-001
   3322.44081   1.47318484E-001
   3321.10704   1.48145284E-001
   3319.77326   1.48980318E-001
   3318.43948   1.49823711E-001
   3317.10570   1.50675586E-001
   3315.77192   1.51536071E-001
   3314.43815   1.52405297E-001
   3313.10437   1.53283395E-001
   3311.77059   1.54170502E-001
   3310.43681   1.55066755E-001
   3309.10303   1.55972296E-001
   3307.76926   1.56887269E-001
   3306.43548   1.57811821E-001
   3305.10170   1.58746103E-001
   3303.76792   1.59690267E-001
   3302.43414   1.60644471E-001
   3301.10037   1.61608874E-001
   3299.76659   1.62583641E-001
   3298.43281   1.63568939E-001
   3297.09903   1.64564938E-001
   3295.76526   1.65571813E-001
   3294.43148   1.66589743E-001
   3293.09770   1.67618910E-001
   3291.76392   1.68659500E-001
   3290.43014   1.69711705E-001
   3289.09637   1.70775720E-001
   3287.76259   1.71851745E-001
   3286.42881   1.72939983E-001
   3285.09503   1.74040644E-001
   3283.76125   1.75153941E-001
   3282.42748   1.76280094E-001
   3281.09370   1.77419326E-001
   3279.75992   1.78571866E-001
   3278.42614   1.79737951E-001
   3277.09236   1.80917819E-001
   3275.75859   1.82111718E-001
   3274.42481   1.83319899E-001
   3273.09103   1.84542622E-001
   3271.75725   1.85780150E-001
   3270.42347   1.87032756E-001
   3269.08970   1.88300718E-001
   3267.75592   1.89584321E-001
   3266.42214   1.90883857E-001
   3265.08836   1.92199626E-001
   3263.75458   1.93531936E-001
   3262.42081   1.94881102E-001
   3261.08703   1.96247449E-001
   3259.75325   1.97631308E-001
   3258.41947   1.99033020E-001
   3257.08570   2.00452936E-001
   3255.75192   2.01891415E-001
   3254.41814   2.03348826E-001
   3253.08436   2.04825548E-001
   3251.75058   2.06321970E-001
   3250.41681   2.07838493E-001
   3249.08303   2.09375528E-001
   3247.74925   2.10933498E-001
   3246.41547   2.12512837E-001
   3245.08169   2.14113993E-001
   3243.74792   2.15737424E-001
   3242.41414   2.17383604E-001
   3241.08036   2.19053020E-001
   3239.74658   2.20746171E-001
   3238.41280   2.22463574E-001
   3237.07903   2.24205759E-001
   3235.74525   2.25973273E-001
   3234.41147   2.27766678E-001
   3233.07769   2.29586555E-001
   3231.74391   2.31433501E-001
   3230.41014   2.33308132E-001
   3229.07636   2.35211084E-001
   3227.74258   2.37143011E-001
   3226.40880   2.39104589E-001
   3225.07503   2.41096515E-001
   3223.74125   2.43119509E-001
   3222.40747   2.45174312E-001
   3221.07369   2.47261693E-001
   3219.73991   2.49382442E-001
   3218.40614   2.51537377E-001
   3217.07236   2.53727345E-001
   3215.73858   2.55953218E-001
   3214.40480   2.58215899E-001
   3213.07102   2.60516324E-001
   3211.73725   2.62855459E-001
   3210.40347   2.65234303E-001
   3209.06969   2.67653891E-001
   3207.73591   2.70115296E-001
   3206.40213   2.72619627E-001
   3205.06836   2.75168034E-001
   3203.73458   2.77761710E-001
   3202.40080   2.80401888E-001
   3201.06702   2.83089851E-001
   3199.73324   2.85826928E-001
   3198.39947   2.88614496E-001
   3197.06569   2.91453989E-001
   3195.73191   2.94346892E-001
   3194.39813   2.97294749E-001
   3193.06435   3.00299164E-001
   3191.73058   3.03361805E-001
   3190.39680   3.06484406E-001
   3189.06302   3.09668772E-001
   3187.72924   3.12916778E-001
   3186.39547   3.16230380E-001
   3185.06169   3.19611613E-001
   3183.72791   3.23062596E-001
   3182.39413   3.26585541E-001
   3181.06035   3.30182750E-001
   3179.72658   3.33856629E-001
   3178.39280   3.37609686E-001
   3177.05902   3.41444539E-001
   3175.72524   3.45363924E-001
   3174.39146   3.49370701E-001
   3173.05769   3.53467857E-001
   3171.72391   3.57658519E-001
   3170.39013   3.61945957E-001
   3169.05635   3.66333597E-001
   3167.72257   3.70825025E-001
   3166.38880   3.75424001E-001
   3165.05502   3.80134466E-001
   3163.72124   3.84960557E-001
   3162.38746   3.89906614E-001
   3161.05368   3.94977195E-001
   3159.71991   4.00177092E-001
   3158.38613   4.05511340E-001
   3157.05235   4.10985239E-001
   3155.71857   4.16604366E-001
   3154.38479   4.22374596E-001
   3153.05102   4.28302121E-001
   3151.71724   4.34393472E-001
   3150.38346   4.40655540E-001
   3149.04968   4.47095600E-001
   3147.71591   4.53721344E-001
   3146.38213   4.60540903E-001
   3145.04835   4.67562881E-001
   3143.71457   4.74796390E-001
   3142.38079   4.82251087E-001
   3141.04702   4.89937213E-001
   3139.71324   4.97865637E-001
   3138.37946   5.06047906E-001
   3137.04568   5.14496295E-001
   3135.71190   5.23223864E-001
   3134.37813   5.32244520E-001
   3133.04435   5.41573088E-001
   3131.71057   5.51225381E-001
   3130.37679   5.61218287E-001
   3129.04301   5.71569852E-001
   3127.70924   5.82299388E-001
   3126.37546   5.93427574E-001
   3125.04168   6.04976580E-001
   3123.70790   6.16970198E-001
   3122.37412   6.29433992E-001
   3121.04035   6.42395457E-001
   3119.70657   6.55884200E-001
   3118.37279   6.69932142E-001
   3117.03901   6.84573743E-001
   3115.70524   6.99846246E-001
   3114.37146   7.15789958E-001
   3113.03768   7.32448561E-001
   3111.70390   7.49869460E-001
   3110.37012   7.68104178E-001
   3109.03635   7.87208790E-001
   3107.70257   8.07244429E-001
   3106.36879   8.28277841E-001
   3105.03501   8.50382024E-001
   3103.70123   8.73636953E-001
   3102.36746   8.98130398E-001
   3101.03368   9.23958866E-001
   3099.69990   9.51228672E-001
   3098.36612   9.80057167E-001
   3097.03234   1.01057416E+000
   3095.69857   1.04292353E+000
   3094.36479   1.07726515E+000
   3093.03101   1.11377702E+000
   3091.69723   1.15265785E+000
   3090.36345   1.19413004E+000
   3089.02968   1.23844312E+000
   3087.69590   1.28587789E+000
   3086.36212   1.33675121E+000
   3085.02834   1.39142177E+000
   3083.69456   1.45029687E+000
   3082.36079   1.51384058E+000
   3081.02701   1.58258352E+000
   3079.69323   1.65713465E+000
   3078.35945   1.73819560E+000
   3077.02568   1.82657809E+000
   3075.69190   1.92322528E+000
   3074.35812   2.02923819E+000
   3073.02434   2.14590838E+000
   3071.69056   2.27475878E+000
   3070.35679   2.41759510E+000
   3069.02301   2.57657092E+000
   3067.68923   2.75427084E+000
   3066.35545   2.95381752E+000
   3065.02167   3.17901079E+000
   3063.68790   3.43451003E+000
   3062.35412   3.72607581E+000
   3061.02034   4.06089341E+000
   3059.68656   4.44801086E+000
   3058.35278   4.89893937E+000
   3057.01901   5.42848676E+000
   3055.68523   6.05593020E+000
   3054.35145   6.80668944E+000
   3053.01767   7.71474933E+000
   3051.68389   8.82621803E+000
   3050.35012   1.02046265E+001
   3049.01634   1.19389148E+001
   3047.68256   1.41555532E+001
   3046.34878   1.70368846E+001
   3045.01501   2.08481824E+001
   3043.68123   2.59744444E+001
   3042.34745   3.29584813E+001
   3041.01367   4.24949535E+001
   3039.67989   5.52215338E+001
   3038.34612   7.09113140E+001
   3037.01234   8.66854357E+001
   3035.67856   9.59129029E+001
   3034.34478   9.27773787E+001
   3033.01100   7.94443103E+001
   3031.67723   6.31548502E+001
   3030.34345   4.88172178E+001
   3029.00967   3.77527694E+001
   3027.67589   2.96073601E+001
   3026.34211   2.36648452E+001
   3025.00834   1.92971805E+001
   3023.67456   1.60425581E+001
   3022.34078   1.35797873E+001
   3021.00700   1.16885006E+001
   3019.67322   1.02169555E+001
   3018.33945   9.05953022E+000
   3017.00567   8.14172930E+000
   3015.67189   7.41031896E+000
   3014.33811   6.82682736E+000
   3013.00433   6.36322903E+000
   3011.67056   5.99905461E+000
   3010.33678   5.71944324E+000
   3009.00300   5.51383167E+000
   3007.66922   5.37508674E+000
   3006.33545   5.29896111E+000
   3005.00167   5.28380095E+000
   3003.66789   5.33047070E+000
   3002.33411   5.44248908E+000
   3001.00033   5.62639997E+000
   2999.66656   5.89243545E+000
   2998.33278   6.25557489E+000
   2996.99900   6.73717146E+000
   2995.66522   7.36742199E+000
   2994.33144   8.18911811E+000
   2992.99767   9.26336299E+000
   2991.66389   1.06782848E+001
   2990.33011   1.25621548E+001
   2988.99633   1.51022831E+001
   2987.66255   1.85688341E+001
   2986.32878   2.33320817E+001
   2984.99500   2.98243383E+001
   2983.66122   3.82967362E+001
   2982.32744   4.80788289E+001
   2980.99366   5.64090145E+001
   2979.65989   5.89056175E+001
   2978.32611   5.38542648E+001
   2976.99233   4.44917810E+001
   2975.65855   3.49374479E+001
   2974.32477   2.71074210E+001
   2972.99100   2.12200016E+001
   2971.65722   1.69077345E+001
   2970.32344   1.37473686E+001
   2968.98966   1.14036326E+001
   2967.65589   9.63770837E+000
   2966.32211   8.28490446E+000
   2964.98833   7.23209783E+000
   2963.65455   6.40095588E+000
   2962.32077   5.73652232E+000
   2960.98700   5.19966986E+000
   2959.65322   4.76213230E+000
   2958.31944   4.40321543E+000
   2956.98566   4.10759713E+000
   2955.65188   3.86383941E+000
   2954.31811   3.66337246E+000
   2952.98433   3.49979741E+000
   2951.65055   3.36841020E+000
   2950.31677   3.26588437E+000
   2948.98299   3.19007496E+000
   2947.64922   3.13992266E+000
   2946.31544   3.11545169E+000
   2944.98166   3.11786785E+000
   2943.64788   3.14977889E+000
   2942.31410   3.21558013E+000
   2940.98033   3.32207832E+000
   2939.64655   3.47947167E+000
   2938.31277   3.70286732E+000
   2936.97899   4.01459035E+000
   2935.64522   4.44755395E+000
   2934.31144   5.04963988E+000
   2932.97766   5.88739702E+000
   2931.64388   7.04141338E+000
   2930.31010   8.56884795E+000
   2928.97633   1.03807121E+001
   2927.64255   1.20223831E+001
   2926.30877   1.26794486E+001
   2924.97499   1.19061637E+001
   2923.64121   1.02086977E+001
   2922.30744   8.39041417E+000
   2920.97366   6.87191655E+000
   2919.63988   5.72395863E+000
   2918.30610   4.88443702E+000
   2916.97232   4.27272587E+000
   2915.63855   3.82320837E+000
   2914.30477   3.48872976E+000
   2912.97099   3.23668775E+000
   2911.63721   3.04468645E+000
   2910.30343   2.89723045E+000
   2908.96966   2.78345860E+000
   2907.63588   2.69564191E+000
   2906.30210   2.62819424E+000
   2904.96832   2.57701714E+000
   2903.63454   2.53906119E+000
   2902.30077   2.51202824E+000
   2900.96699   2.49416642E+000
   2899.63321   2.48412690E+000
   2898.29943   2.48086249E+000
   2896.96566   2.48355471E+000
   2895.63188   2.49156091E+000
   2894.29810   2.50437527E+000
   2892.96432   2.52159978E+000
   2891.63054   2.54292257E+000
   2890.29677   2.56810137E+000
   2888.96299   2.59695091E+000
   2887.62921   2.62933332E+000
   2886.29543   2.66515063E+000
   2884.96165   2.70433901E+000
   2883.62788   2.74686431E+000
   2882.29410   2.79271866E+000
   2880.96032   2.84191775E+000
   2879.62654   2.89449895E+000
   2878.29276   2.95051979E+000
   2876.95899   3.01005698E+000
   2875.62521   3.07320578E+000
   2874.29143   3.14007966E+000
   2872.95765   3.21081026E+000
   2871.62387   3.28554765E+000
   2870.29010   3.36446076E+000
   2868.95632   3.44773808E+000
   2867.62254   3.53558859E+000
   2866.28876   3.62824289E+000
   2864.95498   3.72595459E+000
   2863.62121   3.82900193E+000
   2862.28743   3.93768967E+000
   2860.95365   4.05235127E+000
   2859.61987   4.17335138E+000
   2858.28610   4.30108866E+000
   2856.95232   4.43599902E+000
   2855.61854   4.57855925E+000
   2854.28476   4.72929120E+000
   2852.95098   4.88876647E+000
   2851.61721   5.05761174E+000
   2850.28343   5.23651485E+000
   2848.94965   5.42623172E+000
   2847.61587   5.62759423E+000
   2846.28209   5.84151919E+000
   2844.94832   6.06901865E+000
   2843.61454   6.31121171E+000
   2842.28076   6.56933813E+000
   2840.94698   6.84477391E+000
   2839.61320   7.13904947E+000
   2838.27943   7.45387055E+000
   2836.94565   7.79114267E+000
   2835.61187   8.15299954E+000
   2834.27809   8.54183635E+000
   2832.94431   8.96034893E+000
   2831.61054   9.41157979E+000
   2830.27676   9.89897272E+000
   2828.94298   1.04264375E+001
   2827.60920   1.09984275E+001
   2826.27543   1.16200319E+001
   2824.94165   1.22970875E+001
   2823.60787   1.30363139E+001
   2822.27409   1.38454771E+001
   2820.94031   1.47335909E+001
   2819.60654   1.57111630E+001
   2818.27276   1.67905009E+001
   2816.93898   1.79860919E+001
   2815.60520   1.93150799E+001
   2814.27142   2.07978669E+001
   2812.93765   2.24588792E+001
   2811.60387   2.43275489E+001
   2810.27009   2.64395844E+001
   2808.93631   2.88386286E+001
   2807.60253   3.15784448E+001
   2806.26876   3.47258279E+001
   2804.93498   3.83645241E+001
   2803.60120   4.26005720E+001
   2802.26742   4.75696692E+001
   2800.93364   5.34474686E+001
   2799.59987   6.04641676E+001
   2798.26609   6.89254790E+001
   2796.93231   7.92432156E+001
   2795.59853   9.19805386E+001
   2794.26475   1.07919778E+002
   2792.93098   1.28165090E+002
   2791.59720   1.54298317E+002
   2790.26342   1.88612778E+002
   2788.92964   2.34447883E+002
   2787.59587   2.96603499E+002
   2786.26209   3.81610370E+002
   2784.92831   4.96933334E+002
   2783.59453   6.46335378E+002
   2782.26075   8.16289264E+002
   2780.92698   9.56027223E+002
   2779.59320   9.90075619E+002
   2778.25942   8.95137751E+002
   2776.92564   7.31340358E+002
   2775.59186   5.67983140E+002
   2774.25809   4.35370245E+002
   2772.92431   3.36005971E+002
   2771.59053   2.63277527E+002
   2770.25675   2.09941960E+002
   2768.92297   1.70332008E+002
   2767.58920   1.40426470E+002
   2766.25542   1.17454505E+002
   2764.92164   9.95117167E+001
   2763.58786   8.52775014E+001
   2762.25408   7.38233708E+001
   2760.92031   6.44862770E+001
   2759.58653   5.67851520E+001
   2758.25275   5.03655322E+001
   2756.91897   4.49623814E+001
   2755.58520   4.03747848E+001
   2754.25142   3.64484714E+001
   2752.91764   3.30635679E+001
   2751.58386   3.01258955E+001
   2750.25008   2.75607023E+001
   2748.91631   2.53080905E+001
   2747.58253   2.33196401E+001
   2746.24875   2.15558880E+001
   2744.91497   1.99844249E+001
   2743.58119   1.85784445E+001
   2742.24742   1.73156272E+001
   2740.91364   1.61772732E+001
   2739.57986   1.51476240E+001
   2738.24608   1.42133266E+001
   2736.91230   1.33630083E+001
   2735.57853   1.25869360E+001
   2734.24475   1.18767411E+001
   2732.91097   1.12251977E+001
   2731.57719   1.06260408E+001
   2730.24341   1.00738174E+001
   2728.90964   9.56376370E+000
   2727.57586   9.09170383E+000
   2726.24208   8.65396481E+000
   2724.90830   8.24730587E+000
   2723.57452   7.86885905E+000
   2722.24075   7.51607893E+000
   2720.90697   7.18670022E+000
   2719.57319   6.87870163E+000
   2718.23941   6.59027506E+000
   2716.90564   6.31979924E+000
   2715.57186   6.06581706E+000
   2714.23808   5.82701607E+000
   2712.90430   5.60221164E+000
   2711.57052   5.39033228E+000
   2710.23675   5.19040696E+000
   2708.90297   5.00155407E+000
   2707.56919   4.82297167E+000
   2706.23541   4.65392905E+000
   2704.90163   4.49375929E+000
   2703.56786   4.34185269E+000
   2702.23408   4.19765097E+000
   2700.90030   4.06064218E+000
   2699.56652   3.93035616E+000
   2698.23274   3.80636052E+000
   2696.89897   3.68825707E+000
   2695.56519   3.57567859E+000
   2694.23141   3.46828603E+000
   2692.89763   3.36576594E+000
   2691.56385   3.26782819E+000
   2690.23008   3.17420391E+000
   2688.89630   3.08464366E+000
   2687.56252   2.99891578E+000
   2686.22874   2.91680488E+000
   2684.89496   2.83811046E+000
   2683.56119   2.76264577E+000
   2682.22741   2.69023661E+000
   2680.89363   2.62072037E+000
   2679.55985   2.55394514E+000
   2678.22608   2.48976883E+000
   2676.89230   2.42805846E+000
   2675.55852   2.36868942E+000
   2674.22474   2.31154491E+000
   2672.89096   2.25651530E+000
   2671.55719   2.20349765E+000
   2670.22341   2.15239519E+000
   2668.88963   2.10311693E+000
   2667.55585   2.05557721E+000
   2666.22207   2.00969533E+000
   2664.88830   1.96539524E+000
   2663.55452   1.92260519E+000
   2662.22074   1.88125748E+000
   2660.88696   1.84128813E+000
   2659.55318   1.80263670E+000
   2658.21941   1.76524602E+000
   2656.88563   1.72906199E+000
   2655.55185   1.69403338E+000
   2654.21807   1.66011167E+000
   2652.88429   1.62725084E+000
   2651.55052   1.59540725E+000
   2650.21674   1.56453949E+000
   2648.88296   1.53460824E+000
   2647.54918   1.50557614E+000
   2646.21541   1.47740767E+000
   2644.88163   1.45006905E+000
   2643.54785   1.42352815E+000
   2642.21407   1.39775439E+000
   2640.88029   1.37271861E+000
   2639.54652   1.34839306E+000
   2638.21274   1.32475126E+000
   2636.87896   1.30176798E+000
   2635.54518   1.27941913E+000
   2634.21140   1.25768172E+000
   2632.87763   1.23653377E+000
   2631.54385   1.21595433E+000
   2630.21007   1.19592333E+000
   2628.87629   1.17642161E+000
   2627.54251   1.15743082E+000
   2626.20874   1.13893341E+000
   2624.87496   1.12091259E+000
   2623.54118   1.10335226E+000
   2622.20740   1.08623701E+000
   2620.87362   1.06955207E+000
   2619.53985   1.05328328E+000
   2618.20607   1.03741705E+000
   2616.87229   1.02194036E+000
   2615.53851   1.00684069E+000
   2614.20473   9.92106052E-001
   2612.87096   9.77724907E-001
   2611.53718   9.63686181E-001
   2610.20340   9.49979231E-001
   2608.86962   9.36593825E-001
   2607.53585   9.23520125E-001
   2606.20207   9.10748668E-001
   2604.86829   8.98270351E-001
   2603.53451   8.86076411E-001
   2602.20073   8.74158412E-001
   2600.86696   8.62508231E-001
   2599.53318   8.51118043E-001
   2598.19940   8.39980308E-001
   2596.86562   8.29087760E-001
   2595.53184   8.18433393E-001
   2594.19807   8.08010453E-001
   2592.86429   7.97812424E-001
   2591.53051   7.87833018E-001
   2590.19673   7.78066171E-001
   2588.86295   7.68506025E-001
   2587.52918   7.59146926E-001
   2586.19540   7.49983413E-001
   2584.86162   7.41010212E-001
   2583.52784   7.32222225E-001
   2582.19406   7.23614527E-001
   2580.86029   7.15182356E-001
   2579.52651   7.06921108E-001
   2578.19273   6.98826329E-001
   2576.85895   6.90893714E-001
   2575.52518   6.83119094E-001
   2574.19140   6.75498437E-001
   2572.85762   6.68027840E-001
   2571.52384   6.60703522E-001
   2570.19006   6.53521824E-001
   2568.85629   6.46479202E-001
   2567.52251   6.39572222E-001
   2566.18873   6.32797557E-001
   2564.85495   6.26151982E-001
   2563.52117   6.19632372E-001
   2562.18740   6.13235697E-001
   2560.85362   6.06959018E-001
   2559.51984   6.00799487E-001
   2558.18606   5.94754339E-001
   2556.85228   5.88820891E-001
   2555.51851   5.82996542E-001
   2554.18473   5.77278766E-001
   2552.85095   5.71665110E-001
   2551.51717   5.66153194E-001
   2550.18339   5.60740707E-001
   2548.84962   5.55425403E-001
   2547.51584   5.50205102E-001
   2546.18206   5.45077684E-001
   2544.84828   5.40041092E-001
   2543.51450   5.35093323E-001
   2542.18073   5.30232433E-001
   2540.84695   5.25456531E-001
   2539.51317   5.20763780E-001
   2538.17939   5.16152390E-001
   2536.84562   5.11620624E-001
   2535.51184   5.07166790E-001
   2534.17806   5.02789242E-001
   2532.84428   4.98486380E-001
   2531.51050   4.94256645E-001
   2530.17673   4.90098521E-001
   2528.84295   4.86010531E-001
   2527.50917   4.81991237E-001
   2526.17539   4.78039242E-001
   2524.84161   4.74153181E-001
   2523.50784   4.70331727E-001
   2522.17406   4.66573587E-001
   2520.84028   4.62877501E-001
   2519.50650   4.59242243E-001
   2518.17272   4.55666615E-001
   2516.83895   4.52149453E-001
   2515.50517   4.48689620E-001
   2514.17139   4.45286008E-001
   2512.83761   4.41937538E-001
   2511.50383   4.38643157E-001
   2510.17006   4.35401838E-001
   2508.83628   4.32212580E-001
   2507.50250   4.29074405E-001
   2506.16872   4.25986361E-001
   2504.83494   4.22947519E-001
   2503.50117   4.19956970E-001
   2502.16739   4.17013831E-001
   2500.83361   4.14117238E-001
   2499.49983   4.11266346E-001
   2498.16606   4.08460333E-001
   2496.83228   4.05698396E-001
   2495.49850   4.02979750E-001
   2494.16472   4.00303630E-001
   2492.83094   3.97669286E-001
   2491.49717   3.95075989E-001
   2490.16339   3.92523025E-001
   2488.82961   3.90009698E-001
   2487.49583   3.87535325E-001
   2486.16205   3.85099242E-001
   2484.82828   3.82700799E-001
   2483.49450   3.80339361E-001
   2482.16072   3.78014307E-001
   2480.82694   3.75725030E-001
   2479.49316   3.73470938E-001
   2478.15939   3.71251450E-001
   2476.82561   3.69066001E-001
   2475.49183   3.66914036E-001
   2474.15805   3.64795013E-001
   2472.82427   3.62708403E-001
   2471.49050   3.60653688E-001
   2470.15672   3.58630361E-001
   2468.82294   3.56637927E-001
   2467.48916   3.54675901E-001
   2466.15539   3.52743809E-001
   2464.82161   3.50841188E-001
   2463.48783   3.48967584E-001
   2462.15405   3.47122553E-001
   2460.82027   3.45305661E-001
   2459.48650   3.43516482E-001
   2458.15272   3.41754601E-001
   2456.81894   3.40019611E-001
   2455.48516   3.38311113E-001
   2454.15138   3.36628718E-001
   2452.81761   3.34972044E-001
   2451.48383   3.33340717E-001
   2450.15005   3.31734372E-001
   2448.81627   3.30152651E-001
   2447.48249   3.28595202E-001
   2446.14872   3.27061684E-001
   2444.81494   3.25551760E-001
   2443.48116   3.24065101E-001
   2442.14738   3.22601385E-001
   2440.81360   3.21160296E-001
   2439.47983   3.19741525E-001
   2438.14605   3.18344770E-001
   2436.81227   3.16969735E-001
   2435.47849   3.15616128E-001
   2434.14471   3.14283667E-001
   2432.81094   3.12972072E-001
   2431.47716   3.11681070E-001
   2430.14338   3.10410395E-001
   2428.80960   3.09159784E-001
   2427.47583   3.07928982E-001
   2426.14205   3.06717737E-001
   2424.80827   3.05525803E-001
   2423.47449   3.04352938E-001
   2422.14071   3.03198908E-001
   2420.80694   3.02063479E-001
   2419.47316   3.00946427E-001
   2418.13938   2.99847528E-001
   2416.80560   2.98766565E-001
   2415.47182   2.97703324E-001
   2414.13805   2.96657598E-001
   2412.80427   2.95629180E-001
   2411.47049   2.94617871E-001
   2410.13671   2.93623475E-001
   2408.80293   2.92645798E-001
   2407.46916   2.91684652E-001
   2406.13538   2.90739852E-001
   2404.80160   2.89811218E-001
   2403.46782   2.88898571E-001
   2402.13404   2.88001738E-001
   2400.80027   2.87120550E-001
   2399.46649   2.86254838E-001
   2398.13271   2.85404440E-001
   2396.79893   2.84569195E-001
   2395.46516   2.83748947E-001
   2394.13138   2.82943543E-001
   2392.79760   2.82152831E-001
   2391.46382   2.81376664E-001
   2390.13004   2.80614899E-001
   2388.79627   2.79867393E-001
   2387.46249   2.79134009E-001
   2386.12871   2.78414610E-001
   2384.79493   2.77709065E-001
   2383.46115   2.77017242E-001
   2382.12738   2.76339015E-001
   2380.79360   2.75674260E-001
   2379.45982   2.75022854E-001
   2378.12604   2.74384678E-001
   2376.79226   2.73759615E-001
   2375.45849   2.73147551E-001
   2374.12471   2.72548374E-001
   2372.79093   2.71961975E-001
   2371.45715   2.71388246E-001
   2370.12337   2.70827083E-001
   2368.78960   2.70278383E-001
   2367.45582   2.69742047E-001
   2366.12204   2.69217976E-001
   2364.78826   2.68706074E-001
   2363.45448   2.68206248E-001
   2362.12071   2.67718407E-001
   2360.78693   2.67242461E-001
   2359.45315   2.66778323E-001
   2358.11937   2.66325908E-001
   2356.78560   2.65885132E-001
   2355.45182   2.65455914E-001
   2354.11804   2.65038175E-001
   2352.78426   2.64631837E-001
   2351.45048   2.64236825E-001
   2350.11671   2.63853065E-001
   2348.78293   2.63480485E-001
   2347.44915   2.63119016E-001
   2346.11537   2.62768589E-001
   2344.78159   2.62429138E-001
   2343.44782   2.62100598E-001
   2342.11404   2.61782906E-001
   2340.78026   2.61476000E-001
   2339.44648   2.61179822E-001
   2338.11270   2.60894314E-001
   2336.77893   2.60619419E-001
   2335.44515   2.60355082E-001
   2334.11137   2.60101251E-001
   2332.77759   2.59857874E-001
   2331.44381   2.59624901E-001
   2330.11004   2.59402284E-001
   2328.77626   2.59189976E-001
   2327.44248   2.58987932E-001
   2326.10870   2.58796109E-001
   2324.77492   2.58614463E-001
   2323.44115   2.58442955E-001
   2322.10737   2.58281545E-001
   2320.77359   2.58130195E-001
   2319.43981   2.57988869E-001
   2318.10604   2.57857532E-001
   2316.77226   2.57736150E-001
   2315.43848   2.57624691E-001
   2314.10470   2.57523124E-001
   2312.77092   2.57431421E-001
   2311.43715   2.57349553E-001
   2310.10337   2.57277493E-001
   2308.76959   2.57215217E-001
   2307.43581   2.57162700E-001
   2306.10203   2.57119919E-001
   2304.76826   2.57086854E-001
   2303.43448   2.57063485E-001
   2302.10070   2.57049793E-001
   2300.76692   2.57045760E-001
   2299.43314   2.57051371E-001
   2298.09937   2.57066611E-001
   2296.76559   2.57091467E-001
   2295.43181   2.57125926E-001
   2294.09803   2.57169978E-001
   2292.76425   2.57223612E-001
   2291.43048   2.57286821E-001
   2290.09670   2.57359598E-001
   2288.76292   2.57441937E-001
   2287.42914   2.57533834E-001
   2286.09537   2.57635284E-001
   2284.76159   2.57746286E-001
   2283.42781   2.57866840E-001
   2282.09403   2.57996946E-001
   2280.76025   2.58136605E-001
   2279.42648   2.58285821E-001
   2278.09270   2.58444598E-001
   2276.75892   2.58612942E-001
   2275.42514   2.58790858E-001
   2274.09136   2.58978355E-001
   2272.75759   2.59175443E-001
   2271.42381   2.59382132E-001
   2270.09003   2.59598433E-001
   2268.75625   2.59824360E-001
   2267.42247   2.60059927E-001
   2266.08870   2.60305149E-001
   2264.75492   2.60560043E-001
   2263.42114   2.60824627E-001
   2262.08736   2.61098921E-001
   2260.75358   2.61382944E-001
   2259.41981   2.61676720E-001
   2258.08603   2.61980270E-001
   2256.75225   2.62293620E-001
   2255.41847   2.62616795E-001
   2254.08469   2.62949822E-001
   2252.75092   2.63292730E-001
   2251.41714   2.63645547E-001
   2250.08336   2.64008306E-001
   2248.74958   2.64381037E-001
   2247.41581   2.64763776E-001
   2246.08203   2.65156556E-001
   2244.74825   2.65559413E-001
   2243.41447   2.65972387E-001
   2242.08069   2.66395515E-001
   2240.74692   2.66828838E-001
   2239.41314   2.67272397E-001
   2238.07936   2.67726236E-001
   2236.74558   2.68190399E-001
   2235.41180   2.68664933E-001
   2234.07803   2.69149884E-001
   2232.74425   2.69645301E-001
   2231.41047   2.70151236E-001
   2230.07669   2.70667738E-001
   2228.74291   2.71194862E-001
   2227.40914   2.71732662E-001
   2226.07536   2.72281195E-001
   2224.74158   2.72840518E-001
   2223.40780   2.73410691E-001
   2222.07402   2.73991773E-001
   2220.74025   2.74583829E-001
   2219.40647   2.75186920E-001
   2218.07269   2.75801114E-001
   2216.73891   2.76426478E-001
   2215.40514   2.77063079E-001
   2214.07136   2.77710989E-001
   2212.73758   2.78370280E-001
   2211.40380   2.79041025E-001
   2210.07002   2.79723300E-001
   2208.73625   2.80417182E-001
   2207.40247   2.81122751E-001
   2206.06869   2.81840087E-001
   2204.73491   2.82569273E-001
   2203.40113   2.83310393E-001
   2202.06736   2.84063533E-001
   2200.73358   2.84828782E-001
   2199.39980   2.85606230E-001
   2198.06602   2.86395968E-001
   2196.73224   2.87198091E-001
   2195.39847   2.88012694E-001
   2194.06469   2.88839875E-001
   2192.73091   2.89679734E-001
   2191.39713   2.90532374E-001
   2190.06335   2.91397898E-001
   2188.72958   2.92276412E-001
   2187.39580   2.93168025E-001
   2186.06202   2.94072847E-001
   2184.72824   2.94990990E-001
   2183.39446   2.95922571E-001
   2182.06069   2.96867706E-001
   2180.72691   2.97826515E-001
   2179.39313   2.98799120E-001
   2178.05935   2.99785644E-001
   2176.72558   3.00786216E-001
   2175.39180   3.01800963E-001
   2174.05802   3.02830019E-001
   2172.72424   3.03873516E-001
   2171.39046   3.04931593E-001
   2170.05669   3.06004388E-001
   2168.72291   3.07092043E-001
   2167.38913   3.08194705E-001
   2166.05535   3.09312520E-001
   2164.72157   3.10445639E-001
   2163.38780   3.11594215E-001
   2162.05402   3.12758405E-001
   2160.72024   3.13938368E-001
   2159.38646   3.15134267E-001
   2158.05268   3.16346266E-001
   2156.71891   3.17574534E-001
   2155.38513   3.18819244E-001
   2154.05135   3.20080569E-001
   2152.71757   3.21358688E-001
   2151.38379   3.22653784E-001
   2150.05002   3.23966040E-001
   2148.71624   3.25295646E-001
   2147.38246   3.26642794E-001
   2146.04868   3.28007678E-001
   2144.71490   3.29390500E-001
   2143.38113   3.30791461E-001
   2142.04735   3.32210769E-001
   2140.71357   3.33648636E-001
   2139.37979   3.35105275E-001
   2138.04602   3.36580906E-001
   2136.71224   3.38075751E-001
   2135.37846   3.39590039E-001
   2134.04468   3.41124001E-001
   2132.71090   3.42677872E-001
   2131.37713   3.44251894E-001
   2130.04335   3.45846311E-001
   2128.70957   3.47461374E-001
   2127.37579   3.49097336E-001
   2126.04201   3.50754457E-001
   2124.70824   3.52433001E-001
   2123.37446   3.54133238E-001
   2122.04068   3.55855442E-001
   2120.70690   3.57599893E-001
   2119.37312   3.59366876E-001
   2118.03935   3.61156681E-001
   2116.70557   3.62969605E-001
   2115.37179   3.64805950E-001
   2114.03801   3.66666024E-001
   2112.70423   3.68550140E-001
   2111.37046   3.70458618E-001
   2110.03668   3.72391784E-001
   2108.70290   3.74349971E-001
   2107.36912   3.76333518E-001
   2106.03535   3.78342770E-001
   2104.70157   3.80378079E-001
   2103.36779   3.82439806E-001
   2102.03401   3.84528316E-001
   2100.70023   3.86643983E-001
   2099.36646   3.88787189E-001
   2098.03268   3.90958321E-001
   2096.69890   3.93157777E-001
   2095.36512   3.95385961E-001
   2094.03134   3.97643286E-001
   2092.69757   3.99930171E-001
   2091.36379   4.02247047E-001
   2090.03001   4.04594352E-001
   2088.69623   4.06972532E-001
   2087.36245   4.09382043E-001
   2086.02868   4.11823352E-001
   2084.69490   4.14296932E-001
   2083.36112   4.16803268E-001
   2082.02734   4.19342856E-001
   2080.69356   4.21916199E-001
   2079.35979   4.24523814E-001
   2078.02601   4.27166226E-001
   2076.69223   4.29843972E-001
   2075.35845   4.32557601E-001
   2074.02467   4.35307673E-001
   2072.69090   4.38094760E-001
   2071.35712   4.40919445E-001
   2070.02334   4.43782324E-001
   2068.68956   4.46684007E-001
   2067.35579   4.49625116E-001
   2066.02201   4.52606286E-001
   2064.68823   4.55628166E-001
   2063.35445   4.58691419E-001
   2062.02067   4.61796724E-001
   2060.68690   4.64944772E-001
   2059.35312   4.68136271E-001
   2058.01934   4.71371945E-001
   2056.68556   4.74652532E-001
   2055.35178   4.77978788E-001
   2054.01801   4.81351485E-001
   2052.68423   4.84771414E-001
   2051.35045   4.88239380E-001
   2050.01667   4.91756211E-001
   2048.68289   4.95322750E-001
   2047.34912   4.98939860E-001
   2046.01534   5.02608425E-001
   2044.68156   5.06329347E-001
   2043.34778   5.10103552E-001
   2042.01400   5.13931985E-001
   2040.68023   5.17815612E-001
   2039.34645   5.21755424E-001
   2038.01267   5.25752435E-001
   2036.67889   5.29807680E-001
   2035.34512   5.33922222E-001
   2034.01134   5.38097147E-001
   2032.67756   5.42333568E-001
   2031.34378   5.46632624E-001
   2030.01000   5.50995482E-001
   2028.67623   5.55423336E-001
   2027.34245   5.59917410E-001
   2026.00867   5.64478957E-001
   2024.67489   5.69109263E-001
   2023.34111   5.73809642E-001
   2022.00734   5.78581444E-001
   2020.67356   5.83426050E-001
   2019.33978   5.88344877E-001
   2018.00600   5.93339377E-001
   2016.67222   5.98411039E-001
   2015.33845   6.03561389E-001
   2014.00467   6.08791991E-001
   2012.67089   6.14104452E-001
   2011.33711   6.19500419E-001
   2010.00333   6.24981579E-001
   2008.66956   6.30549667E-001
   2007.33578   6.36206460E-001
   2006.00200   6.41953783E-001
   2004.66822   6.47793509E-001
   2003.33444   6.53727562E-001
   2002.00067   6.59757915E-001
   2000.66689   6.65886594E-001
   1999.33311   6.72115682E-001
   1997.99933   6.78447316E-001
   1996.66556   6.84883692E-001
   1995.33178   6.91427067E-001
   1993.99800   6.98079758E-001
   1992.66422   7.04844147E-001
   1991.33044   7.11722685E-001
   1989.99667   7.18717887E-001
   1988.66289   7.25832341E-001
   1987.32911   7.33068709E-001
   1985.99533   7.40429728E-001
   1984.66155   7.47918213E-001
   1983.32778   7.55537060E-001
   1981.99400   7.63289248E-001
   1980.66022   7.71177846E-001
   1979.32644   7.79206008E-001
   1977.99266   7.87376985E-001
   1976.65889   7.95694122E-001
   1975.32511   8.04160865E-001
   1973.99133   8.12780761E-001
   1972.65755   8.21557468E-001
   1971.32377   8.30494751E-001
   1969.99000   8.39596491E-001
   1968.65622   8.48866690E-001
   1967.32244   8.58309471E-001
   1965.98866   8.67929087E-001
   1964.65488   8.77729923E-001
   1963.32111   8.87716502E-001
   1961.98733   8.97893492E-001
   1960.65355   9.08265708E-001
   1959.31977   9.18838119E-001
   1957.98600   9.29615856E-001
   1956.65222   9.40604216E-001
   1955.31844   9.51808669E-001
   1953.98466   9.63234866E-001
   1952.65088   9.74888644E-001
   1951.31711   9.86776036E-001
   1949.98333   9.98903276E-001
   1948.64955   1.01127681E+000
   1947.31577   1.02390330E+000
   1945.98199   1.03678965E+000
   1944.64822   1.04994298E+000
   1943.31444   1.06337068E+000
   1941.98066   1.07708038E+000
   1940.64688   1.09107998E+000
   1939.31310   1.10537768E+000
   1937.97933   1.11998196E+000
   1936.64555   1.13490160E+000
   1935.31177   1.15014570E+000
   1933.97799   1.16572370E+000
   1932.64421   1.18164538E+000
   1931.31044   1.19792090E+000
   1929.97666   1.21456077E+000
   1928.64288   1.23157592E+000
   1927.30910   1.24897768E+000
   1925.97533   1.26677782E+000
   1924.64155   1.28498856E+000
   1923.30777   1.30362259E+000
   1921.97399   1.32269311E+000
   1920.64021   1.34221384E+000
   1919.30644   1.36219901E+000
   1917.97266   1.38266347E+000
   1916.63888   1.40362263E+000
   1915.30510   1.42509255E+000
   1913.97132   1.44708994E+000
   1912.63755   1.46963220E+000
   1911.30377   1.49273747E+000
   1909.96999   1.51642462E+000
   1908.63621   1.54071336E+000
   1907.30243   1.56562421E+000
   1905.96866   1.59117860E+000
   1904.63488   1.61739888E+000
   1903.30110   1.64430837E+000
   1901.96732   1.67193146E+000
   1900.63354   1.70029359E+000
   1899.29977   1.72942137E+000
   1897.96599   1.75934261E+000
   1896.63221   1.79008640E+000
   1895.29843   1.82168318E+000
   1893.96465   1.85416482E+000
   1892.63088   1.88756468E+000
   1891.29710   1.92191772E+000
   1889.96332   1.95726058E+000
   1888.62954   1.99363169E+000
   1887.29577   2.03107133E+000
   1885.96199   2.06962183E+000
   1884.62821   2.10932760E+000
   1883.29443   2.15023531E+000
   1881.96065   2.19239400E+000
   1880.62688   2.23585526E+000
   1879.29310   2.28067336E+000
   1877.95932   2.32690541E+000
   1876.62554   2.37461161E+000
   1875.29176   2.42385534E+000
   1873.95799   2.47470347E+000
   1872.62421   2.52722654E+000
   1871.29043   2.58149900E+000
   1869.95665   2.63759948E+000
   1868.62287   2.69561112E+000
   1867.28910   2.75562179E+000
   1865.95532   2.81772452E+000
   1864.62154   2.88201778E+000
   1863.28776   2.94860594E+000
   1861.95398   3.01759963E+000
   1860.62021   3.08911625E+000
   1859.28643   3.16328044E+000
   1857.95265   3.24022465E+000
   1856.61887   3.32008971E+000
   1855.28510   3.40302547E+000
   1853.95132   3.48919154E+000
   1852.61754   3.57875803E+000
   1851.28376   3.67190637E+000
   1849.94998   3.76883029E+000
   1848.61621   3.86973677E+000
   1847.28243   3.97484718E+000
   1845.94865   4.08439847E+000
   1844.61487   4.19864453E+000
   1843.28109   4.31785764E+000
   1841.94732   4.44233011E+000
   1840.61354   4.57237605E+000
   1839.27976   4.70833337E+000
   1837.94598   4.85056597E+000
   1836.61220   4.99946617E+000
   1835.27843   5.15545739E+000
   1833.94465   5.31899721E+000
   1832.61087   5.49058066E+000
   1831.27709   5.67074400E+000
   1829.94331   5.86006890E+000
   1828.60954   6.05918712E+000
   1827.27576   6.26878573E+000
   1825.94198   6.48961310E+000
   1824.60820   6.72248551E+000
   1823.27442   6.96829466E+000
   1821.94065   7.22801624E+000
   1820.60687   7.50271951E+000
   1819.27309   7.79357831E+000
   1817.93931   8.10188356E+000
   1816.60554   8.42905748E+000
   1815.27176   8.77666995E+000
   1813.93798   9.14645726E+000
   1812.60420   9.54034367E+000
   1811.27042   9.96046631E+000
   1809.93665   1.04092040E+001
   1808.60287   1.08892107E+001
   1807.26909   1.14034547E+001
   1805.93531   1.19552638E+001
   1804.60153   1.25483790E+001
   1803.26776   1.31870176E+001
   1801.93398   1.38759472E+001
   1800.60020   1.46205741E+001
   1799.26642   1.54270482E+001
   1797.93264   1.63023892E+001
   1796.59887   1.72546370E+001
   1795.26509   1.82930350E+001
   1793.93131   1.94282512E+001
   1792.59753   2.06726487E+001
   1791.26375   2.20406181E+001
   1789.92998   2.35489869E+001
   1788.59620   2.52175289E+001
   1787.26242   2.70696014E+001
   1785.92864   2.91329470E+001
   1784.59486   3.14407121E+001
   1783.26109   3.40327487E+001
   1781.92731   3.69572940E+001
   1780.59353   4.02731561E+001
   1779.25975   4.40525857E+001
   1777.92598   4.83850874E+001
   1776.59220   5.33825324E+001
   1775.25842   5.91860970E+001
   1773.92464   6.59757939E+001
   1772.59086   7.39837332E+001
   1771.25709   8.35128276E+001
   1769.92331   9.49635499E+001
   1768.58953   1.08872771E+002
   1767.25575   1.25970950E+002
   1765.92197   1.47267503E+002
   1764.58820   1.74179676E+002
   1763.25442   2.08728221E+002
   1761.92064   2.53832836E+002
   1760.58686   3.13744269E+002
   1759.25308   3.94616781E+002
   1757.91931   5.05040981E+002
   1756.58553   6.55671649E+002
   1755.25175   8.55073528E+002
   1753.91797   1.09519917E+003
   1752.58419   1.32286942E+003
   1751.25042   1.43251516E+003
   1749.91664   1.35226186E+003
   1748.58286   1.13608595E+003
   1747.24908   8.92697660E+002
   1745.91531   6.85196757E+002
   1744.58153   5.26901489E+002
   1743.24775   4.10590150E+002
   1741.91397   3.25491550E+002
   1740.58019   2.62598136E+002
   1739.24642   2.15381750E+002
   1737.91264   1.79319097E+002
   1736.57886   1.51304165E+002
   1735.24508   1.29191079E+002
   1733.91130   1.11478458E+002
   1732.57753   9.70997510E+001
   1731.24375   8.52851766E+001
   1729.90997   7.54703896E+001
   1728.57619   6.72354282E+001
   1727.24241   6.02633487E+001
   1725.90864   5.43117943E+001
   1724.57486   4.91931687E+001
   1723.24108   4.47606108E+001
   1721.90730   4.08979380E+001
   1720.57352   3.75123394E+001
   1719.23975   3.45290022E+001
   1717.90597   3.18871141E+001
   1716.57219   2.95368558E+001
   1715.23841   2.74371156E+001
   1713.90463   2.55537365E+001
   1712.57086   2.38581591E+001
   1711.23708   2.23263611E+001
   1709.90330   2.09380239E+001
   1708.56952   1.96758710E+001
   1707.23575   1.85251395E+001
   1705.90197   1.74731559E+001
   1704.56819   1.65089922E+001
   1703.23441   1.56231860E+001
   1701.90063   1.48075121E+001
   1700.56686   1.40547937E+001
   1699.23308   1.33587464E+001
   1697.89930   1.27138490E+001
   1696.56552   1.21152350E+001
   1695.23174   1.15586020E+001
   1693.89797   1.10401352E+001
   1692.56419   1.05564424E+001
   1691.23041   1.01044999E+001
   1689.89663   9.68160468E+000
   1688.56285   9.28533537E+000
   1687.22908   8.91351728E+000
   1685.89530   8.56419314E+000
   1684.56152   8.23559754E+000
   1683.22774   7.92613483E+000
   1681.89396   7.63435995E+000
   1680.56019   7.35896172E+000
   1679.22641   7.09874827E+000
   1677.89263   6.85263425E+000
   1676.55885   6.61962965E+000
   1675.22508   6.39882993E+000
   1673.89130   6.18940734E+000
   1672.55752   5.99060324E+000
   1671.22374   5.80172132E+000
   1669.88996   5.62212154E+000
   1668.55619   5.45121479E+000
   1667.22241   5.28845811E+000
   1665.88863   5.13335043E+000
   1664.55485   4.98542877E+000
   1663.22107   4.84426481E+000
   1661.88730   4.70946185E+000
   1660.55352   4.58065202E+000
   1659.21974   4.45749388E+000
   1657.88596   4.33967010E+000
   1656.55218   4.22688551E+000
   1655.21841   4.11886527E+000
   1653.88463   4.01535319E+000
   1652.55085   3.91611027E+000
   1651.21707   3.82091333E+000
   1649.88329   3.72955376E+000
   1648.54952   3.64183645E+000
   1647.21574   3.55757870E+000
   1645.88196   3.47660933E+000
   1644.54818   3.39876783E+000
   1643.21440   3.32390355E+000
   1641.88063   3.25187502E+000
   1640.54685   3.18254927E+000
   1639.21307   3.11580125E+000
   1637.87929   3.05151327E+000
   1636.54552   2.98957449E+000
   1635.21174   2.92988046E+000
   1633.87796   2.87233269E+000
   1632.54418   2.81683826E+000
   1631.21040   2.76330942E+000
   1629.87663   2.71166333E+000
   1628.54285   2.66182166E+000
   1627.20907   2.61371036E+000
   1625.87529   2.56725937E+000
   1624.54151   2.52240238E+000
   1623.20774   2.47907659E+000
   1621.87396   2.43722253E+000
   1620.54018   2.39678381E+000
   1619.20640   2.35770697E+000
   1617.87262   2.31994134E+000
   1616.53885   2.28343879E+000
   1615.20507   2.24815367E+000
   1613.87129   2.21404265E+000
   1612.53751   2.18106456E+000
   1611.20373   2.14918030E+000
   1609.86996   2.11835272E+000
   1608.53618   2.08854653E+000
   1607.20240   2.05972817E+000
   1605.86862   2.03186576E+000
   1604.53484   2.00492896E+000
   1603.20107   1.97888898E+000
   1601.86729   1.95371839E+000
   1600.53351   1.92939116E+000
   1599.19973   1.90588252E+000
   1597.86596   1.88316894E+000
   1596.53218   1.86122805E+000
   1595.19840   1.84003860E+000
   1593.86462   1.81958042E+000
   1592.53084   1.79983434E+000
   1591.19707   1.78078218E+000
   1589.86329   1.76240669E+000
   1588.52951   1.74469154E+000
   1587.19573   1.72762123E+000
   1585.86195   1.71118114E+000
   1584.52818   1.69535740E+000
   1583.19440   1.68013695E+000
   1581.86062   1.66550747E+000
   1580.52684   1.65145734E+000
   1579.19306   1.63797568E+000
   1577.85929   1.62505226E+000
   1576.52551   1.61267752E+000
   1575.19173   1.60084255E+000
   1573.85795   1.58953907E+000
   1572.52417   1.57875940E+000
   1571.19040   1.56849648E+000
   1569.85662   1.55874383E+000
   1568.52284   1.54949555E+000
   1567.18906   1.54074634E+000
   1565.85529   1.53249142E+000
   1564.52151   1.52472662E+000
   1563.18773   1.51744831E+000
   1561.85395   1.51065339E+000
   1560.52017   1.50433937E+000
   1559.18640   1.49850425E+000
   1557.85262   1.49314664E+000
   1556.51884   1.48826569E+000
   1555.18506   1.48386110E+000
   1553.85128   1.47993317E+000
   1552.51751   1.47648276E+000
   1551.18373   1.47351131E+000
   1549.84995   1.47102088E+000
   1548.51617   1.46901414E+000
   1547.18239   1.46749436E+000
   1545.84862   1.46646550E+000
   1544.51484   1.46593213E+000
   1543.18106   1.46589955E+000
   1541.84728   1.46637375E+000
   1540.51350   1.46736143E+000
   1539.17973   1.46887009E+000
   1537.84595   1.47090799E+000
   1536.51217   1.47348425E+000
   1535.17839   1.47660882E+000
   1533.84461   1.48029257E+000
   1532.51084   1.48454733E+000
   1531.17706   1.48938593E+000
   1529.84328   1.49482222E+000
   1528.50950   1.50087121E+000
   1527.17573   1.50754904E+000
   1525.84195   1.51487311E+000
   1524.50817   1.52286215E+000
   1523.17439   1.53153628E+000
   1521.84061   1.54091710E+000
   1520.50684   1.55102781E+000
   1519.17306   1.56189330E+000
   1517.83928   1.57354027E+000
   1516.50550   1.58599734E+000
   1515.17172   1.59929523E+000
   1513.83795   1.61346687E+000
   1512.50417   1.62854758E+000
   1511.17039   1.64457526E+000
   1509.83661   1.66159058E+000
   1508.50283   1.67963721E+000
   1507.16906   1.69876204E+000
   1505.83528   1.71901546E+000
   1504.50150   1.74045167E+000
   1503.16772   1.76312895E+000
   1501.83394   1.78711009E+000
   1500.50017   1.81246271E+000
   1499.16639   1.83925974E+000
   1497.83261   1.86757992E+000
   1496.49883   1.89750828E+000
   1495.16506   1.92913681E+000
   1493.83128   1.96256508E+000
   1492.49750   1.99790101E+000
   1491.16372   2.03526170E+000
   1489.82994   2.07477437E+000
   1488.49617   2.11657744E+000
   1487.16239   2.16082166E+000
   1485.82861   2.20767152E+000
   1484.49483   2.25730672E+000
   1483.16105   2.30992391E+000
   1481.82728   2.36573862E+000
   1480.49350   2.42498751E+000
   1479.15972   2.48793090E+000
   1477.82594   2.55485566E+000
   1476.49216   2.62607857E+000
   1475.15839   2.70195012E+000
   1473.82461   2.78285902E+000
   1472.49083   2.86923723E+000
   1471.15705   2.96156604E+000
   1469.82327   3.06038295E+000
   1468.48950   3.16628984E+000
   1467.15572   3.27996259E+000
   1465.82194   3.40216230E+000
   1464.48816   3.53374870E+000
   1463.15438   3.67569607E+000
   1461.82061   3.82911224E+000
   1460.48683   3.99526143E+000
   1459.15305   4.17559179E+000
   1457.81927   4.37176889E+000
   1456.48550   4.58571651E+000
   1455.15172   4.81966683E+000
   1453.81794   5.07622233E+000
   1452.48416   5.35843294E+000
   1451.15038   5.66989269E+000
   1449.81661   6.01486179E+000
   1448.48283   6.39842213E+000
   1447.14905   6.82667707E+000
   1445.81527   7.30701062E+000
   1444.48149   7.84842699E+000
   1443.14772   8.46200025E+000
   1441.81394   9.16147692E+000
   1440.48016   9.96409308E+000
   1439.14638   1.08916974E+001
   1437.81260   1.19723161E+001
   1436.47883   1.32423650E+001
   1435.14505   1.47498250E+001
   1433.81127   1.65588670E+001
   1432.47749   1.87566849E+001
   1431.14371   2.14637058E+001
   1429.80994   2.48489275E+001
   1428.47616   2.91527735E+001
   1427.14238   3.47198479E+001
   1425.80860   4.20404482E+001
   1424.47482   5.17827547E+001
   1423.14105   6.47383141E+001
   1421.80727   8.14455971E+001
   1420.47349   1.01053417E+002
   1419.13971   1.19634988E+002
   1417.80594   1.31280095E+002
   1416.47216   1.34788952E+002
   1415.13838   1.36515314E+002
   1413.80460   1.43807236E+002
   1412.47082   1.59836022E+002
   1411.13705   1.81910011E+002
   1409.80327   1.99642745E+002
   1408.46949   1.99071509E+002
   1407.13571   1.77109890E+002
   1405.80193   1.45065719E+002
   1404.46816   1.14607090E+002
   1403.13438   9.03644332E+001
   1401.80060   7.24128242E+001
   1400.46682   5.94568878E+001
   1399.13304   5.01903353E+001
   1397.79927   4.36264165E+001
   1396.46549   3.90943634E+001
   1395.13171   3.61704967E+001
   1393.79793   3.46194069E+001
   1392.46415   3.43596523E+001
   1391.13038   3.54534614E+001
   1389.79660   3.81165068E+001
   1388.46282   4.27363543E+001
   1387.12904   4.98567443E+001
   1385.79527   5.99855562E+001
   1384.46149   7.28763767E+001
   1383.12771   8.59520377E+001
   1381.79393   9.33539599E+001
   1380.46015   8.99888610E+001
   1379.12638   7.77925547E+001
   1377.79260   6.31138202E+001
   1376.45882   5.02291799E+001
   1375.12504   4.02764032E+001
   1373.79126   3.29347342E+001
   1372.45749   2.75715266E+001
   1371.12371   2.36337318E+001
   1369.78993   2.07152535E+001
   1368.45615   1.85341639E+001
   1367.12237   1.68977674E+001
   1365.78860   1.56744179E+001
   1364.45482   1.47738822E+001
   1363.12104   1.41343291E+001
   1361.78726   1.37138701E+001
   1360.45348   1.34851181E+001
   1359.11971   1.34317537E+001
   1357.78593   1.35464671E+001
   1356.45215   1.38298981E+001
   1355.11837   1.42903748E+001
   1353.78459   1.49443788E+001
   1352.45082   1.58177805E+001
   1351.11704   1.69480013E+001
   1349.78326   1.83874077E+001
   1348.44948   2.02084518E+001
   1347.11571   2.25113839E+001
   1345.78193   2.54358527E+001
   1344.44815   2.91784651E+001
   1343.11437   3.40195019E+001
   1341.78059   4.03634723E+001
   1340.44682   4.87993845E+001
   1339.11304   6.01843909E+001
   1337.77926   7.57370511E+001
   1336.44548   9.70552592E+001
   1335.11170   1.25746063E+002
   1333.77793   1.61832614E+002
   1332.44415   1.99860581E+002
   1331.11037   2.25324743E+002
   1329.77659   2.22754829E+002
   1328.44281   1.93872822E+002
   1327.10904   1.55261926E+002
   1325.77526   1.20049137E+002
   1324.44148   9.24635845E+001
   1323.10770   7.20296536E+001
   1321.77392   5.70798632E+001
   1320.44015   4.60678222E+001
   1319.10637   3.78369616E+001
   1317.77259   3.15782753E+001
   1316.43881   2.67358197E+001
   1315.10504   2.29266482E+001
   1313.77126   1.98840462E+001
   1312.43748   1.74195111E+001
   1311.10370   1.53976917E+001
   1309.76992   1.37198520E+001
   1308.43615   1.23128596E+001
   1307.10237   1.11217598E+001
   1305.76859   1.01046970E+001
   1304.43481   9.22938947E+000
   1303.10103   8.47064783E+000
   1301.76726   7.80860319E+000
   1300.43348   7.22742551E+000
   1299.09970   6.71438475E+000
   1297.76592   6.25915487E+000
   1296.43214   5.85329219E+000
   1295.09837   5.48984027E+000
   1293.76459   5.16302767E+000
   1292.43081   4.86803463E+000
   1291.09703   4.60081138E+000
   1289.76325   4.35793550E+000
   1288.42948   4.13649900E+000
   1287.09570   3.93401846E+000
   1285.76192   3.74836279E+000
   1284.42814   3.57769495E+000
   1283.09436   3.42042460E+000
   1281.76059   3.27516937E+000
   1280.42681   3.14072307E+000
   1279.09303   3.01602937E+000
   1277.75925   2.90015999E+000
   1276.42548   2.79229650E+000
   1275.09170   2.69171508E+000
   1273.75792   2.59777364E+000
   1272.42414   2.50990102E+000
   1271.09036   2.42758775E+000
   1269.75659   2.35037825E+000
   1268.42281   2.27786410E+000
   1267.08903   2.20967831E+000
   1265.75525   2.14549039E+000
   1264.42147   2.08500209E+000
   1263.08770   2.02794368E+000
   1261.75392   1.97407079E+000
   1260.42014   1.92316159E+000
   1259.08636   1.87501435E+000
   1257.75258   1.82944535E+000
   1256.41881   1.78628698E+000
   1255.08503   1.74538609E+000
   1253.75125   1.70660258E+000
   1252.41747   1.66980808E+000
   1251.08369   1.63488484E+000
   1249.74992   1.60172474E+000
   1248.41614   1.57022834E+000
   1247.08236   1.54030418E+000
   1245.74858   1.51186798E+000
   1244.41480   1.48484206E+000
   1243.08103   1.45915477E+000
   1241.74725   1.43473997E+000
   1240.41347   1.41153659E+000
   1239.07969   1.38948820E+000
   1237.74592   1.36854267E+000
   1236.41214   1.34865184E+000
   1235.07836   1.32977120E+000
   1233.74458   1.31185964E+000
   1232.41080   1.29487921E+000
   1231.07703   1.27879488E+000
   1229.74325   1.26357439E+000
   1228.40947   1.24918804E+000
   1227.07569   1.23560852E+000
   1225.74191   1.22281081E+000
   1224.40814   1.21077201E+000
   1223.07436   1.19947125E+000
   1221.74058   1.18888960E+000
   1220.40680   1.17900993E+000
   1219.07302   1.16981688E+000
   1217.73925   1.16129677E+000
   1216.40547   1.15343754E+000
   1215.07169   1.14622868E+000
   1213.73791   1.13966122E+000
   1212.40413   1.13372768E+000
   1211.07036   1.12842203E+000
   1209.73658   1.12373968E+000
   1208.40280   1.11967745E+000
   1207.06902   1.11623360E+000
   1205.73525   1.11340779E+000
   1204.40147   1.11120111E+000
   1203.06769   1.10961610E+000
   1201.73391   1.10865674E+000
   1200.40013   1.10832851E+000
   1199.06636   1.10863843E+000
   1197.73258   1.10959509E+000
   1196.39880   1.11120870E+000
   1195.06502   1.11349117E+000
   1193.73124   1.11645618E+000
   1192.39747   1.12011927E+000
   1191.06369   1.12449793E+000
   1189.72991   1.12961168E+000
   1188.39613   1.13548226E+000
   1187.06235   1.14213371E+000
   1185.72858   1.14959255E+000
   1184.39480   1.15788792E+000
   1183.06102   1.16705183E+000
   1181.72724   1.17711932E+000
   1180.39346   1.18812872E+000
   1179.05969   1.20012193E+000
   1177.72591   1.21314468E+000
   1176.39213   1.22724690E+000
   1175.05835   1.24248307E+000
   1173.72457   1.25891263E+000
   1172.39080   1.27660047E+000
   1171.05702   1.29561740E+000
   1169.72324   1.31604079E+000
   1168.38946   1.33795518E+000
   1167.05569   1.36145304E+000
   1165.72191   1.38663557E+000
   1164.38813   1.41361369E+000
   1163.05435   1.44250904E+000
   1161.72057   1.47345522E+000
   1160.38680   1.50659913E+000
   1159.05302   1.54210256E+000
   1157.71924   1.58014390E+000
   1156.38546   1.62092026E+000
   1155.05168   1.66464968E+000
   1153.71791   1.71157392E+000
   1152.38413   1.76196146E+000
   1151.05035   1.81611111E+000
   1149.71657   1.87435615E+000
   1148.38279   1.93706911E+000
   1147.04902   2.00466744E+000
   1145.71524   2.07762008E+000
   1144.38146   2.15645523E+000
   1143.04768   2.24176947E+000
   1141.71390   2.33423866E+000
   1140.38013   2.43463085E+000
   1139.04635   2.54382175E+000
   1137.71257   2.66281331E+000
   1136.37879   2.79275617E+000
   1135.04502   2.93497697E+000
   1133.71124   3.09101163E+000
   1132.37746   3.26264631E+000
   1131.04368   3.45196807E+000
   1129.70990   3.66142797E+000
   1128.37613   3.89392019E+000
   1127.04235   4.15288224E+000
   1125.70857   4.44242269E+000
   1124.37479   4.76748573E+000
   1123.04101   5.13406512E+000
   1121.70724   5.54948558E+000
   1120.37346   6.02277709E+000
   1119.03968   6.56517912E+000
   1117.70590   7.19082899E+000
   1116.37212   7.91771498E+000
   1115.03835   8.76901419E+000
   1113.70457   9.77499415E+000
   1112.37079   1.09757375E+001
   1111.03701   1.24250334E+001
   1109.70323   1.41957716E+001
   1108.36946   1.63866876E+001
   1107.03568   1.91281265E+001
   1105.70190   2.25777017E+001
   1104.36812   2.68840349E+001
   1103.03434   3.21081140E+001
   1101.70057   3.82325339E+001
   1100.36679   4.55241752E+001
   1099.03301   5.49420438E+001
   1097.69923   6.79613554E+001
   1096.36546   8.62069508E+001
   1095.03168   1.11046551E+002
   1093.69790   1.42141963E+002
   1092.36412   1.73967910E+002
   1091.03034   1.93333714E+002
   1089.69657   1.87970272E+002
   1088.36279   1.61426580E+002
   1087.02901   1.28266918E+002
   1085.69523   9.87990419E+001
   1084.36145   7.59508908E+001
   1083.02768   5.90825134E+001
   1081.69390   4.67449039E+001
   1080.36012   3.76487496E+001
   1079.02634   3.08414608E+001
   1077.69256   2.56591548E+001
   1076.35879   2.16457659E+001
   1075.02501   1.84867986E+001
   1073.69123   1.59628379E+001
   1072.35745   1.39185101E+001
   1071.02367   1.22420337E+001
   1069.68990   1.08517121E+001
   1068.35612   9.68692689E+000
   1067.02234   8.70205291E+000
   1065.68856   7.86228899E+000
   1064.35478   7.14075884E+000
   1063.02101   6.51646633E+000
   1061.68723   5.97283319E+000
   1060.35345   5.49663949E+000
   1059.01967   5.07724618E+000
   1057.68590   4.70601804E+000
   1056.35212   4.37589053E+000
   1055.01834   4.08104124E+000
   1053.68456   3.81663839E+000
   1052.35078   3.57864630E+000
   1051.01701   3.36367391E+000
   1049.68323   3.16885561E+000
   1048.34945   2.99175696E+000
   1047.01567   2.83029940E+000
   1045.68189   2.68269990E+000
   1044.34812   2.54742209E+000
   1043.01434   2.42313661E+000
   1041.68056   2.30868859E+000
   1040.34678   2.20307099E+000
   1039.01300   2.10540252E+000
   1037.67923   2.01490935E+000
   1036.34545   1.93090978E+000
   1035.01167   1.85280142E+000
   1033.67789   1.78005047E+000
   1032.34411   1.71218250E+000
   1031.01034   1.64877480E+000
   1029.67656   1.58944975E+000
   1028.34278   1.53386919E+000
   1027.00900   1.48172963E+000
   1025.67523   1.43275805E+000
   1024.34145   1.38670834E+000
   1023.00767   1.34335819E+000
   1021.67389   1.30250641E+000
   1020.34011   1.26397060E+000
   1019.00634   1.22758506E+000
   1017.67256   1.19319903E+000
   1016.33878   1.16067512E+000
   1015.00500   1.12988794E+000
   1013.67122   1.10072287E+000
   1012.33745   1.07307497E+000
   1011.00367   1.04684809E+000
   1009.66989   1.02195395E+000
   1008.33611   9.98311449E-001
   1007.00233   9.75845991E-001
   1005.66856   9.54488873E-001
   1004.33478   9.34176767E-001
   1003.00100   9.14851246E-001
   1001.66722   8.96458360E-001
   1000.33344   8.78948252E-001
    998.99967   8.62274819E-001
    997.66589   8.46395405E-001
    996.33211   8.31270521E-001
    994.99833   8.16863601E-001
    993.66455   8.03140769E-001
    992.33078   7.90070645E-001
    990.99700   7.77624154E-001
    989.66322   7.65774365E-001
    988.32944   7.54496338E-001
    986.99567   7.43766992E-001
    985.66189   7.33564977E-001
    984.32811   7.23870570E-001
    982.99433   7.14665573E-001
    981.66055   7.05933219E-001
    980.32678   6.97658098E-001
    978.99300   6.89826080E-001
    977.65922   6.82424250E-001
    976.32544   6.75440854E-001
    974.99166   6.68865245E-001
    973.65789   6.62687841E-001
    972.32411   6.56900083E-001
    970.99033   6.51494404E-001
    969.65655   6.46464202E-001
    968.32277   6.41803817E-001
    966.98900   6.37508511E-001
    965.65522   6.33574461E-001
    964.32144   6.29998746E-001
    962.98766   6.26779349E-001
    961.65388   6.23915155E-001
    960.32011   6.21405963E-001
    958.98633   6.19252495E-001
    957.65255   6.17456417E-001
    956.31877   6.16020359E-001
    954.98499   6.14947949E-001
    953.65122   6.14243846E-001
    952.31744   6.13913784E-001
    950.98366   6.13964623E-001
    949.64988   6.14404405E-001
    948.31611   6.15242421E-001
    946.98233   6.16489290E-001
    945.64855   6.18157043E-001
    944.31477   6.20259223E-001
    942.98099   6.22810996E-001
    941.64722   6.25829276E-001
    940.31344   6.29332869E-001
    938.97966   6.33342629E-001
    937.64588   6.37881646E-001
    936.31210   6.42975442E-001
    934.97833   6.48652205E-001
    933.64455   6.54943050E-001
    932.31077   6.61882311E-001
    930.97699   6.69507872E-001
    929.64321   6.77861551E-001
    928.30944   6.86989521E-001
    926.97566   6.96942805E-001
    925.64188   7.07777830E-001
    924.30810   7.19557059E-001
    922.97432   7.32349729E-001
    921.64055   7.46232676E-001
    920.30677   7.61291305E-001
    918.97299   7.77620698E-001
    917.63921   7.95326897E-001
    916.30544   8.14528397E-001
    914.97166   8.35357877E-001
    913.63788   8.57964231E-001
    912.30410   8.82514938E-001
    910.97032   9.09198853E-001
    909.63655   9.38229503E-001
    908.30277   9.69848985E-001
    906.96899   1.00433261E+000
    905.63521   1.04199445E+000
    904.30143   1.08319398E+000
    902.96766   1.12834412E+000
    901.63388   1.17792093E+000
    900.30010   1.23247548E+000
    898.96632   1.29264833E+000
    897.63254   1.35918737E+000
    896.29877   1.43297003E+000
    894.96499   1.51503080E+000
    893.63121   1.60659602E+000
    892.29743   1.70912771E+000
    890.96365   1.82437957E+000
    889.62988   1.95446897E+000
    888.29610   2.10197022E+000
    886.96232   2.27003676E+000
    885.62854   2.46256269E+000
    884.29476   2.68439848E+000
    882.96099   2.94164249E+000
    881.62721   3.24203942E+000
    880.29343   3.59553209E+000
    878.95965   4.01503554E+000
    877.62588   4.51753835E+000
    876.29210   5.12569237E+000
    874.95832   5.87014082E+000
    873.62454   6.79297630E+000
    872.29076   7.95294054E+000
    870.95699   9.43330965E+000
    869.62321   1.13538489E+001
    868.28943   1.38885943E+001
    866.95565   1.72906422E+001
    865.62187   2.19202676E+001
    864.28810   2.82525410E+001
    862.95432   3.67754444E+001
    861.62054   4.75367999E+001
    860.28676   5.90079207E+001
    858.95298   6.69510682E+001
    857.61921   6.66187980E+001
    856.28543   5.82400370E+001
    854.95165   4.67100137E+001
    853.61787   3.60833229E+001
    852.28409   2.77261315E+001
    850.95032   2.15307585E+001
    849.61654   1.70013764E+001
    848.28276   1.36699167E+001
    846.94898   1.11845055E+001
    845.61521   9.29862855E+000
    844.28143   7.84285516E+000
    842.94765   6.70052992E+000
    841.61387   5.79046398E+000
    840.28009   5.05532569E+000
    838.94632   4.45398696E+000
    837.61254   3.95647399E+000
    836.27876   3.54060703E+000
    834.94498   3.18973572E+000
    833.61120   2.89119115E+000
    832.27743   2.63521243E+000
    830.94365   2.41419132E+000
    829.60987   2.22213351E+000
    828.27609   2.05426899E+000
    826.94231   1.90676698E+000
    825.60854   1.77652465E+000
    824.27476   1.66100894E+000
    822.94098   1.55813682E+000
    821.60720   1.46618372E+000
    820.27342   1.38371302E+000
    818.93965   1.30952107E+000
    817.60587   1.24259416E+000
    816.27209   1.18207454E+000
    814.93831   1.12723334E+000
    813.60453   1.07744894E+000
    812.27076   1.03218959E+000
    810.93698   9.90999273E-001
    809.60320   9.53486358E-001
    808.26942   9.19314262E-001
    806.93565   8.88193905E-001
    805.60187   8.59877551E-001
    804.26809   8.34153832E-001
    802.93431   8.10843744E-001
    801.60053   7.89797502E-001
    800.26676   7.70892128E-001
    798.93298   7.54029717E-001
    797.59920   7.39136333E-001
    796.26542   7.26161526E-001
    794.93164   7.15078486E-001
    793.59787   7.05884873E-001
    792.26409   6.98604421E-001
    790.93031   6.93289437E-001
    789.59653   6.90024387E-001
    788.26275   6.88930832E-001
    786.92898   6.90174099E-001
    785.59520   6.93972190E-001
    784.26142   7.00607676E-001
    782.92764   7.10443584E-001
    781.59386   7.23944749E-001
    780.26009   7.41706702E-001
    778.92631   7.64495140E-001
    777.59253   7.93300423E-001
    776.25875   8.29413725E-001
    774.92497   8.74534838E-001
    773.59120   9.30926900E-001
    772.25742   1.00164164E+000
    770.92364   1.09085200E+000
    769.58986   1.20434979E+000
    768.25609   1.35029815E+000
    766.92231   1.54037434E+000
    765.58853   1.79149000E+000
    764.25475   2.12828183E+000
    762.92097   2.58630926E+000
    761.58720   3.21462193E+000
    760.25342   4.07179583E+000
    758.91964   5.19680571E+000
    757.58586   6.51615588E+000
    756.25208   7.68482529E+000
    754.91831   8.11130042E+000
    753.58453   7.50559196E+000
    752.25075   6.26159053E+000
    750.91697   4.95257050E+000
    749.58319   3.86593432E+000
    748.24942   3.04454996E+000
    746.91564   2.44162385E+000
    745.58186   1.99923777E+000
    744.24808   1.67074537E+000
    742.91430   1.42274018E+000
    741.58053   1.23214924E+000
    740.24675   1.08312305E+000
    738.91297   9.64690204E-001
    737.57919   8.69154301E-001
    736.24542   7.91032284E-001
    734.91164   7.26355194E-001
    733.57786   6.72204958E-001
    732.24408   6.26404039E-001
    730.91030   5.87304667E-001
    729.57653   5.53643607E-001
    728.24275   5.24440626E-001
    726.90897   4.98926503E-001
    725.57519   4.76491276E-001
    724.24141   4.56646574E-001
    722.90764   4.38997849E-001
    721.57386   4.23223671E-001
    720.24008   4.09060137E-001
    718.90630   3.96288989E-001
    717.57252   3.84728496E-001
    716.23875   3.74226371E-001
    714.90497   3.64654242E-001
    713.57119   3.55903287E-001
    712.23741   3.47880775E-001
    710.90363   3.40507291E-001
    709.56986   3.33714512E-001
    708.23608   3.27443394E-001
    706.90230   3.21642706E-001
    705.56852   3.16267820E-001
    704.23474   3.11279716E-001
    702.90097   3.06644164E-001
    701.56719   3.02331031E-001
    700.23341   2.98313715E-001
    698.89963   2.94568658E-001
    697.56586   2.91074947E-001
    696.23208   2.87813965E-001
    694.89830   2.84769101E-001
    693.56452   2.81925504E-001
    692.23074   2.79269864E-001
    690.89697   2.76790235E-001
    689.56319   2.74475874E-001
    688.22941   2.72317108E-001
    686.89563   2.70305210E-001
    685.56185   2.68432306E-001
    684.22808   2.66691277E-001
    682.89430   2.65075685E-001
    681.56052   2.63579705E-001
    680.22674   2.62198066E-001
    678.89296   2.60925996E-001
    677.55919   2.59759178E-001
    676.22541   2.58693707E-001
    674.89163   2.57726056E-001
    673.55785   2.56853045E-001
    672.22407   2.56071810E-001
    670.89030   2.55379781E-001
    669.55652   2.54774656E-001
    668.22274   2.54254387E-001
    666.88896   2.53817157E-001
    665.55519   2.53461369E-001
    664.22141   2.53185630E-001
    662.88763   2.52988739E-001
    661.55385   2.52869678E-001
    660.22007   2.52827601E-001
    658.88630   2.52861826E-001
    657.55252   2.52971830E-001
    656.21874   2.53157239E-001
    654.88496   2.53417826E-001
    653.55118   2.53753507E-001
    652.21741   2.54164335E-001
    650.88363   2.54650495E-001
    649.54985   2.55212310E-001
    648.21607   2.55850228E-001
    646.88229   2.56564833E-001
    645.54852   2.57356833E-001
    644.21474   2.58227068E-001
    642.88096   2.59176509E-001
    641.54718   2.60206255E-001
    640.21340   2.61317539E-001
    638.87963   2.62511732E-001
    637.54585   2.63790337E-001
    636.21207   2.65155003E-001
    634.87829   2.66607520E-001
    633.54451   2.68149830E-001
    632.21074   2.69784025E-001
    630.87696   2.71512359E-001
    629.54318   2.73337252E-001
    628.20940   2.75261293E-001
    626.87563   2.77287254E-001
    625.54185   2.79418091E-001
    624.20807   2.81656959E-001
    622.87429   2.84007219E-001
    621.54051   2.86472447E-001
    620.20674   2.89056450E-001
    618.87296   2.91763273E-001
    617.53918   2.94597217E-001
    616.20540   2.97562850E-001
    614.87162   3.00665026E-001
    613.53785   3.03908901E-001
    612.20407   3.07299951E-001
    610.87029   3.10843994E-001
    609.53651   3.14547209E-001
    608.20273   3.18416164E-001
    606.86896   3.22457838E-001
    605.53518   3.26679652E-001
    604.20140   3.31089496E-001
    602.86762   3.35695768E-001
    601.53384   3.40507402E-001
    600.20007   3.45533916E-001
    598.86629   3.50785447E-001
    597.53251   3.56272805E-001
    596.19873   3.62007518E-001
    594.86495   3.68001889E-001
    593.53118   3.74269060E-001
    592.19740   3.80823076E-001
    590.86362   3.87678957E-001
    589.52984   3.94852782E-001
    588.19607   4.02361773E-001
    586.86229   4.10224394E-001
    585.52851   4.18460457E-001
    584.19473   4.27091241E-001
    582.86095   4.36139617E-001
    581.52718   4.45630198E-001
    580.19340   4.55589494E-001
    578.85962   4.66046087E-001
    577.52584   4.77030830E-001
    576.19206   4.88577060E-001
    574.85829   5.00720844E-001
    573.52451   5.13501248E-001
    572.19073   5.26960635E-001
    570.85695   5.41145011E-001
    569.52317   5.56104394E-001
    568.18940   5.71893248E-001
    566.85562   5.88570959E-001
    565.52184   6.06202374E-001
    564.18806   6.24858418E-001
    562.85428   6.44616780E-001
    561.52051   6.65562704E-001
    560.18673   6.87789885E-001
    558.85295   7.11401486E-001
    557.51917   7.36511310E-001
    556.18540   7.63245135E-001
    554.85162   7.91742261E-001
    553.51784   8.22157279E-001
    552.18406   8.54662124E-001
    550.85028   8.89448461E-001
    549.51651   9.26730451E-001
    548.18273   9.66747985E-001
    546.84895   1.00977047E+000
    545.51517   1.05610129E+000
    544.18139   1.10608305E+000
    542.84762   1.16010378E+000
    541.51384   1.21860439E+000
    540.18006   1.28208746E+000
    538.84628   1.35112785E+000
    537.51250   1.42638551E+000
    536.17873   1.50862096E+000
    534.84495   1.59871417E+000
    533.51117   1.69768764E+000
    532.17739   1.80673492E+000
    530.84361   1.92725581E+000
    529.50984   2.06090045E+000
    528.17606   2.20962455E+000
    526.84228   2.37575937E+000
    525.50850   2.56210087E+000
    524.17472   2.77202440E+000
    522.84095   3.00963338E+000
    521.50717   3.27995389E+000
    520.17339   3.58919202E+000
    518.83961   3.94507749E+000
    517.50584   4.35732802E+000
    516.17206   4.83828406E+000
    514.83828   5.40378757E+000
    513.50450   6.07441491E+000
    512.17072   6.87723090E+000
    510.83695   7.84832034E+000
    509.50317   9.03649552E+000
    508.16939   1.05088023E+001
    506.83561   1.23587995E+001
    505.50183   1.47191145E+001
    504.16806   1.77804779E+001
    502.83428   2.18200411E+001
    501.50050   2.72408699E+001
    500.16672   3.46168067E+001
    498.83294   4.47049150E+001
    497.49917   5.82842147E+001
    496.16539   7.54364389E+001
    494.83161   9.37380883E+001
    493.49783   1.06446273E+002
    492.16405   1.05975312E+002
    490.83028   9.26503457E+001
    489.49650   7.42669316E+001
    488.16272   5.73078349E+001
    486.82894   4.39657435E+001
    485.49517   3.40739156E+001
    484.16139   2.68421902E+001
    482.82761   2.15234465E+001
    481.49383   1.75557720E+001
    480.16005   1.45454464E+001
    478.82628   1.22218568E+001
    477.49250   1.03986866E+001
    476.15872   8.94627073E+000
    474.82494   7.77305023E+000
    473.49116   6.81334627E+000
    472.15739   6.01929444E+000
    470.82361   5.35547719E+000
    469.48983   4.79530659E+000
    468.15605   4.31855208E+000
    466.82227   3.90962595E+000
    465.48850   3.55637712E+000
    464.15472   3.24923068E+000
    462.82094   2.98056579E+000
    461.48716   2.74426031E+000
    460.15338   2.53535350E+000
    458.81961   2.34979328E+000
    457.48583   2.18424500E+000
    456.15205   2.03594520E+000
    454.81827   1.90258881E+000
    453.48449   1.78224134E+000
    452.15072   1.67326996E+000
    450.81694   1.57428907E+000
    449.48316   1.48411691E+000
    448.14938   1.40174069E+000
    446.81561   1.32628861E+000
    445.48183   1.25700697E+000
    444.14805   1.19324158E+000
    442.81427   1.13442241E+000
    441.48049   1.08005104E+000
    440.14672   1.02969007E+000
    438.81294   9.82954488E-001
    437.47916   9.39504256E-001
    436.14538   8.99038218E-001
    434.81160   8.61288879E-001
    433.47783   8.26017998E-001
    432.14405   7.93012846E-001
    430.81027   7.62082999E-001
    429.47649   7.33057598E-001
    428.14271   7.05782986E-001
    426.80894   6.80120680E-001
    425.47516   6.55945605E-001
    424.14138   6.33144575E-001
    422.80760   6.11614958E-001
    421.47382   5.91263524E-001
    420.14005   5.72005428E-001
    418.80627   5.53763323E-001
    417.47249   5.36466582E-001
    416.13871   5.20050608E-001
    414.80493   5.04456228E-001
    413.47116   4.89629157E-001
    412.13738   4.75519521E-001
    410.80360   4.62081435E-001
    409.46982   4.49272626E-001
    408.13605   4.37054097E-001
    406.80227   4.25389829E-001
    405.46849   4.14246513E-001
    404.13471   4.03593305E-001
    402.80093   3.93401615E-001
    401.46716   3.83644911E-001
    400.13338   3.74298543E-001
    398.79960   3.65339587E-001
    397.46582   3.56746700E-001
    396.13204   3.48499993E-001
    394.79827   3.40580912E-001
    393.46449   3.32972134E-001
    392.13071   3.25657469E-001
    390.79693   3.18621773E-001
    389.46315   3.11850869E-001
    388.12938   3.05331469E-001
    386.79560   2.99051117E-001
    385.46182   2.92998117E-001
    384.12804   2.87161487E-001
    382.79426   2.81530902E-001
    381.46049   2.76096650E-001
    380.12671   2.70849587E-001
    378.79293   2.65781099E-001
    377.45915   2.60883067E-001
    376.12538   2.56147828E-001
    374.79160   2.51568153E-001
    373.45782   2.47137210E-001
    372.12404   2.42848543E-001
    370.79026   2.38696045E-001
    369.45649   2.34673938E-001
    368.12271   2.30776750E-001
    366.78893   2.26999297E-001
    365.45515   2.23336665E-001
    364.12137   2.19784191E-001
    362.78760   2.16337454E-001
    361.45382   2.12992252E-001
    360.12004   2.09744596E-001
    358.78626   2.06590694E-001
    357.45248   2.03526940E-001
    356.11871   2.00549903E-001
    354.78493   1.97656319E-001
    353.45115   1.94843078E-001
    352.11737   1.92107219E-001
    350.78359   1.89445919E-001
    349.44982   1.86856488E-001
    348.11604   1.84336359E-001
    346.78226   1.81883082E-001
    345.44848   1.79494320E-001
    344.11470   1.77167841E-001
    342.78093   1.74901512E-001
    341.44715   1.72693297E-001
    340.11337   1.70541248E-001
    338.77959   1.68443503E-001
    337.44582   1.66398280E-001
    336.11204   1.64403877E-001
    334.77826   1.62458662E-001
    333.44448   1.60561075E-001
    332.11070   1.58709622E-001
    330.77693   1.56902871E-001
    329.44315   1.55139451E-001
    328.10937   1.53418049E-001
    326.77559   1.51737407E-001
    325.44181   1.50096318E-001
    324.10804   1.48493627E-001
    322.77426   1.46928225E-001
    321.44048   1.45399049E-001
    320.10670   1.43905081E-001
    318.77292   1.42445343E-001
    317.43915   1.41018901E-001
    316.10537   1.39624855E-001
    314.77159   1.38262344E-001
    313.43781   1.36930544E-001
    312.10403   1.35628663E-001
    310.77026   1.34355944E-001
    309.43648   1.33111659E-001
    308.10270   1.31895114E-001
    306.76892   1.30705642E-001
    305.43515   1.29542606E-001
    304.10137   1.28405395E-001
    302.76759   1.27293427E-001
    301.43381   1.26206145E-001
    300.10003   1.25143017E-001
    298.76626   1.24103536E-001
    297.43248   1.23087219E-001
    296.09870   1.22093605E-001
    294.76492   1.21122259E-001
    293.43114   1.20172765E-001
    292.09737   1.19244732E-001
    290.76359   1.18337788E-001
    289.42981   1.17451584E-001
    288.09603   1.16585791E-001
    286.76225   1.15740103E-001
    285.42848   1.14914233E-001
    284.09470   1.14107915E-001
    282.76092   1.13320903E-001
    281.42714   1.12552973E-001
    280.09336   1.11803922E-001
    278.75959   1.11073567E-001
    277.42581   1.10361745E-001
    276.09203   1.09668318E-001
    274.75825   1.08993165E-001
    273.42447   1.08336192E-001
    272.09070   1.07697326E-001
    270.75692   1.07076515E-001
    269.42314   1.06473736E-001
    268.08936   1.05888986E-001
    266.75559   1.05322291E-001
    265.42181   1.04773704E-001
    264.08803   1.04243303E-001
    262.75425   1.03731200E-001
    261.42047   1.03237534E-001
    260.08670   1.02762478E-001
    258.75292   1.02306241E-001
    257.41914   1.01869066E-001
    256.08536   1.01451236E-001
    254.75158   1.01053076E-001
    253.41781   1.00674952E-001
    252.08403   1.00317281E-001
    250.75025   9.99805297E-002
    249.41647   9.96652176E-002
    248.08269   9.93719250E-002
    246.74892   9.91012950E-002
    245.41514   9.88540402E-002
    244.08136   9.86309479E-002
    242.74758   9.84328871E-002
    241.41380   9.82608157E-002
    240.08003   9.81157892E-002
    238.74625   9.79989696E-002
    237.41247   9.79116361E-002
    236.07869   9.78551967E-002
    234.74491   9.78312016E-002
    233.41114   9.78413579E-002
    232.07736   9.78875467E-002
    230.74358   9.79718420E-002
    229.40980   9.80965325E-002
    228.07603   9.82641462E-002
    226.74225   9.84774784E-002
    225.40847   9.87396241E-002
    224.07469   9.90540142E-002
    222.74091   9.94244581E-002
    221.40714   9.98551922E-002
    220.07336   1.00350936E-001
    218.73958   1.00916956E-001
    217.40580   1.01559143E-001
    216.07202   1.02284098E-001
    214.73825   1.03099236E-001
    213.40447   1.04012906E-001
    212.07069   1.05034533E-001
    210.73691   1.06174781E-001
    209.40313   1.07445761E-001
    208.06936   1.08861258E-001
    206.73558   1.10437017E-001
    205.40180   1.12191086E-001
    204.06802   1.14144220E-001
    202.73424   1.16320385E-001
    201.40047   1.18747363E-001
    200.06669   1.21457498E-001
    198.73291   1.24488616E-001
    197.39913   1.27885167E-001
    196.06536   1.31699660E-001
    194.73158   1.35994453E-001
    193.39780   1.40844045E-001
    192.06402   1.46337987E-001
    190.73024   1.52584648E-001
    189.39647   1.59716109E-001
    188.06269   1.67894586E-001
    186.72891   1.77320956E-001
    185.39513   1.88246185E-001
    184.06135   2.00986828E-001
    182.72758   2.15946300E-001
    181.39380   2.33644460E-001
    180.06002   2.54759302E-001
    178.72624   2.80186550E-001
    177.39246   3.11126085E-001
    176.05869   3.49209121E-001
    174.72491   3.96687908E-001
    173.39113   4.56721956E-001
    172.05735   5.33812597E-001
    170.72357   6.34459599E-001
    169.38980   7.68124302E-001
    168.05602   9.48516740E-001
    166.72224   1.19483878E+000
    165.38846   1.53115733E+000
    164.05468   1.97773745E+000
    162.72091   2.51980819E+000
    161.38713   3.04377530E+000
    160.05335   3.31347055E+000
    158.71957   3.15373890E+000
    157.38580   2.67253230E+000
    156.05202   2.11769803E+000
    154.71824   1.64009977E+000
    153.38446   1.27436901E+000
    152.05068   1.00531731E+000
    150.71691   8.08447537E-001
    149.38313   6.62990012E-001
    148.04935   5.53827066E-001
    146.71557   4.70470873E-001
    145.38179   4.05719829E-001
    144.04802   3.54601231E-001
    142.71424   3.13638576E-001
    141.38046   2.80364334E-001
    140.04668   2.52999093E-001
    138.71290   2.30239406E-001
    137.37913   2.11116064E-001
    136.04535   1.94898144E-001
    134.71157   1.81027108E-001
    133.37779   1.69070894E-001
    132.04401   1.58691452E-001
    130.71024   1.49621491E-001
    129.37646   1.41647594E-001
    128.04268   1.34597807E-001
    126.70890   1.28332411E-001
    125.37513   1.22736989E-001
    124.04135   1.17717151E-001
    122.70757   1.13194503E-001
    121.37379   1.09103514E-001
    120.04001   1.05389077E-001
    118.70624   1.02004592E-001
    117.37246   9.89104461E-002
    116.03868   9.60727928E-002
    114.70490   9.34625815E-002
    113.37112   9.10547653E-002
    112.03735   8.88276595E-002
    110.70357   8.67624152E-002
    109.36979   8.48425871E-002
    108.03601   8.30537758E-002
    106.70223   8.13833300E-002
    105.36846   7.98200987E-002
    104.03468   7.83542231E-002
    102.70090   7.69769608E-002
    101.36712   7.56805379E-002
    100.03334   7.44580231E-002
     98.69957   7.33032205E-002
     97.36579   7.22105779E-002
     96.03201   7.11751084E-002
     94.69823   7.01923224E-002
     93.36445   6.92581694E-002
     92.03068   6.83689873E-002
     90.69690   6.75214586E-002
     89.36312   6.67125724E-002
     88.02934   6.59395903E-002
     86.69557   6.52000180E-002
     85.36179   6.44915791E-002
     84.02801   6.38121928E-002
     82.69423   6.31599540E-002
     81.36045   6.25331155E-002
     80.02668   6.19300730E-002
     78.69290   6.13493508E-002
     77.35912   6.07895897E-002
     76.02534   6.02495360E-002
     74.69156   5.97280321E-002
     73.35779   5.92240074E-002
     72.02401   5.87364705E-002
     70.69023   5.82645024E-002
     69.35645   5.78072504E-002
     68.02267   5.73639219E-002
     66.68890   5.69337797E-002
     65.35512   5.65161372E-002
     64.02134   5.61103545E-002
     62.68756   5.57158342E-002
     61.35378   5.53320184E-002
     60.02001   5.49583855E-002
     58.68623   5.45944471E-002
     57.35245   5.42397458E-002
     56.01867   5.38938526E-002
     54.68489   5.35563651E-002
     53.35112   5.32269050E-002
     52.01734   5.29051169E-002
     50.68356   5.25906663E-002
     49.34978   5.22832382E-002
     48.01601   5.19825358E-002
     46.68223   5.16882791E-002
     45.34845   5.14002038E-002
     44.01467   5.11180604E-002
     42.68089   5.08416129E-002
     41.34712   5.05706382E-002
     40.01334   5.03049250E-002
     38.67956   5.00442732E-002
     37.34578   4.97884931E-002
     36.01200   4.95374048E-002
     34.67823   4.92908377E-002
     33.34445   4.90486295E-002
     32.01067   4.88106261E-002
     30.67689   4.85766811E-002
     29.34311   4.83466550E-002
     28.00934   4.81204151E-002
     26.67556   4.78978351E-002
     25.34178   4.76787944E-002
     24.00800   4.74631782E-002
     22.67422   4.72508768E-002
     21.34045   4.70417856E-002
     20.00667   4.68358047E-002
     18.67289   4.66328385E-002
     17.33911   4.64327957E-002
     16.00534   4.62355890E-002
     14.67156   4.60411348E-002
     13.33778   4.58493530E-002
     12.00400   4.56601669E-002
     10.67022   4.54735031E-002
      9.33645   4.52892909E-002
      8.00267   4.51074629E-002
      6.66889   4.49279542E-002
      5.33511   4.47507024E-002
      4.00133   4.45756477E-002
      2.66756   4.44027325E-002
      1.33378   4.42319016E-002
      0.00000   4.40631019E-002
