    120.00000  -9.74213894E-003
    120.05335  -1.02973555E-002
    120.10670  -1.08812391E-002
    120.16005  -1.14950970E-002
    120.21340  -1.21402866E-002
    120.26676  -1.28182171E-002
    120.32011  -1.35303509E-002
    120.37346  -1.42782053E-002
    120.42681  -1.50633538E-002
    120.48016  -1.58874278E-002
    120.53351  -1.67521181E-002
    120.58686  -1.76591765E-002
    120.64021  -1.86104175E-002
    120.69356  -1.96077196E-002
    120.74692  -2.06530275E-002
    120.80027  -2.17483532E-002
    120.85362  -2.28957780E-002
    120.90697  -2.40974537E-002
    120.96032  -2.53556052E-002
    121.01367  -2.66725310E-002
    121.06702  -2.80506058E-002
    121.12037  -2.94922818E-002
    121.17372  -3.10000904E-002
    121.22708  -3.25766440E-002
    121.28043  -3.42246377E-002
    121.33378  -3.59468506E-002
    121.38713  -3.77461482E-002
    121.44048  -3.96254832E-002
    121.49383  -4.15878979E-002
    121.54718  -4.36365256E-002
    121.60053  -4.57745917E-002
    121.65388  -4.80054163E-002
    121.70724  -5.03324149E-002
    121.76059  -5.27591003E-002
    121.81394  -5.52890842E-002
    121.86729  -5.79260786E-002
    121.92064  -6.06738971E-002
    121.97399  -6.35364568E-002
    122.02734  -6.65177789E-002
    122.08069  -6.96219909E-002
    122.13404  -7.28533273E-002
    122.18740  -7.62161311E-002
    122.24075  -7.97148547E-002
    122.29410  -8.33540614E-002
    122.34745  -8.71384262E-002
    122.40080  -9.10727369E-002
    122.45415  -9.51618950E-002
    122.50750  -9.94109162E-002
    122.56085  -1.03824932E-001
    122.61420  -1.08409190E-001
    122.66756  -1.13169053E-001
    122.72091  -1.18110002E-001
    122.77426  -1.23237636E-001
    122.82761  -1.28557670E-001
    122.88096  -1.34075938E-001
    122.93431  -1.39798394E-001
    122.98766  -1.45731105E-001
    123.04101  -1.51880260E-001
    123.09436  -1.58252165E-001
    123.14772  -1.64853241E-001
    123.20107  -1.71690028E-001
    123.25442  -1.78769181E-001
    123.30777  -1.86097469E-001
    123.36112  -1.93681776E-001
    123.41447  -2.01529099E-001
    123.46782  -2.09646548E-001
    123.52117  -2.18041339E-001
    123.57452  -2.26720801E-001
    123.62788  -2.35692368E-001
    123.68123  -2.44963577E-001
    123.73458  -2.54542069E-001
    123.78793  -2.64435586E-001
    123.84128  -2.74651967E-001
    123.89463  -2.85199144E-001
    123.94798  -2.96085143E-001
    124.00133  -3.07318077E-001
    124.05468  -3.18906145E-001
    124.10804  -3.30857629E-001
    124.16139  -3.43180886E-001
    124.21474  -3.55884347E-001
    124.26809  -3.68976515E-001
    124.32144  -3.82465955E-001
    124.37479  -3.96361292E-001
    124.42814  -4.10671209E-001
    124.48149  -4.25404435E-001
    124.53484  -4.40569745E-001
    124.58820  -4.56175952E-001
    124.64155  -4.72231902E-001
    124.69490  -4.88746466E-001
    124.74825  -5.05728535E-001
    124.80160  -5.23187012E-001
    124.85495  -5.41130806E-001
    124.90830  -5.59568825E-001
    124.96165  -5.78509965E-001
    125.01501  -5.97963107E-001
    125.06836  -6.17937105E-001
    125.12171  -6.38440780E-001
    125.17506  -6.59482910E-001
    125.22841  -6.81072219E-001
    125.28176  -7.03217373E-001
    125.33511  -7.25926965E-001
    125.38846  -7.49209509E-001
    125.44181  -7.73073427E-001
    125.49517  -7.97527041E-001
    125.54852  -8.22578561E-001
    125.60187  -8.48236074E-001
    125.65522  -8.74507535E-001
    125.70857  -9.01400750E-001
    125.76192  -9.28923372E-001
    125.81527  -9.57082883E-001
    125.86862  -9.85886586E-001
    125.92197  -1.01534159E+000
    125.97533  -1.04545479E+000
    126.02868  -1.07623288E+000
    126.08203  -1.10768230E+000
    126.13538  -1.13980927E+000
    126.18873  -1.17261972E+000
    126.24208  -1.20611934E+000
    126.29543  -1.24031351E+000
    126.34878  -1.27520732E+000
    126.40213  -1.31080553E+000
    126.45549  -1.34711260E+000
    126.50884  -1.38413263E+000
    126.56219  -1.42186934E+000
    126.61554  -1.46032612E+000
    126.66889  -1.49950594E+000
    126.72224  -1.53941137E+000
    126.77559  -1.58004458E+000
    126.82894  -1.62140729E+000
    126.88229  -1.66350077E+000
    126.93565  -1.70632583E+000
    126.98900  -1.74988282E+000
    127.04235  -1.79417156E+000
    127.09570  -1.83919139E+000
    127.14905  -1.88494110E+000
    127.20240  -1.93141897E+000
    127.25575  -1.97862270E+000
    127.30910  -2.02654943E+000
    127.36245  -2.07519571E+000
    127.41581  -2.12455750E+000
    127.46916  -2.17463014E+000
    127.52251  -2.22540833E+000
    127.57586  -2.27688614E+000
    127.62921  -2.32905699E+000
    127.68256  -2.38191362E+000
    127.73591  -2.43544807E+000
    127.78926  -2.48965171E+000
    127.84261  -2.54451519E+000
    127.89597  -2.60002844E+000
    127.94932  -2.65618063E+000
    128.00267  -2.71296022E+000
    128.05602  -2.77035489E+000
    128.10937  -2.82835155E+000
    128.16272  -2.88693635E+000
    128.21607  -2.94609462E+000
    128.26942  -3.00581092E+000
    128.32277  -3.06606898E+000
    128.37613  -3.12685173E+000
    128.42948  -3.18814125E+000
    128.48283  -3.24991883E+000
    128.53618  -3.31216488E+000
    128.58953  -3.37485899E+000
    128.64288  -3.43797990E+000
    128.69623  -3.50150548E+000
    128.74958  -3.56541275E+000
    128.80293  -3.62967789E+000
    128.85629  -3.69427619E+000
    128.90964  -3.75918208E+000
    128.96299  -3.82436914E+000
    129.01634  -3.88981008E+000
    129.06969  -3.95547673E+000
    129.12304  -4.02134009E+000
    129.17639  -4.08737028E+000
    129.22974  -4.15353657E+000
    129.28309  -4.21980738E+000
    129.33645  -4.28615029E+000
    129.38980  -4.35253205E+000
    129.44315  -4.41891858E+000
    129.49650  -4.48527496E+000
    129.54985  -4.55156549E+000
    129.60320  -4.61775367E+000
    129.65655  -4.68380218E+000
    129.70990  -4.74967297E+000
    129.76325  -4.81532722E+000
    129.81661  -4.88072534E+000
    129.86996  -4.94582706E+000
    129.92331  -5.01059137E+000
    129.97666  -5.07497659E+000
    130.03001  -5.13894035E+000
    130.08336  -5.20243964E+000
    130.13671  -5.26543085E+000
    130.19006  -5.32786974E+000
    130.24341  -5.38971149E+000
    130.29677  -5.45091076E+000
    130.35012  -5.51142166E+000
    130.40347  -5.57119782E+000
    130.45682  -5.63019239E+000
    130.51017  -5.68835809E+000
    130.56352  -5.74564724E+000
    130.61687  -5.80201178E+000
    130.67022  -5.85740334E+000
    130.72357  -5.91177320E+000
    130.77693  -5.96507242E+000
    130.83028  -6.01725181E+000
    130.88363  -6.06826198E+000
    130.93698  -6.11805341E+000
    130.99033  -6.16657645E+000
    131.04368  -6.21378139E+000
    131.09703  -6.25961848E+000
    131.15038  -6.30403799E+000
    131.20373  -6.34699026E+000
    131.25709  -6.38842571E+000
    131.31044  -6.42829493E+000
    131.36379  -6.46654868E+000
    131.41714  -6.50313799E+000
    131.47049  -6.53801415E+000
    131.52384  -6.57112881E+000
    131.57719  -6.60243399E+000
    131.63054  -6.63188216E+000
    131.68389  -6.65942627E+000
    131.73725  -6.68501979E+000
    131.79060  -6.70861681E+000
    131.84395  -6.73017204E+000
    131.89730  -6.74964087E+000
    131.95065  -6.76697945E+000
    132.00400  -6.78214472E+000
    132.05735  -6.79509447E+000
    132.11070  -6.80578738E+000
    132.16405  -6.81418310E+000
    132.21741  -6.82024226E+000
    132.27076  -6.82392657E+000
    132.32411  -6.82519883E+000
    132.37746  -6.82402303E+000
    132.43081  -6.82036435E+000
    132.48416  -6.81418923E+000
    132.53751  -6.80546546E+000
    132.59086  -6.79416217E+000
    132.64421  -6.78024991E+000
    132.69757  -6.76370072E+000
    132.75092  -6.74448812E+000
    132.80427  -6.72258724E+000
    132.85762  -6.69797479E+000
    132.91097  -6.67062916E+000
    132.96432  -6.64053043E+000
    133.01767  -6.60766044E+000
    133.07102  -6.57200283E+000
    133.12437  -6.53354307E+000
    133.17773  -6.49226852E+000
    133.23108  -6.44816845E+000
    133.28443  -6.40123409E+000
    133.33778  -6.35145868E+000
    133.39113  -6.29883748E+000
    133.44448  -6.24336784E+000
    133.49783  -6.18504918E+000
    133.55118  -6.12388308E+000
    133.60453  -6.05987328E+000
    133.65789  -5.99302570E+000
    133.71124  -5.92334850E+000
    133.76459  -5.85085207E+000
    133.81794  -5.77554907E+000
    133.87129  -5.69745445E+000
    133.92464  -5.61658547E+000
    133.97799  -5.53296172E+000
    134.03134  -5.44660510E+000
    134.08469  -5.35753990E+000
    134.13805  -5.26579275E+000
    134.19140  -5.17139266E+000
    134.24475  -5.07437102E+000
    134.29810  -4.97476158E+000
    134.35145  -4.87260049E+000
    134.40480  -4.76792629E+000
    134.45815  -4.66077988E+000
    134.51150  -4.55120454E+000
    134.56485  -4.43924593E+000
    134.61821  -4.32495203E+000
    134.67156  -4.20837318E+000
    134.72491  -4.08956207E+000
    134.77826  -3.96857365E+000
    134.83161  -3.84546520E+000
    134.88496  -3.72029623E+000
    134.93831  -3.59312851E+000
    134.99166  -3.46402602E+000
    135.04502  -3.33305491E+000
    135.09837  -3.20028349E+000
    135.15172  -3.06578217E+000
    135.20507  -2.92962342E+000
    135.25842  -2.79188179E+000
    135.31177  -2.65263377E+000
    135.36512  -2.51195781E+000
    135.41847  -2.36993427E+000
    135.47182  -2.22664533E+000
    135.52518  -2.08217500E+000
    135.57853  -1.93660898E+000
    135.63188  -1.79003470E+000
    135.68523  -1.64254117E+000
    135.73858  -1.49421898E+000
    135.79193  -1.34516022E+000
    135.84528  -1.19545838E+000
    135.89863  -1.04520836E+000
    135.95198  -8.94506294E-001
    136.00534  -7.43449576E-001
    136.05869  -5.92136727E-001
    136.11204  -4.40667338E-001
    136.16539  -2.89141992E-001
    136.21874  -1.37662182E-001
    136.27209   1.36697694E-002
    136.32544   1.64750793E-001
    136.37879   3.15477155E-001
    136.43214   4.65744546E-001
    136.48550   6.15448167E-001
    136.53885   7.64482816E-001
    136.59220   9.12742980E-001
    136.64555   1.06012292E+000
    136.69890   1.20651678E+000
    136.75225   1.35181864E+000
    136.80560   1.49592266E+000
    136.85895   1.63872315E+000
    136.91230   1.78011465E+000
    136.96566   1.91999205E+000
    137.01901   2.05825067E+000
    137.07236   2.19478636E+000
    137.12571   2.32949562E+000
    137.17906   2.46227564E+000
    137.23241   2.59302447E+000
    137.28576   2.72164105E+000
    137.33911   2.84802535E+000
    137.39246   2.97207845E+000
    137.44582   3.09370263E+000
    137.49917   3.21280149E+000
    137.55252   3.32928002E+000
    137.60587   3.44304470E+000
    137.65922   3.55400361E+000
    137.71257   3.66206650E+000
    137.76592   3.76714491E+000
    137.81927   3.86915221E+000
    137.87262   3.96800378E+000
    137.92598   4.06361699E+000
    137.97933   4.15591138E+000
    138.03268   4.24480869E+000
    138.08603   4.33023297E+000
    138.13938   4.41211065E+000
    138.19273   4.49037065E+000
    138.24608   4.56494441E+000
    138.29943   4.63576602E+000
    138.35278   4.70277227E+000
    138.40614   4.76590272E+000
    138.45949   4.82509978E+000
    138.51284   4.88030880E+000
    138.56619   4.93147809E+000
    138.61954   4.97855904E+000
    138.67289   5.02150615E+000
    138.72624   5.06027710E+000
    138.77959   5.09483280E+000
    138.83294   5.12513747E+000
    138.88630   5.15115866E+000
    138.93965   5.17286734E+000
    138.99300   5.19023792E+000
    139.04635   5.20324827E+000
    139.09970   5.21187985E+000
    139.15305   5.21611765E+000
    139.20640   5.21595030E+000
    139.25975   5.21137005E+000
    139.31310   5.20237284E+000
    139.36646   5.18895832E+000
    139.41981   5.17112986E+000
    139.47316   5.14889457E+000
    139.52651   5.12226335E+000
    139.57986   5.09125087E+000
    139.63321   5.05587561E+000
    139.68656   5.01615985E+000
    139.73991   4.97212967E+000
    139.79326   4.92381500E+000
    139.84662   4.87124954E+000
    139.89997   4.81447084E+000
    139.95332   4.75352025E+000
    140.00667   4.68844290E+000
    140.06002   4.61928771E+000
    140.11337   4.54610739E+000
    140.16672   4.46895837E+000
    140.22007   4.38790082E+000
    140.27342   4.30299862E+000
    140.32678   4.21431931E+000
    140.38013   4.12193408E+000
    140.43348   4.02591773E+000
    140.48683   3.92634863E+000
    140.54018   3.82330869E+000
    140.59353   3.71688329E+000
    140.64688   3.60716128E+000
    140.70023   3.49423488E+000
    140.75358   3.37819967E+000
    140.80694   3.25915451E+000
    140.86029   3.13720151E+000
    140.91364   3.01244593E+000
    140.96699   2.88499616E+000
    141.02034   2.75496364E+000
    141.07369   2.62246278E+000
    141.12704   2.48761091E+000
    141.18039   2.35052820E+000
    141.23374   2.21133760E+000
    141.28710   2.07016474E+000
    141.34045   1.92713786E+000
    141.39380   1.78238776E+000
    141.44715   1.63604768E+000
    141.50050   1.48825323E+000
    141.55385   1.33914231E+000
    141.60720   1.18885501E+000
    141.66055   1.03753355E+000
    141.71390   8.85322161E-001
    141.76726   7.32367002E-001
    141.82061   5.78816071E-001
    141.87396   4.24819110E-001
    141.92731   2.70527510E-001
    141.98066   1.16094211E-001
    142.03401  -3.83263918E-002
    142.08736  -1.92578547E-001
    142.14071  -3.46505247E-001
    142.19406  -4.99948328E-001
    142.24742  -6.52748570E-001
    142.30077  -8.04745799E-001
    142.35412  -9.55778989E-001
    142.40747  -1.10568636E+000
    142.46082  -1.25430549E+000
    142.51417  -1.40147342E+000
    142.56752  -1.54702672E+000
    142.62087  -1.69080165E+000
    142.67422  -1.83263423E+000
    142.72758  -1.97236035E+000
    142.78093  -2.10981585E+000
    142.83428  -2.24483668E+000
    142.88763  -2.37725893E+000
    142.94098  -2.50691900E+000
    142.99433  -2.63365366E+000
    143.04768  -2.75730015E+000
    143.10103  -2.87769631E+000
    143.15438  -2.99468067E+000
    143.20774  -3.10809251E+000
    143.26109  -3.21777203E+000
    143.31444  -3.32356037E+000
    143.36779  -3.42529979E+000
    143.42114  -3.52283368E+000
    143.47449  -3.61600672E+000
    143.52784  -3.70466494E+000
    143.58119  -3.78865583E+000
    143.63454  -3.86782840E+000
    143.68790  -3.94203333E+000
    143.74125  -4.01112299E+000
    143.79460  -4.07495157E+000
    143.84795  -4.13337516E+000
    143.90130  -4.18625180E+000
    143.95465  -4.23344163E+000
    144.00800  -4.27480689E+000
    144.06135  -4.31021208E+000
    144.11470  -4.33952396E+000
    144.16806  -4.36261170E+000
    144.22141  -4.37934688E+000
    144.27476  -4.38960363E+000
    144.32811  -4.39325866E+000
    144.38146  -4.39019133E+000
    144.43481  -4.38028373E+000
    144.48816  -4.36342075E+000
    144.54151  -4.33949012E+000
    144.59486  -4.30838249E+000
    144.64822  -4.26999148E+000
    144.70157  -4.22421374E+000
    144.75492  -4.17094901E+000
    144.80827  -4.11010016E+000
    144.86162  -4.04157323E+000
    144.91497  -3.96527754E+000
    144.96832  -3.88112565E+000
    145.02167  -3.78903347E+000
    145.07503  -3.68892028E+000
    145.12838  -3.58070875E+000
    145.18173  -3.46432501E+000
    145.23508  -3.33969869E+000
    145.28843  -3.20676291E+000
    145.34178  -3.06545436E+000
    145.39513  -2.91571329E+000
    145.44848  -2.75748359E+000
    145.50183  -2.59071274E+000
    145.55519  -2.41535192E+000
    145.60854  -2.23135595E+000
    145.66189  -2.03868338E+000
    145.71524  -1.83729644E+000
    145.76859  -1.62716113E+000
    145.82194  -1.40824717E+000
    145.87529  -1.18052803E+000
    145.92864  -9.43980969E-001
    145.98199  -6.98586990E-001
    146.03535  -4.44330894E-001
    146.08870  -1.81201255E-001
    146.14205   9.08095657E-002
    146.19540   3.71705426E-001
    146.24875   6.61486402E-001
    146.30210   9.60148790E-001
    146.35545   1.26768512E+000
    146.40880   1.58408414E+000
    146.46215   1.90933087E+000
    146.51551   2.24340656E+000
    146.56886   2.58628873E+000
    146.62221   2.93795120E+000
    146.67556   3.29836407E+000
    146.72891   3.66749375E+000
    146.78226   4.04530299E+000
    146.83561   4.43175089E+000
    146.88896   4.82679292E+000
    146.94231   5.23038097E+000
    146.99567   5.64246332E+000
    147.04902   6.06298472E+000
    147.10237   6.49188638E+000
    147.15572   6.92910602E+000
    147.20907   7.37457791E+000
    147.26242   7.82823286E+000
    147.31577   8.28999829E+000
    147.36912   8.75979825E+000
    147.42247   9.23755345E+000
    147.47583   9.72318131E+000
    147.52918   1.02165960E+001
    147.58253   1.07177084E+001
    147.63588   1.12264263E+001
    147.68923   1.17426544E+001
    147.74258   1.22662940E+001
    147.79593   1.27972437E+001
    147.84928   1.33353988E+001
    147.90263   1.38806518E+001
    147.95599   1.44328923E+001
    148.00934   1.49920068E+001
    148.06269   1.55578792E+001
    148.11604   1.61303904E+001
    148.16939   1.67094187E+001
    148.22274   1.72948397E+001
    148.27609   1.78865263E+001
    148.32944   1.84843487E+001
    148.38279   1.90881748E+001
    148.43615   1.96978699E+001
    148.48950   2.03132967E+001
    148.54285   2.09343157E+001
    148.59620   2.15607849E+001
    148.64955   2.21925602E+001
    148.70290   2.28294951E+001
    148.75625   2.34714410E+001
    148.80960   2.41182472E+001
    148.86295   2.47697608E+001
    148.91631   2.54258269E+001
    148.96966   2.60862888E+001
    149.02301   2.67509877E+001
    149.07636   2.74197631E+001
    149.12971   2.80924525E+001
    149.18306   2.87688918E+001
    149.23641   2.94489153E+001
    149.28976   3.01323554E+001
    149.34311   3.08190431E+001
    149.39647   3.15088079E+001
    149.44982   3.22014778E+001
    149.50317   3.28968794E+001
    149.55652   3.35948379E+001
    149.60987   3.42951772E+001
    149.66322   3.49977202E+001
    149.71657   3.57022882E+001
    149.76992   3.64087017E+001
    149.82327   3.71167800E+001
    149.87663   3.78263416E+001
    149.92998   3.85372037E+001
    149.98333   3.92491829E+001
    150.03668   3.99620948E+001
    150.09003   4.06757543E+001
    150.14338   4.13899755E+001
    150.19673   4.21045720E+001
    150.25008   4.28193566E+001
    150.30343   4.35341417E+001
    150.35679   4.42487390E+001
    150.41014   4.49629599E+001
    150.46349   4.56766155E+001
    150.51684   4.63895165E+001
    150.57019   4.71014731E+001
    150.62354   4.78122957E+001
    150.67689   4.85217942E+001
    150.73024   4.92297785E+001
    150.78359   4.99360586E+001
    150.83695   5.06404442E+001
    150.89030   5.13427452E+001
    150.94365   5.20427718E+001
    150.99700   5.27403342E+001
    151.05035   5.34352426E+001
    151.10370   5.41273080E+001
    151.15705   5.48163411E+001
    151.21040   5.55021536E+001
    151.26375   5.61845571E+001
    151.31711   5.68633641E+001
    151.37046   5.75383874E+001
    151.42381   5.82094404E+001
    151.47716   5.88763373E+001
    151.53051   5.95388927E+001
    151.58386   6.01969224E+001
    151.63721   6.08502426E+001
    151.69056   6.14986704E+001
    151.74391   6.21420239E+001
    151.79727   6.27801223E+001
    151.85062   6.34127854E+001
    151.90397   6.40398343E+001
    151.95732   6.46610913E+001
    152.01067   6.52763795E+001
    152.06402   6.58855235E+001
    152.11737   6.64883490E+001
    152.17072   6.70846830E+001
    152.22407   6.76743539E+001
    152.27743   6.82571913E+001
    152.33078   6.88330265E+001
    152.38413   6.94016919E+001
    152.43748   6.99630218E+001
    152.49083   7.05168519E+001
    152.54418   7.10630194E+001
    152.59753   7.16013633E+001
    152.65088   7.21317242E+001
    152.70423   7.26539444E+001
    152.75759   7.31678682E+001
    152.81094   7.36733415E+001
    152.86429   7.41702121E+001
    152.91764   7.46583297E+001
    152.97099   7.51375460E+001
    153.02434   7.56077146E+001
    153.07769   7.60686913E+001
    153.13104   7.65203338E+001
    153.18439   7.69625018E+001
    153.23775   7.73950574E+001
    153.29110   7.78178647E+001
    153.34445   7.82307900E+001
    153.39780   7.86337020E+001
    153.45115   7.90264715E+001
    153.50450   7.94089718E+001
    153.55785   7.97810783E+001
    153.61120   8.01426691E+001
    153.66455   8.04936245E+001
    153.71791   8.08338273E+001
    153.77126   8.11631627E+001
    153.82461   8.14815187E+001
    153.87796   8.17887855E+001
    153.93131   8.20848562E+001
    153.98466   8.23696261E+001
    154.03801   8.26429936E+001
    154.09136   8.29048593E+001
    154.14471   8.31551270E+001
    154.19807   8.33937027E+001
    154.25142   8.36204955E+001
    154.30477   8.38354171E+001
    154.35812   8.40383821E+001
    154.41147   8.42293078E+001
    154.46482   8.44081144E+001
    154.51817   8.45747249E+001
    154.57152   8.47290653E+001
    154.62487   8.48710643E+001
    154.67823   8.50006539E+001
    154.73158   8.51177686E+001
    154.78493   8.52223460E+001
    154.83828   8.53143270E+001
    154.89163   8.53936549E+001
    154.94498   8.54602766E+001
    154.99833   8.55141416E+001
    155.05168   8.55552026E+001
    155.10504   8.55834154E+001
    155.15839   8.55987388E+001
    155.21174   8.56011346E+001
    155.26509   8.55905679E+001
    155.31844   8.55670066E+001
    155.37179   8.55304220E+001
    155.42514   8.54807884E+001
    155.47849   8.54180832E+001
    155.53184   8.53422868E+001
    155.58520   8.52533829E+001
    155.63855   8.51513584E+001
    155.69190   8.50362032E+001
    155.74525   8.49079104E+001
    155.79860   8.47664761E+001
    155.85195   8.46118999E+001
    155.90530   8.44441841E+001
    155.95865   8.42633344E+001
    156.01200   8.40693597E+001
    156.06536   8.38622720E+001
    156.11871   8.36420862E+001
    156.17206   8.34088206E+001
    156.22541   8.31624966E+001
    156.27876   8.29031387E+001
    156.33211   8.26307743E+001
    156.38546   8.23454342E+001
    156.43881   8.20471522E+001
    156.49216   8.17359651E+001
    156.54552   8.14119128E+001
    156.59887   8.10750384E+001
    156.65222   8.07253880E+001
    156.70557   8.03630105E+001
    156.75892   7.99879582E+001
    156.81227   7.96002860E+001
    156.86562   7.92000522E+001
    156.91897   7.87873177E+001
    156.97232   7.83621467E+001
    157.02568   7.79246060E+001
    157.07903   7.74747656E+001
    157.13238   7.70126981E+001
    157.18573   7.65384793E+001
    157.23908   7.60521875E+001
    157.29243   7.55539042E+001
    157.34578   7.50437133E+001
    157.39913   7.45217018E+001
    157.45248   7.39879593E+001
    157.50584   7.34425781E+001
    157.55919   7.28856533E+001
    157.61254   7.23172825E+001
    157.66589   7.17375661E+001
    157.71924   7.11466069E+001
    157.77259   7.05445106E+001
    157.82594   6.99313852E+001
    157.87929   6.93073411E+001
    157.93264   6.86724915E+001
    157.98600   6.80269518E+001
    158.03935   6.73708398E+001
    158.09270   6.67042758E+001
    158.14605   6.60273823E+001
    158.19940   6.53402842E+001
    158.25275   6.46431087E+001
    158.30610   6.39359851E+001
    158.35945   6.32190448E+001
    158.41280   6.24924216E+001
    158.46616   6.17562512E+001
    158.51951   6.10106714E+001
    158.57286   6.02558221E+001
    158.62621   5.94918450E+001
    158.67956   5.87188839E+001
    158.73291   5.79370844E+001
    158.78626   5.71465940E+001
    158.83961   5.63475620E+001
    158.89296   5.55401393E+001
    158.94632   5.47244787E+001
    158.99967   5.39007347E+001
    159.05302   5.30690632E+001
    159.10637   5.22296217E+001
    159.15972   5.13825695E+001
    159.21307   5.05280671E+001
    159.26642   4.96662764E+001
    159.31977   4.87973610E+001
    159.37312   4.79214855E+001
    159.42648   4.70388159E+001
    159.47983   4.61495194E+001
    159.53318   4.52537645E+001
    159.58653   4.43517207E+001
    159.63988   4.34435586E+001
    159.69323   4.25294500E+001
    159.74658   4.16095674E+001
    159.79993   4.06840844E+001
    159.85328   3.97531755E+001
    159.90664   3.88170159E+001
    159.95999   3.78757818E+001
    160.01334   3.69296499E+001
    160.06669   3.59787976E+001
    160.12004   3.50234031E+001
    160.17339   3.40636450E+001
    160.22674   3.30997026E+001
    160.28009   3.21317553E+001
    160.33344   3.11599833E+001
    160.38680   3.01845671E+001
    160.44015   2.92056873E+001
    160.49350   2.82235250E+001
    160.54685   2.72382613E+001
    160.60020   2.62500777E+001
    160.65355   2.52591556E+001
    160.70690   2.42656766E+001
    160.76025   2.32698222E+001
    160.81360   2.22717739E+001
    160.86696   2.12717131E+001
    160.92031   2.02698211E+001
    160.97366   1.92662789E+001
    161.02701   1.82612673E+001
    161.08036   1.72549670E+001
    161.13371   1.62475579E+001
    161.18706   1.52392200E+001
    161.24041   1.42301326E+001
    161.29376   1.32204745E+001
    161.34712   1.22104241E+001
    161.40047   1.12001590E+001
    161.45382   1.01898564E+001
    161.50717   9.17969276E+000
    161.56052   8.16984367E+000
    161.61387   7.16048409E+000
    161.66722   6.15178812E+000
    161.72057   5.14392902E+000
    161.77392   4.13707912E+000
    161.82728   3.13140981E+000
    161.88063   2.12709148E+000
    161.93398   1.12429348E+000
    161.98733   1.23184094E-001
    162.04068  -8.76069518E-001
    162.09403  -1.87330136E+000
    162.14738  -2.86834665E+000
    162.20073  -3.86104182E+000
    162.25408  -4.85122462E+000
    162.30744  -5.83873408E+000
    162.36079  -6.82341064E+000
    162.41414  -7.80509608E+000
    162.46749  -8.78363366E+000
    162.52084  -9.75886808E+000
    162.57419  -1.07306456E+001
    162.62754  -1.16988139E+001
    162.68089  -1.26632223E+001
    162.73424  -1.36237218E+001
    162.78760  -1.45801650E+001
    162.84095  -1.55324060E+001
    162.89430  -1.64803009E+001
    162.94765  -1.74237074E+001
    163.00100  -1.83624848E+001
    163.05435  -1.92964945E+001
    163.10770  -2.02255994E+001
    163.16105  -2.11496645E+001
    163.21440  -2.20685565E+001
    163.26776  -2.29821442E+001
    163.32111  -2.38902982E+001
    163.37446  -2.47928909E+001
    163.42781  -2.56897970E+001
    163.48116  -2.65808929E+001
    163.53451  -2.74660572E+001
    163.58786  -2.83451705E+001
    163.64121  -2.92181154E+001
    163.69456  -3.00847766E+001
    163.74792  -3.09450409E+001
    163.80127  -3.17987972E+001
    163.85462  -3.26459367E+001
    163.90797  -3.34863525E+001
    163.96132  -3.43199399E+001
    164.01467  -3.51465966E+001
    164.06802  -3.59662222E+001
    164.12137  -3.67787186E+001
    164.17472  -3.75839901E+001
    164.22808  -3.83819430E+001
    164.28143  -3.91724859E+001
    164.33478  -3.99555297E+001
    164.38813  -4.07309875E+001
    164.44148  -4.14987746E+001
    164.49483  -4.22588088E+001
    164.54818  -4.30110099E+001
    164.60153  -4.37553001E+001
    164.65488  -4.44916039E+001
    164.70824  -4.52198482E+001
    164.76159  -4.59399619E+001
    164.81494  -4.66518765E+001
    164.86829  -4.73555256E+001
    164.92164  -4.80508452E+001
    164.97499  -4.87377735E+001
    165.02834  -4.94162512E+001
    165.08169  -5.00862210E+001
    165.13505  -5.07476281E+001
    165.18840  -5.14004199E+001
    165.24175  -5.20445462E+001
    165.29510  -5.26799590E+001
    165.34845  -5.33066126E+001
    165.40180  -5.39244634E+001
    165.45515  -5.45334703E+001
    165.50850  -5.51335945E+001
    165.56185  -5.57247991E+001
    165.61521  -5.63070498E+001
    165.66856  -5.68803144E+001
    165.72191  -5.74445629E+001
    165.77526  -5.79997674E+001
    165.82861  -5.85459025E+001
    165.88196  -5.90829446E+001
    165.93531  -5.96108726E+001
    165.98866  -6.01296675E+001
    166.04201  -6.06393123E+001
    166.09537  -6.11397922E+001
    166.14872  -6.16310945E+001
    166.20207  -6.21132087E+001
    166.25542  -6.25861264E+001
    166.30877  -6.30498410E+001
    166.36212  -6.35043483E+001
    166.41547  -6.39496459E+001
    166.46882  -6.43857334E+001
    166.52217  -6.48126127E+001
    166.57553  -6.52302873E+001
    166.62888  -6.56387629E+001
    166.68223  -6.60380469E+001
    166.73558  -6.64281490E+001
    166.78893  -6.68090805E+001
    166.84228  -6.71808545E+001
    166.89563  -6.75434863E+001
    166.94898  -6.78969927E+001
    167.00233  -6.82413925E+001
    167.05569  -6.85767062E+001
    167.10904  -6.89029560E+001
    167.16239  -6.92201661E+001
    167.21574  -6.95283621E+001
    167.26909  -6.98275714E+001
    167.32244  -7.01178232E+001
    167.37579  -7.03991482E+001
    167.42914  -7.06715786E+001
    167.48249  -7.09351485E+001
    167.53585  -7.11898933E+001
    167.58920  -7.14358500E+001
    167.64255  -7.16730572E+001
    167.69590  -7.19015550E+001
    167.74925  -7.21213847E+001
    167.80260  -7.23325892E+001
    167.85595  -7.25352130E+001
    167.90930  -7.27293016E+001
    167.96265  -7.29149021E+001
    168.01601  -7.30920629E+001
    168.06936  -7.32608335E+001
    168.12271  -7.34212649E+001
    168.17606  -7.35734093E+001
    168.22941  -7.37173199E+001
    168.28276  -7.38530514E+001
    168.33611  -7.39806593E+001
    168.38946  -7.41002005E+001
    168.44281  -7.42117329E+001
    168.49617  -7.43153155E+001
    168.54952  -7.44110082E+001
    168.60287  -7.44988721E+001
    168.65622  -7.45789691E+001
    168.70957  -7.46513622E+001
    168.76292  -7.47161153E+001
    168.81627  -7.47732930E+001
    168.86962  -7.48229612E+001
    168.92297  -7.48651861E+001
    168.97633  -7.49000352E+001
    169.02968  -7.49275764E+001
    169.08303  -7.49478785E+001
    169.13638  -7.49610112E+001
    169.18973  -7.49670445E+001
    169.24308  -7.49660495E+001
    169.29643  -7.49580977E+001
    169.34978  -7.49432612E+001
    169.40313  -7.49216128E+001
    169.45649  -7.48932258E+001
    169.50984  -7.48581739E+001
    169.56319  -7.48165317E+001
    169.61654  -7.47683738E+001
    169.66989  -7.47137755E+001
    169.72324  -7.46528126E+001
    169.77659  -7.45855610E+001
    169.82994  -7.45120974E+001
    169.88329  -7.44324985E+001
    169.93665  -7.43468413E+001
    169.99000  -7.42552034E+001
    170.04335  -7.41576625E+001
    170.09670  -7.40542963E+001
    170.15005  -7.39451833E+001
    170.20340  -7.38304015E+001
    170.25675  -7.37100297E+001
    170.31010  -7.35841464E+001
    170.36345  -7.34528305E+001
    170.41681  -7.33161608E+001
    170.47016  -7.31742162E+001
    170.52351  -7.30270759E+001
    170.57686  -7.28748189E+001
    170.63021  -7.27175241E+001
    170.68356  -7.25552707E+001
    170.73691  -7.23881376E+001
    170.79026  -7.22162038E+001
    170.84361  -7.20395482E+001
    170.89697  -7.18582496E+001
    170.95032  -7.16723864E+001
    171.00367  -7.14820374E+001
    171.05702  -7.12872808E+001
    171.11037  -7.10881948E+001
    171.16372  -7.08848574E+001
    171.21707  -7.06773463E+001
    171.27042  -7.04657390E+001
    171.32377  -7.02501127E+001
    171.37713  -7.00305446E+001
    171.43048  -6.98071112E+001
    171.48383  -6.95798890E+001
    171.53718  -6.93489540E+001
    171.59053  -6.91143819E+001
    171.64388  -6.88762481E+001
    171.69723  -6.86346277E+001
    171.75058  -6.83895951E+001
    171.80393  -6.81412247E+001
    171.85729  -6.78895901E+001
    171.91064  -6.76347648E+001
    171.96399  -6.73768217E+001
    172.01734  -6.71158331E+001
    172.07069  -6.68518711E+001
    172.12404  -6.65850072E+001
    172.17739  -6.63153124E+001
    172.23074  -6.60428571E+001
    172.28409  -6.57677112E+001
    172.33745  -6.54899443E+001
    172.39080  -6.52096251E+001
    172.44415  -6.49268221E+001
    172.49750  -6.46416029E+001
    172.55085  -6.43540347E+001
    172.60420  -6.40641842E+001
    172.65755  -6.37721172E+001
    172.71090  -6.34778993E+001
    172.76425  -6.31815951E+001
    172.81761  -6.28832689E+001
    172.87096  -6.25829840E+001
    172.92431  -6.22808036E+001
    172.97766  -6.19767896E+001
    173.03101  -6.16710038E+001
    173.08436  -6.13635071E+001
    173.13771  -6.10543597E+001
    173.19106  -6.07436213E+001
    173.24441  -6.04313506E+001
    173.29777  -6.01176061E+001
    173.35112  -5.98024451E+001
    173.40447  -5.94859246E+001
    173.45782  -5.91681007E+001
    173.51117  -5.88490288E+001
    173.56452  -5.85287637E+001
    173.61787  -5.82073595E+001
    173.67122  -5.78848694E+001
    173.72457  -5.75613461E+001
    173.77793  -5.72368414E+001
    173.83128  -5.69114066E+001
    173.88463  -5.65850921E+001
    173.93798  -5.62579476E+001
    173.99133  -5.59300221E+001
    174.04468  -5.56013640E+001
    174.09803  -5.52720207E+001
    174.15138  -5.49420390E+001
    174.20473  -5.46114652E+001
    174.25809  -5.42803445E+001
    174.31144  -5.39487216E+001
    174.36479  -5.36166403E+001
    174.41814  -5.32841440E+001
    174.47149  -5.29512750E+001
    174.52484  -5.26180750E+001
    174.57819  -5.22845852E+001
    174.63154  -5.19508457E+001
    174.68489  -5.16168961E+001
    174.73825  -5.12827754E+001
    174.79160  -5.09485215E+001
    174.84495  -5.06141720E+001
    174.89830  -5.02797635E+001
    174.95165  -4.99453321E+001
    175.00500  -4.96109130E+001
    175.05835  -4.92765408E+001
    175.11170  -4.89422494E+001
    175.16506  -4.86080721E+001
    175.21841  -4.82740412E+001
    175.27176  -4.79401887E+001
    175.32511  -4.76065457E+001
    175.37846  -4.72731426E+001
    175.43181  -4.69400093E+001
    175.48516  -4.66071747E+001
    175.53851  -4.62746675E+001
    175.59186  -4.59425153E+001
    175.64522  -4.56107453E+001
    175.69857  -4.52793841E+001
    175.75192  -4.49484573E+001
    175.80527  -4.46179903E+001
    175.85862  -4.42880076E+001
    175.91197  -4.39585331E+001
    175.96532  -4.36295902E+001
    176.01867  -4.33012016E+001
    176.07202  -4.29733894E+001
    176.12538  -4.26461751E+001
    176.17873  -4.23195795E+001
    176.23208  -4.19936230E+001
    176.28543  -4.16683253E+001
    176.33878  -4.13437056E+001
    176.39213  -4.10197824E+001
    176.44548  -4.06965738E+001
    176.49883  -4.03740972E+001
    176.55218  -4.00523695E+001
    176.60554  -3.97314071E+001
    176.65889  -3.94112259E+001
    176.71224  -3.90918410E+001
    176.76559  -3.87732675E+001
    176.81894  -3.84555194E+001
    176.87229  -3.81386106E+001
    176.92564  -3.78225543E+001
    176.97899  -3.75073633E+001
    177.03234  -3.71930500E+001
    177.08570  -3.68796260E+001
    177.13905  -3.65671029E+001
    177.19240  -3.62554914E+001
    177.24575  -3.59448019E+001
    177.29910  -3.56350446E+001
    177.35245  -3.53262289E+001
    177.40580  -3.50183639E+001
    177.45915  -3.47114584E+001
    177.51250  -3.44055206E+001
    177.56586  -3.41005584E+001
    177.61921  -3.37965793E+001
    177.67256  -3.34935904E+001
    177.72591  -3.31915983E+001
    177.77926  -3.28906094E+001
    177.83261  -3.25906297E+001
    177.88596  -3.22916647E+001
    177.93931  -3.19937196E+001
    177.99266  -3.16967995E+001
    178.04602  -3.14009087E+001
    178.09937  -3.11060516E+001
    178.15272  -3.08122321E+001
    178.20607  -3.05194537E+001
    178.25942  -3.02277198E+001
    178.31277  -2.99370333E+001
    178.36612  -2.96473968E+001
    178.41947  -2.93588129E+001
    178.47282  -2.90712836E+001
    178.52618  -2.87848107E+001
    178.57953  -2.84993960E+001
    178.63288  -2.82150407E+001
    178.68623  -2.79317458E+001
    178.73958  -2.76495124E+001
    178.79293  -2.73683409E+001
    178.84628  -2.70882317E+001
    178.89963  -2.68091851E+001
    178.95298  -2.65312010E+001
    179.00634  -2.62542791E+001
    179.05969  -2.59784190E+001
    179.11304  -2.57036200E+001
    179.16639  -2.54298813E+001
    179.21974  -2.51572020E+001
    179.27309  -2.48855807E+001
    179.32644  -2.46150163E+001
    179.37979  -2.43455071E+001
    179.43314  -2.40770516E+001
    179.48650  -2.38096480E+001
    179.53985  -2.35432942E+001
    179.59320  -2.32779882E+001
    179.64655  -2.30137279E+001
    179.69990  -2.27505109E+001
    179.75325  -2.24883348E+001
    179.80660  -2.22271969E+001
    179.85995  -2.19670948E+001
    179.91330  -2.17080255E+001
    179.96666  -2.14499864E+001
    180.02001  -2.11929744E+001
    180.07336  -2.09369866E+001
    180.12671  -2.06820198E+001
    180.18006  -2.04280710E+001
    180.23341  -2.01751369E+001
    180.28676  -1.99232142E+001
    180.34011  -1.96722996E+001
    180.39346  -1.94223898E+001
    180.44682  -1.91734812E+001
    180.50017  -1.89255705E+001
    180.55352  -1.86786541E+001
    180.60687  -1.84327285E+001
    180.66022  -1.81877902E+001
    180.71357  -1.79438355E+001
    180.76692  -1.77008610E+001
    180.82027  -1.74588629E+001
    180.87362  -1.72178377E+001
    180.92698  -1.69777818E+001
    180.98033  -1.67386915E+001
    181.03368  -1.65005633E+001
    181.08703  -1.62633935E+001
    181.14038  -1.60271786E+001
    181.19373  -1.57919149E+001
    181.24708  -1.55575990E+001
    181.30043  -1.53242272E+001
    181.35378  -1.50917962E+001
    181.40714  -1.48603023E+001
    181.46049  -1.46297423E+001
    181.51384  -1.44001126E+001
    181.56719  -1.41714099E+001
    181.62054  -1.39436310E+001
    181.67389  -1.37167724E+001
    181.72724  -1.34908310E+001
    181.78059  -1.32658037E+001
    181.83394  -1.30416872E+001
    181.88730  -1.28184786E+001
    181.94065  -1.25961748E+001
    181.99400  -1.23747728E+001
    182.04735  -1.21542699E+001
    182.10070  -1.19346632E+001
    182.15405  -1.17159499E+001
    182.20740  -1.14981274E+001
    182.26075  -1.12811931E+001
    182.31410  -1.10651445E+001
    182.36746  -1.08499790E+001
    182.42081  -1.06356944E+001
    182.47416  -1.04222883E+001
    182.52751  -1.02097586E+001
    182.58086  -9.99810310E+000
    182.63421  -9.78731978E+000
    182.68756  -9.57740669E+000
    182.74091  -9.36836197E+000
    182.79426  -9.16018384E+000
    182.84762  -8.95287063E+000
    182.90097  -8.74642073E+000
    182.95432  -8.54083266E+000
    183.00767  -8.33610500E+000
    183.06102  -8.13223644E+000
    183.11437  -7.92922577E+000
    183.16772  -7.72707186E+000
    183.22107  -7.52577371E+000
    183.27442  -7.32533038E+000
    183.32778  -7.12574104E+000
    183.38113  -6.92700497E+000
    183.43448  -6.72912154E+000
    183.48783  -6.53209022E+000
    183.54118  -6.33591058E+000
    183.59453  -6.14058230E+000
    183.64788  -5.94610514E+000
    183.70123  -5.75247898E+000
    183.75458  -5.55970379E+000
    183.80794  -5.36777965E+000
    183.86129  -5.17670673E+000
    183.91464  -4.98648530E+000
    183.96799  -4.79711574E+000
    184.02134  -4.60859853E+000
    184.07469  -4.42093424E+000
    184.12804  -4.23412354E+000
    184.18139  -4.04816723E+000
    184.23474  -3.86306616E+000
    184.28810  -3.67882131E+000
    184.34145  -3.49543375E+000
    184.39480  -3.31290465E+000
    184.44815  -3.13123528E+000
    184.50150  -2.95042699E+000
    184.55485  -2.77048125E+000
    184.60820  -2.59139961E+000
    184.66155  -2.41318371E+000
    184.71490  -2.23583528E+000
    184.76826  -2.05935618E+000
    184.82161  -1.88374831E+000
    184.87496  -1.70901369E+000
    184.92831  -1.53515443E+000
    184.98166  -1.36217271E+000
    185.03501  -1.19007082E+000
    185.08836  -1.01885112E+000
    185.14171  -8.48516066E-001
    185.19507  -6.79068191E-001
    185.24842  -5.10510115E-001
    185.30177  -3.42844537E-001
    185.35512  -1.76074238E-001
    185.40847  -1.02020775E-002
    185.46182   1.54769006E-001
    185.51517   3.18835999E-001
    185.56852   4.81995812E-001
    185.62187   6.44245282E-001
    185.67523   8.05581174E-001
    185.72858   9.66000181E-001
    185.78193   1.12549893E+000
    185.83528   1.28407397E+000
    185.88863   1.44172180E+000
    185.94198   1.59843885E+000
    185.99533   1.75422146E+000
    186.04868   1.90906596E+000
    186.10203   2.06296857E+000
    186.15539   2.21592548E+000
    186.20874   2.36793282E+000
    186.26209   2.51898666E+000
    186.31544   2.66908300E+000
    186.36879   2.81821783E+000
    186.42214   2.96638706E+000
    186.47549   3.11358655E+000
    186.52884   3.25981213E+000
    186.58219   3.40505956E+000
    186.63555   3.54932460E+000
    186.68890   3.69260293E+000
    186.74225   3.83489020E+000
    186.79560   3.97618203E+000
    186.84895   4.11647400E+000
    186.90230   4.25576166E+000
    186.95565   4.39404053E+000
    187.00900   4.53130608E+000
    187.06235   4.66755377E+000
    187.11571   4.80277903E+000
    187.16906   4.93697727E+000
    187.22241   5.07014387E+000
    187.27576   5.20227419E+000
    187.32911   5.33336358E+000
    187.38246   5.46340735E+000
    187.43581   5.59240082E+000
    187.48916   5.72033929E+000
    187.54251   5.84721803E+000
    187.59587   5.97303233E+000
    187.64922   6.09777744E+000
    187.70257   6.22144865E+000
    187.75592   6.34404119E+000
    187.80927   6.46555032E+000
    187.86262   6.58597130E+000
    187.91597   6.70529939E+000
    187.96932   6.82352984E+000
    188.02267   6.94065792E+000
    188.07603   7.05667890E+000
    188.12938   7.17158806E+000
    188.18273   7.28538070E+000
    188.23608   7.39805211E+000
    188.28943   7.50959761E+000
    188.34278   7.62001254E+000
    188.39613   7.72929226E+000
    188.44948   7.83743212E+000
    188.50283   7.94442754E+000
    188.55619   8.05027391E+000
    188.60954   8.15496669E+000
    188.66289   8.25850135E+000
    188.71624   8.36087338E+000
    188.76959   8.46207831E+000
    188.82294   8.56211170E+000
    188.87629   8.66096914E+000
    188.92964   8.75864627E+000
    188.98299   8.85513875E+000
    189.03635   8.95044229E+000
    189.08970   9.04455263E+000
    189.14305   9.13746555E+000
    189.19640   9.22917690E+000
    189.24975   9.31968255E+000
    189.30310   9.40897843E+000
    189.35645   9.49706050E+000
    189.40980   9.58392479E+000
    189.46315   9.66956737E+000
    189.51651   9.75398438E+000
    189.56986   9.83717199E+000
    189.62321   9.91912645E+000
    189.67656   9.99984406E+000
    189.72991   1.00793212E+001
    189.78326   1.01575542E+001
    189.83661   1.02345396E+001
    189.88996   1.03102739E+001
    189.94331   1.03847538E+001
    189.99667   1.04579759E+001
    190.05002   1.05299370E+001
    190.10337   1.06006339E+001
    190.15672   1.06700634E+001
    190.21007   1.07382225E+001
    190.26342   1.08051082E+001
    190.31677   1.08707177E+001
    190.37012   1.09350481E+001
    190.42347   1.09980967E+001
    190.47683   1.10598607E+001
    190.53018   1.11203376E+001
    190.58353   1.11795250E+001
    190.63688   1.12374203E+001
    190.69023   1.12940212E+001
    190.74358   1.13493254E+001
    190.79693   1.14033309E+001
    190.85028   1.14560354E+001
    190.90363   1.15074370E+001
    190.95699   1.15575337E+001
    191.01034   1.16063238E+001
    191.06369   1.16538055E+001
    191.11704   1.16999771E+001
    191.17039   1.17448371E+001
    191.22374   1.17883841E+001
    191.27709   1.18306165E+001
    191.33044   1.18715333E+001
    191.38379   1.19111331E+001
    191.43715   1.19494150E+001
    191.49050   1.19863779E+001
    191.54385   1.20220209E+001
    191.59720   1.20563432E+001
    191.65055   1.20893442E+001
    191.70390   1.21210232E+001
    191.75725   1.21513798E+001
    191.81060   1.21804135E+001
    191.86395   1.22081241E+001
    191.91731   1.22345114E+001
    191.97066   1.22595753E+001
    192.02401   1.22833157E+001
    192.07736   1.23057330E+001
    192.13071   1.23268271E+001
    192.18406   1.23465986E+001
    192.23741   1.23650477E+001
    192.29076   1.23821751E+001
    192.34411   1.23979815E+001
    192.39747   1.24124675E+001
    192.45082   1.24256340E+001
    192.50417   1.24374820E+001
    192.55752   1.24480126E+001
    192.61087   1.24572269E+001
    192.66422   1.24651263E+001
    192.71757   1.24717121E+001
    192.77092   1.24769859E+001
    192.82427   1.24809493E+001
    192.87763   1.24836040E+001
    192.93098   1.24849518E+001
    192.98433   1.24849947E+001
    193.03768   1.24837347E+001
    193.09103   1.24811741E+001
    193.14438   1.24773151E+001
    193.19773   1.24721600E+001
    193.25108   1.24657115E+001
    193.30443   1.24579720E+001
    193.35779   1.24489443E+001
    193.41114   1.24386312E+001
    193.46449   1.24270357E+001
    193.51784   1.24141609E+001
    193.57119   1.24000098E+001
    193.62454   1.23845857E+001
    193.67789   1.23678921E+001
    193.73124   1.23499324E+001
    193.78459   1.23307101E+001
    193.83795   1.23102291E+001
    193.89130   1.22884931E+001
    193.94465   1.22655061E+001
    193.99800   1.22412720E+001
    194.05135   1.22157950E+001
    194.10470   1.21890794E+001
    194.15805   1.21611295E+001
    194.21140   1.21319498E+001
    194.26475   1.21015448E+001
    194.31811   1.20699193E+001
    194.37146   1.20370780E+001
    194.42481   1.20030258E+001
    194.47816   1.19677676E+001
    194.53151   1.19313087E+001
    194.58486   1.18936541E+001
    194.63821   1.18548093E+001
    194.69156   1.18147795E+001
    194.74491   1.17735704E+001
    194.79827   1.17311875E+001
    194.85162   1.16876366E+001
    194.90497   1.16429235E+001
    194.95832   1.15970541E+001
    195.01167   1.15500344E+001
    195.06502   1.15018706E+001
    195.11837   1.14525688E+001
    195.17172   1.14021355E+001
    195.22508   1.13505769E+001
    195.27843   1.12978997E+001
    195.33178   1.12441104E+001
    195.38513   1.11892157E+001
    195.43848   1.11332225E+001
    195.49183   1.10761376E+001
    195.54518   1.10179680E+001
    195.59853   1.09587209E+001
    195.65188   1.08984033E+001
    195.70524   1.08370226E+001
    195.75859   1.07745861E+001
    195.81194   1.07111013E+001
    195.86529   1.06465756E+001
    195.91864   1.05810168E+001
    195.97199   1.05144325E+001
    196.02534   1.04468305E+001
    196.07869   1.03782187E+001
    196.13204   1.03086051E+001
    196.18540   1.02379976E+001
    196.23875   1.01664046E+001
    196.29210   1.00938341E+001
    196.34545   1.00202944E+001
    196.39880   9.94579404E+000
    196.45215   9.87034133E+000
    196.50550   9.79394484E+000
    196.55885   9.71661319E+000
    196.61220   9.63835505E+000
    196.66556   9.55917919E+000
    196.71891   9.47909444E+000
    196.77226   9.39810972E+000
    196.82561   9.31623399E+000
    196.87896   9.23347631E+000
    196.93231   9.14984580E+000
    196.98566   9.06535165E+000
    197.03901   8.98000312E+000
    197.09236   8.89380952E+000
    197.14572   8.80678026E+000
    197.19907   8.71892477E+000
    197.25242   8.63025258E+000
    197.30577   8.54077327E+000
    197.35912   8.45049648E+000
    197.41247   8.35943191E+000
    197.46582   8.26758932E+000
    197.51917   8.17497852E+000
    197.57252   8.08160940E+000
    197.62588   7.98749187E+000
    197.67923   7.89263594E+000
    197.73258   7.79705162E+000
    197.78593   7.70074902E+000
    197.83928   7.60373827E+000
    197.89263   7.50602956E+000
    197.94598   7.40763314E+000
    197.99933   7.30855929E+000
    198.05268   7.20881834E+000
    198.10604   7.10842067E+000
    198.15939   7.00737671E+000
    198.21274   6.90569691E+000
    198.26609   6.80339179E+000
    198.31944   6.70047189E+000
    198.37279   6.59694779E+000
    198.42614   6.49283013E+000
    198.47949   6.38812956E+000
    198.53284   6.28285677E+000
    198.58620   6.17702250E+000
    198.63955   6.07063751E+000
    198.69290   5.96371260E+000
    198.74625   5.85625858E+000
    198.79960   5.74828633E+000
    198.85295   5.63980672E+000
    198.90630   5.53083066E+000
    198.95965   5.42136908E+000
    199.01300   5.31143296E+000
    199.06636   5.20103327E+000
    199.11971   5.09018102E+000
    199.17306   4.97888725E+000
    199.22641   4.86716299E+000
    199.27976   4.75501931E+000
    199.33311   4.64246729E+000
    199.38646   4.52951805E+000
    199.43981   4.41618268E+000
    199.49316   4.30247232E+000
    199.54652   4.18839811E+000
    199.59987   4.07397120E+000
    199.65322   3.95920275E+000
    199.70657   3.84410394E+000
    199.75992   3.72868594E+000
    199.81327   3.61295993E+000
    199.86662   3.49693711E+000
    199.91997   3.38062867E+000
    199.97332   3.26404581E+000
    200.02668   3.14719973E+000
    200.08003   3.03010162E+000
    200.13338   2.91276269E+000
    200.18673   2.79519413E+000
    200.24008   2.67740713E+000
    200.29343   2.55941289E+000
    200.34678   2.44122259E+000
    200.40013   2.32284740E+000
    200.45348   2.20429851E+000
    200.50684   2.08558706E+000
    200.56019   1.96672421E+000
    200.61354   1.84772111E+000
    200.66689   1.72858887E+000
    200.72024   1.60933861E+000
    200.77359   1.48998144E+000
    200.82694   1.37052844E+000
    200.88029   1.25099067E+000
    200.93364   1.13137920E+000
    200.98700   1.01170503E+000
    201.04035   8.91979203E-001
    201.09370   7.72212691E-001
    201.14705   6.52416467E-001
    201.20040   5.32601475E-001
    201.25375   4.12778636E-001
    201.30710   2.92958845E-001
    201.36045   1.73152970E-001
    201.41380   5.33718535E-002
    201.46716  -6.63736929E-002
    201.52051  -1.86072886E-001
    201.57386  -3.05714973E-001
    201.62721  -4.25289232E-001
    201.68056  -5.44784977E-001
    201.73391  -6.64191552E-001
    201.78726  -7.83498336E-001
    201.84061  -9.02694747E-001
    201.89396  -1.02177023E+000
    201.94732  -1.14071429E+000
    202.00067  -1.25951644E+000
    202.05402  -1.37816625E+000
    202.10737  -1.49665334E+000
    202.16072  -1.61496734E+000
    202.21407  -1.73309796E+000
    202.26742  -1.85103492E+000
    202.32077  -1.96876801E+000
    202.37412  -2.08628705E+000
    202.42748  -2.20358191E+000
    202.48083  -2.32064250E+000
    202.53418  -2.43745879E+000
    202.58753  -2.55402080E+000
    202.64088  -2.67031858E+000
    202.69423  -2.78634225E+000
    202.74758  -2.90208198E+000
    202.80093  -3.01752796E+000
    202.85428  -3.13267049E+000
    202.90764  -3.24749987E+000
    202.96099  -3.36200648E+000
    203.01434  -3.47618075E+000
    203.06769  -3.59001318E+000
    203.12104  -3.70349430E+000
    203.17439  -3.81661471E+000
    203.22774  -3.92936508E+000
    203.28109  -4.04173612E+000
    203.33444  -4.15371862E+000
    203.38780  -4.26530340E+000
    203.44115  -4.37648137E+000
    203.49450  -4.48724348E+000
    203.54785  -4.59758077E+000
    203.60120  -4.70748432E+000
    203.65455  -4.81694528E+000
    203.70790  -4.92595486E+000
    203.76125  -5.03450435E+000
    203.81460  -5.14258508E+000
    203.86796  -5.25018848E+000
    203.92131  -5.35730602E+000
    203.97466  -5.46392925E+000
    204.02801  -5.57004979E+000
    204.08136  -5.67565931E+000
    204.13471  -5.78074957E+000
    204.18806  -5.88531240E+000
    204.24141  -5.98933968E+000
    204.29476  -6.09282339E+000
    204.34812  -6.19575555E+000
    204.40147  -6.29812828E+000
    204.45482  -6.39993376E+000
    204.50817  -6.50116425E+000
    204.56152  -6.60181206E+000
    204.61487  -6.70186960E+000
    204.66822  -6.80132936E+000
    204.72157  -6.90018387E+000
    204.77492  -6.99842577E+000
    204.82828  -7.09604776E+000
    204.88163  -7.19304261E+000
    204.93498  -7.28940319E+000
    204.98833  -7.38512243E+000
    205.04168  -7.48019334E+000
    205.09503  -7.57460900E+000
    205.14838  -7.66836258E+000
    205.20173  -7.76144733E+000
    205.25509  -7.85385658E+000
    205.30844  -7.94558372E+000
    205.36179  -8.03662224E+000
    205.41514  -8.12696570E+000
    205.46849  -8.21660775E+000
    205.52184  -8.30554211E+000
    205.57519  -8.39376259E+000
    205.62854  -8.48126307E+000
    205.68189  -8.56803753E+000
    205.73525  -8.65408000E+000
    205.78860  -8.73938463E+000
    205.84195  -8.82394563E+000
    205.89530  -8.90775729E+000
    205.94865  -8.99081399E+000
    206.00200  -9.07311020E+000
    206.05535  -9.15464046E+000
    206.10870  -9.23539940E+000
    206.16205  -9.31538173E+000
    206.21541  -9.39458225E+000
    206.26876  -9.47299584E+000
    206.32211  -9.55061745E+000
    206.37546  -9.62744214E+000
    206.42881  -9.70346504E+000
    206.48216  -9.77868136E+000
    206.53551  -9.85308641E+000
    206.58886  -9.92667557E+000
    206.64221  -9.99944431E+000
    206.69557  -1.00713882E+001
    206.74892  -1.01425028E+001
    206.80227  -1.02127840E+001
    206.85562  -1.02822274E+001
    206.90897  -1.03508291E+001
    206.96232  -1.04185849E+001
    207.01567  -1.04854910E+001
    207.06902  -1.05515434E+001
    207.12237  -1.06167385E+001
    207.17573  -1.06810726E+001
    207.22908  -1.07445419E+001
    207.28243  -1.08071432E+001
    207.33578  -1.08688728E+001
    207.38913  -1.09297275E+001
    207.44248  -1.09897040E+001
    207.49583  -1.10487992E+001
    207.54918  -1.11070099E+001
    207.60253  -1.11643332E+001
    207.65589  -1.12207661E+001
    207.70924  -1.12763058E+001
    207.76259  -1.13309496E+001
    207.81594  -1.13846948E+001
    207.86929  -1.14375387E+001
    207.92264  -1.14894791E+001
    207.97599  -1.15405133E+001
    208.02934  -1.15906391E+001
    208.08269  -1.16398542E+001
    208.13605  -1.16881565E+001
    208.18940  -1.17355440E+001
    208.24275  -1.17820145E+001
    208.29610  -1.18275662E+001
    208.34945  -1.18721973E+001
    208.40280  -1.19159061E+001
    208.45615  -1.19586907E+001
    208.50950  -1.20005498E+001
    208.56285  -1.20414818E+001
    208.61621  -1.20814852E+001
    208.66956  -1.21205588E+001
    208.72291  -1.21587012E+001
    208.77626  -1.21959114E+001
    208.82961  -1.22321882E+001
    208.88296  -1.22675306E+001
    208.93631  -1.23019377E+001
    208.98966  -1.23354086E+001
    209.04301  -1.23679426E+001
    209.09637  -1.23995389E+001
    209.14972  -1.24301970E+001
    209.20307  -1.24599164E+001
    209.25642  -1.24886965E+001
    209.30977  -1.25165370E+001
    209.36312  -1.25434377E+001
    209.41647  -1.25693982E+001
    209.46982  -1.25944185E+001
    209.52317  -1.26184984E+001
    209.57653  -1.26416381E+001
    209.62988  -1.26638375E+001
    209.68323  -1.26850969E+001
    209.73658  -1.27054165E+001
    209.78993  -1.27247966E+001
    209.84328  -1.27432376E+001
    209.89663  -1.27607400E+001
    209.94998  -1.27773042E+001
    210.00333  -1.27929310E+001
    210.05669  -1.28076211E+001
    210.11004  -1.28213750E+001
    210.16339  -1.28341938E+001
    210.21674  -1.28460783E+001
    210.27009  -1.28570295E+001
    210.32344  -1.28670485E+001
    210.37679  -1.28761363E+001
    210.43014  -1.28842941E+001
    210.48349  -1.28915233E+001
    210.53685  -1.28978252E+001
    210.59020  -1.29032010E+001
    210.64355  -1.29076525E+001
    210.69690  -1.29111809E+001
    210.75025  -1.29137881E+001
    210.80360  -1.29154756E+001
    210.85695  -1.29162452E+001
    210.91030  -1.29160986E+001
    210.96365  -1.29150379E+001
    211.01701  -1.29130649E+001
    211.07036  -1.29101816E+001
    211.12371  -1.29063900E+001
    211.17706  -1.29016925E+001
    211.23041  -1.28960910E+001
    211.28376  -1.28895880E+001
    211.33711  -1.28821856E+001
    211.39046  -1.28738864E+001
    211.44381  -1.28646928E+001
    211.49717  -1.28546072E+001
    211.55052  -1.28436323E+001
    211.60387  -1.28317707E+001
    211.65722  -1.28190250E+001
    211.71057  -1.28053981E+001
    211.76392  -1.27908928E+001
    211.81727  -1.27755119E+001
    211.87062  -1.27592583E+001
    211.92397  -1.27421351E+001
    211.97733  -1.27241453E+001
    212.03068  -1.27052919E+001
    212.08403  -1.26855782E+001
    212.13738  -1.26650074E+001
    212.19073  -1.26435827E+001
    212.24408  -1.26213075E+001
    212.29743  -1.25981851E+001
    212.35078  -1.25742190E+001
    212.40413  -1.25494126E+001
    212.45749  -1.25237695E+001
    212.51084  -1.24972933E+001
    212.56419  -1.24699876E+001
    212.61754  -1.24418560E+001
    212.67089  -1.24129024E+001
    212.72424  -1.23831306E+001
    212.77759  -1.23525443E+001
    212.83094  -1.23211474E+001
    212.88429  -1.22889440E+001
    212.93765  -1.22559379E+001
    212.99100  -1.22221332E+001
    213.04435  -1.21875340E+001
    213.09770  -1.21521444E+001
    213.15105  -1.21159686E+001
    213.20440  -1.20790107E+001
    213.25775  -1.20412750E+001
    213.31110  -1.20027659E+001
    213.36445  -1.19634877E+001
    213.41781  -1.19234447E+001
    213.47116  -1.18826414E+001
    213.52451  -1.18410823E+001
    213.57786  -1.17987718E+001
    213.63121  -1.17557145E+001
    213.68456  -1.17119151E+001
    213.73791  -1.16673780E+001
    213.79126  -1.16221081E+001
    213.84461  -1.15761100E+001
    213.89797  -1.15293884E+001
    213.95132  -1.14819481E+001
    214.00467  -1.14337940E+001
    214.05802  -1.13849309E+001
    214.11137  -1.13353637E+001
    214.16472  -1.12850972E+001
    214.21807  -1.12341366E+001
    214.27142  -1.11824866E+001
    214.32477  -1.11301525E+001
    214.37813  -1.10771391E+001
    214.43148  -1.10234517E+001
    214.48483  -1.09690954E+001
    214.53818  -1.09140752E+001
    214.59153  -1.08583963E+001
    214.64488  -1.08020641E+001
    214.69823  -1.07450836E+001
    214.75158  -1.06874602E+001
    214.80493  -1.06291993E+001
    214.85829  -1.05703059E+001
    214.91164  -1.05107857E+001
    214.96499  -1.04506439E+001
    215.01834  -1.03898858E+001
    215.07169  -1.03285171E+001
    215.12504  -1.02665430E+001
    215.17839  -1.02039691E+001
    215.23174  -1.01408009E+001
    215.28510  -1.00770439E+001
    215.33845  -1.00127037E+001
    215.39180  -9.94778576E+000
    215.44515  -9.88229573E+000
    215.49850  -9.81623921E+000
    215.55185  -9.74962183E+000
    215.60520  -9.68244925E+000
    215.65855  -9.61472713E+000
    215.71190  -9.54646117E+000
    215.76526  -9.47765706E+000
    215.81861  -9.40832054E+000
    215.87196  -9.33845734E+000
    215.92531  -9.26807322E+000
    215.97866  -9.19717396E+000
    216.03201  -9.12576534E+000
    216.08536  -9.05385317E+000
    216.13871  -8.98144328E+000
    216.19206  -8.90854149E+000
    216.24542  -8.83515364E+000
    216.29877  -8.76128561E+000
    216.35212  -8.68694326E+000
    216.40547  -8.61213248E+000
    216.45882  -8.53685916E+000
    216.51217  -8.46112921E+000
    216.56552  -8.38494854E+000
    216.61887  -8.30832309E+000
    216.67222  -8.23125878E+000
    216.72558  -8.15376157E+000
    216.77893  -8.07583741E+000
    216.83228  -7.99749226E+000
    216.88563  -7.91873209E+000
    216.93898  -7.83956286E+000
    216.99233  -7.75999058E+000
    217.04568  -7.68002122E+000
    217.09903  -7.59966078E+000
    217.15238  -7.51891525E+000
    217.20574  -7.43779064E+000
    217.25909  -7.35629296E+000
    217.31244  -7.27442821E+000
    217.36579  -7.19220241E+000
    217.41914  -7.10962158E+000
    217.47249  -7.02669173E+000
    217.52584  -6.94341888E+000
    217.57919  -6.85980906E+000
    217.63254  -6.77586827E+000
    217.68590  -6.69160256E+000
    217.73925  -6.60701793E+000
    217.79260  -6.52212040E+000
    217.84595  -6.43691600E+000
    217.89930  -6.35141074E+000
    217.95265  -6.26561065E+000
    218.00600  -6.17952172E+000
    218.05935  -6.09314997E+000
    218.11270  -6.00650141E+000
    218.16606  -5.91958204E+000
    218.21941  -5.83239786E+000
    218.27276  -5.74495485E+000
    218.32611  -5.65725902E+000
    218.37946  -5.56931634E+000
    218.43281  -5.48113278E+000
    218.48616  -5.39271432E+000
    218.53951  -5.30406693E+000
    218.59286  -5.21519654E+000
    218.64622  -5.12610913E+000
    218.69957  -5.03681062E+000
    218.75292  -4.94730694E+000
    218.80627  -4.85760402E+000
    218.85962  -4.76770777E+000
    218.91297  -4.67762409E+000
    218.96632  -4.58735888E+000
    219.01967  -4.49691801E+000
    219.07302  -4.40630737E+000
    219.12638  -4.31553281E+000
    219.17973  -4.22460017E+000
    219.23308  -4.13351529E+000
    219.28643  -4.04228401E+000
    219.33978  -3.95091212E+000
    219.39313  -3.85940542E+000
    219.44648  -3.76776970E+000
    219.49983  -3.67601073E+000
    219.55318  -3.58413426E+000
    219.60654  -3.49214604E+000
    219.65989  -3.40005178E+000
    219.71324  -3.30785720E+000
    219.76659  -3.21556800E+000
    219.81994  -3.12318984E+000
    219.87329  -3.03072839E+000
    219.92664  -2.93818930E+000
    219.97999  -2.84557819E+000
    220.03334  -2.75290067E+000
    220.08670  -2.66016233E+000
    220.14005  -2.56736875E+000
    220.19340  -2.47452548E+000
    220.24675  -2.38163806E+000
    220.30010  -2.28871199E+000
    220.35345  -2.19575279E+000
    220.40680  -2.10276593E+000
    220.46015  -2.00975686E+000
    220.51350  -1.91673102E+000
    220.56686  -1.82369382E+000
    220.62021  -1.73065067E+000
    220.67356  -1.63760693E+000
    220.72691  -1.54456796E+000
    220.78026  -1.45153908E+000
    220.83361  -1.35852560E+000
    220.88696  -1.26553281E+000
    220.94031  -1.17256596E+000
    220.99366  -1.07963030E+000
    221.04702  -9.86731048E-001
    221.10037  -8.93873384E-001
    221.15372  -8.01062480E-001
    221.20707  -7.08303479E-001
    221.26042  -6.15601500E-001
    221.31377  -5.22961637E-001
    221.36712  -4.30388958E-001
    221.42047  -3.37888506E-001
    221.47382  -2.45465300E-001
    221.52718  -1.53124332E-001
    221.58053  -6.08705677E-002
    221.63388   3.12910532E-002
    221.68723   1.23355617E-001
    221.74058   2.15318238E-001
    221.79393   3.07174057E-001
    221.84728   3.98918240E-001
    221.90063   4.90545984E-001
    221.95398   5.82052511E-001
    222.00734   6.73433072E-001
    222.06069   7.64682947E-001
    222.11404   8.55797442E-001
    222.16739   9.46771893E-001
    222.22074   1.03760167E+000
    222.27409   1.12828215E+000
    222.32744   1.21880878E+000
    222.38079   1.30917699E+000
    222.43414   1.39938227E+000
    222.48750   1.48942014E+000
    222.54085   1.57928613E+000
    222.59420   1.66897581E+000
    222.64755   1.75848479E+000
    222.70090   1.84780870E+000
    222.75425   1.93694321E+000
    222.80760   2.02588399E+000
    222.86095   2.11462679E+000
    222.91430   2.20316735E+000
    222.96766   2.29150147E+000
    223.02101   2.37962495E+000
    223.07436   2.46753366E+000
    223.12771   2.55522347E+000
    223.18106   2.64269030E+000
    223.23441   2.72993009E+000
    223.28776   2.81693882E+000
    223.34111   2.90371251E+000
    223.39446   2.99024719E+000
    223.44782   3.07653894E+000
    223.50117   3.16258386E+000
    223.55452   3.24837811E+000
    223.60787   3.33391785E+000
    223.66122   3.41919929E+000
    223.71457   3.50421868E+000
    223.76792   3.58897228E+000
    223.82127   3.67345640E+000
    223.87462   3.75766739E+000
    223.92798   3.84160161E+000
    223.98133   3.92525548E+000
    224.03468   4.00862544E+000
    224.08803   4.09170796E+000
    224.14138   4.17449956E+000
    224.19473   4.25699678E+000
    224.24808   4.33919620E+000
    224.30143   4.42109442E+000
    224.35478   4.50268811E+000
    224.40814   4.58397393E+000
    224.46149   4.66494860E+000
    224.51484   4.74560889E+000
    224.56819   4.82595156E+000
    224.62154   4.90597344E+000
    224.67489   4.98567139E+000
    224.72824   5.06504230E+000
    224.78159   5.14408309E+000
    224.83494   5.22279071E+000
    224.88830   5.30116217E+000
    224.94165   5.37919449E+000
    224.99500   5.45688474E+000
    225.04835   5.53423002E+000
    225.10170   5.61122746E+000
    225.15505   5.68787423E+000
    225.20840   5.76416755E+000
    225.26175   5.84010463E+000
    225.31511   5.91568278E+000
    225.36846   5.99089928E+000
    225.42181   6.06575150E+000
    225.47516   6.14023681E+000
    225.52851   6.21435263E+000
    225.58186   6.28809641E+000
    225.63521   6.36146564E+000
    225.68856   6.43445785E+000
    225.74191   6.50707058E+000
    225.79527   6.57930144E+000
    225.84862   6.65114805E+000
    225.90197   6.72260808E+000
    225.95532   6.79367922E+000
    226.00867   6.86435922E+000
    226.06202   6.93464584E+000
    226.11537   7.00453688E+000
    226.16872   7.07403020E+000
    226.22207   7.14312366E+000
    226.27543   7.21181517E+000
    226.32878   7.28010269E+000
    226.38213   7.34798419E+000
    226.43548   7.41545769E+000
    226.48883   7.48252125E+000
    226.54218   7.54917294E+000
    226.59553   7.61541089E+000
    226.64888   7.68123326E+000
    226.70223   7.74663824E+000
    226.75559   7.81162406E+000
    226.80894   7.87618897E+000
    226.86229   7.94033128E+000
    226.91564   8.00404931E+000
    226.96899   8.06734142E+000
    227.02234   8.13020603E+000
    227.07569   8.19264156E+000
    227.12904   8.25464648E+000
    227.18239   8.31621930E+000
    227.23575   8.37735855E+000
    227.28910   8.43806281E+000
    227.34245   8.49833068E+000
    227.39580   8.55816080E+000
    227.44915   8.61755184E+000
    227.50250   8.67650252E+000
    227.55585   8.73501158E+000
    227.60920   8.79307778E+000
    227.66255   8.85069994E+000
    227.71591   8.90787691E+000
    227.76926   8.96460755E+000
    227.82261   9.02089078E+000
    227.87596   9.07672555E+000
    227.92931   9.13211082E+000
    227.98266   9.18704560E+000
    228.03601   9.24152895E+000
    228.08936   9.29555992E+000
    228.14271   9.34913764E+000
    228.19607   9.40226124E+000
    228.24942   9.45492989E+000
    228.30277   9.50714280E+000
    228.35612   9.55889921E+000
    228.40947   9.61019839E+000
    228.46282   9.66103963E+000
    228.51617   9.71142227E+000
    228.56952   9.76134568E+000
    228.62287   9.81080926E+000
    228.67623   9.85981243E+000
    228.72958   9.90835465E+000
    228.78293   9.95643541E+000
    228.83628   1.00040542E+001
    228.88963   1.00512107E+001
    228.94298   1.00979044E+001
    228.99633   1.01441348E+001
    229.04968   1.01899018E+001
    229.10303   1.02352049E+001
    229.15639   1.02800438E+001
    229.20974   1.03244183E+001
    229.26309   1.03683282E+001
    229.31644   1.04117732E+001
    229.36979   1.04547532E+001
    229.42314   1.04972681E+001
    229.47649   1.05393176E+001
    229.52984   1.05809018E+001
    229.58319   1.06220206E+001
    229.63655   1.06626739E+001
    229.68990   1.07028618E+001
    229.74325   1.07425842E+001
    229.79660   1.07818413E+001
    229.84995   1.08206331E+001
    229.90330   1.08589598E+001
    229.95665   1.08968214E+001
    230.01000   1.09342182E+001
    230.06335   1.09711504E+001
    230.11671   1.10076181E+001
    230.17006   1.10436217E+001
    230.22341   1.10791614E+001
    230.27676   1.11142375E+001
    230.33011   1.11488504E+001
    230.38346   1.11830004E+001
    230.43681   1.12166879E+001
    230.49016   1.12499133E+001
    230.54351   1.12826771E+001
    230.59687   1.13149797E+001
    230.65022   1.13468216E+001
    230.70357   1.13782034E+001
    230.75692   1.14091256E+001
    230.81027   1.14395886E+001
    230.86362   1.14695933E+001
    230.91697   1.14991400E+001
    230.97032   1.15282296E+001
    231.02367   1.15568627E+001
    231.07703   1.15850398E+001
    231.13038   1.16127619E+001
    231.18373   1.16400296E+001
    231.23708   1.16668436E+001
    231.29043   1.16932048E+001
    231.34378   1.17191140E+001
    231.39713   1.17445719E+001
    231.45048   1.17695795E+001
    231.50383   1.17941377E+001
    231.55719   1.18182472E+001
    231.61054   1.18419091E+001
    231.66389   1.18651243E+001
    231.71724   1.18878938E+001
    231.77059   1.19102185E+001
    231.82394   1.19320995E+001
    231.87729   1.19535378E+001
    231.93064   1.19745344E+001
    231.98399   1.19950905E+001
    232.03735   1.20152070E+001
    232.09070   1.20348852E+001
    232.14405   1.20541261E+001
    232.19740   1.20729310E+001
    232.25075   1.20913009E+001
    232.30410   1.21092371E+001
    232.35745   1.21267408E+001
    232.41080   1.21438133E+001
    232.46415   1.21604557E+001
    232.51751   1.21766694E+001
    232.57086   1.21924557E+001
    232.62421   1.22078158E+001
    232.67756   1.22227510E+001
    232.73091   1.22372628E+001
    232.78426   1.22513525E+001
    232.83761   1.22650215E+001
    232.89096   1.22782711E+001
    232.94431   1.22911028E+001
    232.99767   1.23035180E+001
    233.05102   1.23155182E+001
    233.10437   1.23271048E+001
    233.15772   1.23382793E+001
    233.21107   1.23490432E+001
    233.26442   1.23593981E+001
    233.31777   1.23693454E+001
    233.37112   1.23788867E+001
    233.42447   1.23880235E+001
    233.47783   1.23967576E+001
    233.53118   1.24050903E+001
    233.58453   1.24130233E+001
    233.63788   1.24205584E+001
    233.69123   1.24276970E+001
    233.74458   1.24344408E+001
    233.79793   1.24407916E+001
    233.85128   1.24467509E+001
    233.90463   1.24523205E+001
    233.95799   1.24575021E+001
    234.01134   1.24622973E+001
    234.06469   1.24667080E+001
    234.11804   1.24707359E+001
    234.17139   1.24743827E+001
    234.22474   1.24776501E+001
    234.27809   1.24805401E+001
    234.33144   1.24830543E+001
    234.38479   1.24851945E+001
    234.43815   1.24869626E+001
    234.49150   1.24883605E+001
    234.54485   1.24893898E+001
    234.59820   1.24900526E+001
    234.65155   1.24903506E+001
    234.70490   1.24902858E+001
    234.75825   1.24898599E+001
    234.81160   1.24890749E+001
    234.86495   1.24879327E+001
    234.91831   1.24864352E+001
    234.97166   1.24845843E+001
    235.02501   1.24823820E+001
    235.07836   1.24798302E+001
    235.13171   1.24769307E+001
    235.18506   1.24736857E+001
    235.23841   1.24700970E+001
    235.29176   1.24661666E+001
    235.34512   1.24618966E+001
    235.39847   1.24572888E+001
    235.45182   1.24523453E+001
    235.50517   1.24470681E+001
    235.55852   1.24414592E+001
    235.61187   1.24355206E+001
    235.66522   1.24292544E+001
    235.71857   1.24226625E+001
    235.77192   1.24157471E+001
    235.82528   1.24085101E+001
    235.87863   1.24009536E+001
    235.93198   1.23930797E+001
    235.98533   1.23848904E+001
    236.03868   1.23763879E+001
    236.09203   1.23675741E+001
    236.14538   1.23584511E+001
    236.19873   1.23490211E+001
    236.25208   1.23392862E+001
    236.30544   1.23292483E+001
    236.35879   1.23189097E+001
    236.41214   1.23082724E+001
    236.46549   1.22973386E+001
    236.51884   1.22861103E+001
    236.57219   1.22745897E+001
    236.62554   1.22627788E+001
    236.67889   1.22506799E+001
    236.73224   1.22382950E+001
    236.78560   1.22256263E+001
    236.83895   1.22126759E+001
    236.89230   1.21994459E+001
    236.94565   1.21859384E+001
    236.99900   1.21721557E+001
    237.05235   1.21580999E+001
    237.10570   1.21437731E+001
    237.15905   1.21291774E+001
    237.21240   1.21143150E+001
    237.26576   1.20991881E+001
    237.31911   1.20837988E+001
    237.37246   1.20681492E+001
    237.42581   1.20522416E+001
    237.47916   1.20360780E+001
    237.53251   1.20196607E+001
    237.58586   1.20029917E+001
    237.63921   1.19860734E+001
    237.69256   1.19689077E+001
    237.74592   1.19514969E+001
    237.79927   1.19338431E+001
    237.85262   1.19159485E+001
    237.90597   1.18978152E+001
    237.95932   1.18794455E+001
    238.01267   1.18608414E+001
    238.06602   1.18420051E+001
    238.11937   1.18229389E+001
    238.17272   1.18036447E+001
    238.22608   1.17841249E+001
    238.27943   1.17643815E+001
    238.33278   1.17444167E+001
    238.38613   1.17242326E+001
    238.43948   1.17038315E+001
    238.49283   1.16832154E+001
    238.54618   1.16623865E+001
    238.59953   1.16413469E+001
    238.65288   1.16200988E+001
    238.70624   1.15986444E+001
    238.75959   1.15769857E+001
    238.81294   1.15551249E+001
    238.86629   1.15330641E+001
    238.91964   1.15108054E+001
    238.97299   1.14883511E+001
    239.02634   1.14657031E+001
    239.07969   1.14428637E+001
    239.13304   1.14198349E+001
    239.18640   1.13966189E+001
    239.23975   1.13732178E+001
    239.29310   1.13496336E+001
    239.34645   1.13258684E+001
    239.39980   1.13019245E+001
    239.45315   1.12778038E+001
    239.50650   1.12535084E+001
    239.55985   1.12290406E+001
    239.61320   1.12044022E+001
    239.66656   1.11795954E+001
    239.71991   1.11546223E+001
    239.77326   1.11294849E+001
    239.82661   1.11041853E+001
    239.87996   1.10787256E+001
    239.93331   1.10531078E+001
    239.98666   1.10273340E+001
    240.04001   1.10014062E+001
    240.09336   1.09753264E+001
    240.14672   1.09490966E+001
    240.20007   1.09227190E+001
    240.25342   1.08961955E+001
    240.30677   1.08695281E+001
    240.36012   1.08427188E+001
    240.41347   1.08157697E+001
    240.46682   1.07886828E+001
    240.52017   1.07614599E+001
    240.57352   1.07341032E+001
    240.62688   1.07066146E+001
    240.68023   1.06789960E+001
    240.73358   1.06512495E+001
    240.78693   1.06233769E+001
    240.84028   1.05953803E+001
    240.89363   1.05672616E+001
    240.94698   1.05390227E+001
    241.00033   1.05106656E+001
    241.05368   1.04821921E+001
    241.10704   1.04536042E+001
    241.16039   1.04249039E+001
    241.21374   1.03960929E+001
    241.26709   1.03671733E+001
    241.32044   1.03381469E+001
    241.37379   1.03090155E+001
    241.42714   1.02797811E+001
    241.48049   1.02504455E+001
    241.53384   1.02210106E+001
    241.58720   1.01914782E+001
    241.64055   1.01618502E+001
    241.69390   1.01321284E+001
    241.74725   1.01023146E+001
    241.80060   1.00724107E+001
    241.85395   1.00424185E+001
    241.90730   1.00123397E+001
    241.96065   9.98217611E+000
    242.01400   9.95192962E+000
    242.06736   9.92160195E+000
    242.12071   9.89119487E+000
    242.17406   9.86071016E+000
    242.22741   9.83014955E+000
    242.28076   9.79951479E+000
    242.33411   9.76880762E+000
    242.38746   9.73802978E+000
    242.44081   9.70718296E+000
    242.49416   9.67626889E+000
    242.54752   9.64528927E+000
    242.60087   9.61424579E+000
    242.65422   9.58314014E+000
    242.70757   9.55197398E+000
    242.76092   9.52074898E+000
    242.81427   9.48946680E+000
    242.86762   9.45812910E+000
    242.92097   9.42673749E+000
    242.97432   9.39529363E+000
    243.02768   9.36379912E+000
    243.08103   9.33225558E+000
    243.13438   9.30066461E+000
    243.18773   9.26902781E+000
    243.24108   9.23734674E+000
    243.29443   9.20562300E+000
    243.34778   9.17385815E+000
    243.40113   9.14205373E+000
    243.45448   9.11021131E+000
    243.50784   9.07833240E+000
    243.56119   9.04641855E+000
    243.61454   9.01447126E+000
    243.66789   8.98249205E+000
    243.72124   8.95048241E+000
    243.77459   8.91844384E+000
    243.82794   8.88637781E+000
    243.88129   8.85428579E+000
    243.93464   8.82216925E+000
    243.98800   8.79002962E+000
    244.04135   8.75786836E+000
    244.09470   8.72568690E+000
    244.14805   8.69348665E+000
    244.20140   8.66126903E+000
    244.25475   8.62903543E+000
    244.30810   8.59678726E+000
    244.36145   8.56452589E+000
    244.41480   8.53225270E+000
    244.46816   8.49996905E+000
    244.52151   8.46767628E+000
    244.57486   8.43537575E+000
    244.62821   8.40306879E+000
    244.68156   8.37075672E+000
    244.73491   8.33844086E+000
    244.78826   8.30612250E+000
    244.84161   8.27380294E+000
    244.89496   8.24148347E+000
    244.94832   8.20916535E+000
    245.00167   8.17684986E+000
    245.05502   8.14453825E+000
    245.10837   8.11223176E+000
    245.16172   8.07993163E+000
    245.21507   8.04763907E+000
    245.26842   8.01535531E+000
    245.32177   7.98308156E+000
    245.37513   7.95081899E+000
    245.42848   7.91856881E+000
    245.48183   7.88633218E+000
    245.53518   7.85411028E+000
    245.58853   7.82190425E+000
    245.64188   7.78971524E+000
    245.69523   7.75754439E+000
    245.74858   7.72539282E+000
    245.80193   7.69326164E+000
    245.85529   7.66115198E+000
    245.90864   7.62906491E+000
    245.96199   7.59700154E+000
    246.01534   7.56496292E+000
    246.06869   7.53295014E+000
    246.12204   7.50096425E+000
    246.17539   7.46900629E+000
    246.22874   7.43707731E+000
    246.28209   7.40517832E+000
    246.33545   7.37331036E+000
    246.38880   7.34147442E+000
    246.44215   7.30967151E+000
    246.49550   7.27790262E+000
    246.54885   7.24616872E+000
    246.60220   7.21447078E+000
    246.65555   7.18280977E+000
    246.70890   7.15118664E+000
    246.76225   7.11960232E+000
    246.81561   7.08805774E+000
    246.86896   7.05655384E+000
    246.92231   7.02509152E+000
    246.97566   6.99367168E+000
    247.02901   6.96229522E+000
    247.08236   6.93096302E+000
    247.13571   6.89967595E+000
    247.18906   6.86843489E+000
    247.24241   6.83724068E+000
    247.29577   6.80609417E+000
    247.34912   6.77499621E+000
    247.40247   6.74394760E+000
    247.45582   6.71294919E+000
    247.50917   6.68200177E+000
    247.56252   6.65110614E+000
    247.61587   6.62026309E+000
    247.66922   6.58947341E+000
    247.72257   6.55873787E+000
    247.77593   6.52805723E+000
    247.82928   6.49743225E+000
    247.88263   6.46686366E+000
    247.93598   6.43635222E+000
    247.98933   6.40589863E+000
    248.04268   6.37550363E+000
    248.09603   6.34516791E+000
    248.14938   6.31489219E+000
    248.20273   6.28467714E+000
    248.25609   6.25452347E+000
    248.30944   6.22443183E+000
    248.36279   6.19440289E+000
    248.41614   6.16443731E+000
    248.46949   6.13453574E+000
    248.52284   6.10469881E+000
    248.57619   6.07492715E+000
    248.62954   6.04522140E+000
    248.68289   6.01558215E+000
    248.73625   5.98601002E+000
    248.78960   5.95650560E+000
    248.84295   5.92706948E+000
    248.89630   5.89770223E+000
    248.94965   5.86840443E+000
    249.00300   5.83917665E+000
    249.05635   5.81001942E+000
    249.10970   5.78093331E+000
    249.16305   5.75191885E+000
    249.21641   5.72297656E+000
    249.26976   5.69410697E+000
    249.32311   5.66531059E+000
    249.37646   5.63658794E+000
    249.42981   5.60793949E+000
    249.48316   5.57936575E+000
    249.53651   5.55086720E+000
    249.58986   5.52244430E+000
    249.64321   5.49409753E+000
    249.69657   5.46582733E+000
    249.74992   5.43763417E+000
    249.80327   5.40951849E+000
    249.85662   5.38148071E+000
    249.90997   5.35352126E+000
    249.96332   5.32564057E+000
    250.01667   5.29783904E+000
    250.07002   5.27011709E+000
    250.12337   5.24247510E+000
    250.17673   5.21491346E+000
    250.23008   5.18743256E+000
    250.28343   5.16003277E+000
    250.33678   5.13271446E+000
    250.39013   5.10547799E+000
    250.44348   5.07832371E+000
    250.49683   5.05125196E+000
    250.55018   5.02426309E+000
    250.60353   4.99735743E+000
    250.65689   4.97053529E+000
    250.71024   4.94379700E+000
    250.76359   4.91714286E+000
    250.81694   4.89057319E+000
    250.87029   4.86408827E+000
    250.92364   4.83768840E+000
    250.97699   4.81137386E+000
    251.03034   4.78514492E+000
    251.08369   4.75900185E+000
    251.13705   4.73294492E+000
    251.19040   4.70697438E+000
    251.24375   4.68109049E+000
    251.29710   4.65529347E+000
    251.35045   4.62958358E+000
    251.40380   4.60396104E+000
    251.45715   4.57842608E+000
    251.51050   4.55297891E+000
    251.56385   4.52761974E+000
    251.61721   4.50234878E+000
    251.67056   4.47716622E+000
    251.72391   4.45207226E+000
    251.77726   4.42706709E+000
    251.83061   4.40215089E+000
    251.88396   4.37732382E+000
    251.93731   4.35258606E+000
    251.99066   4.32793777E+000
    252.04401   4.30337911E+000
    252.09737   4.27891023E+000
    252.15072   4.25453127E+000
    252.20407   4.23024237E+000
    252.25742   4.20604366E+000
    252.31077   4.18193528E+000
    252.36412   4.15791734E+000
    252.41747   4.13398996E+000
    252.47082   4.11015326E+000
    252.52417   4.08640733E+000
    252.57753   4.06275228E+000
    252.63088   4.03918821E+000
    252.68423   4.01571519E+000
    252.73758   3.99233332E+000
    252.79093   3.96904268E+000
    252.84428   3.94584334E+000
    252.89763   3.92273536E+000
    252.95098   3.89971881E+000
    253.00433   3.87679376E+000
    253.05769   3.85396024E+000
    253.11104   3.83121832E+000
    253.16439   3.80856803E+000
    253.21774   3.78600941E+000
    253.27109   3.76354250E+000
    253.32444   3.74116733E+000
    253.37779   3.71888391E+000
    253.43114   3.69669228E+000
    253.48449   3.67459243E+000
    253.53785   3.65258439E+000
    253.59120   3.63066816E+000
    253.64455   3.60884374E+000
    253.69790   3.58711113E+000
    253.75125   3.56547031E+000
    253.80460   3.54392128E+000
    253.85795   3.52246402E+000
    253.91130   3.50109851E+000
    253.96465   3.47982472E+000
    254.01801   3.45864263E+000
    254.07136   3.43755220E+000
    254.12471   3.41655339E+000
    254.17806   3.39564615E+000
    254.23141   3.37483046E+000
    254.28476   3.35410624E+000
    254.33811   3.33347346E+000
    254.39146   3.31293205E+000
    254.44481   3.29248195E+000
    254.49817   3.27212309E+000
    254.55152   3.25185541E+000
    254.60487   3.23167883E+000
    254.65822   3.21159327E+000
    254.71157   3.19159866E+000
    254.76492   3.17169490E+000
    254.81827   3.15188192E+000
    254.87162   3.13215962E+000
    254.92497   3.11252790E+000
    254.97833   3.09298667E+000
    255.03168   3.07353582E+000
    255.08503   3.05417525E+000
    255.13838   3.03490486E+000
    255.19173   3.01572452E+000
    255.24508   2.99663412E+000
    255.29843   2.97763355E+000
    255.35178   2.95872267E+000
    255.40514   2.93990138E+000
    255.45849   2.92116953E+000
    255.51184   2.90252701E+000
    255.56519   2.88397366E+000
    255.61854   2.86550937E+000
    255.67189   2.84713398E+000
    255.72524   2.82884735E+000
    255.77859   2.81064934E+000
    255.83194   2.79253980E+000
    255.88530   2.77451857E+000
    255.93865   2.75658551E+000
    255.99200   2.73874045E+000
    256.04535   2.72098323E+000
    256.09870   2.70331370E+000
    256.15205   2.68573169E+000
    256.20540   2.66823702E+000
    256.25875   2.65082953E+000
    256.31210   2.63350905E+000
    256.36546   2.61627539E+000
    256.41881   2.59912839E+000
    256.47216   2.58206786E+000
    256.52551   2.56509362E+000
    256.57886   2.54820548E+000
    256.63221   2.53140326E+000
    256.68556   2.51468677E+000
    256.73891   2.49805581E+000
    256.79226   2.48151019E+000
    256.84562   2.46504972E+000
    256.89897   2.44867419E+000
    256.95232   2.43238341E+000
    257.00567   2.41617717E+000
    257.05902   2.40005526E+000
    257.11237   2.38401749E+000
    257.16572   2.36806365E+000
    257.21907   2.35219351E+000
    257.27242   2.33640687E+000
    257.32578   2.32070352E+000
    257.37913   2.30508323E+000
    257.43248   2.28954580E+000
    257.48583   2.27409100E+000
    257.53918   2.25871860E+000
    257.59253   2.24342839E+000
    257.64588   2.22822015E+000
    257.69923   2.21309363E+000
    257.75258   2.19804862E+000
    257.80594   2.18308489E+000
    257.85929   2.16820220E+000
    257.91264   2.15340032E+000
    257.96599   2.13867901E+000
    258.01934   2.12403805E+000
    258.07269   2.10947719E+000
    258.12604   2.09499619E+000
    258.17939   2.08059482E+000
    258.23274   2.06627282E+000
    258.28610   2.05202997E+000
    258.33945   2.03786601E+000
    258.39280   2.02378069E+000
    258.44615   2.00977378E+000
    258.49950   1.99584502E+000
    258.55285   1.98199417E+000
    258.60620   1.96822097E+000
    258.65955   1.95452517E+000
    258.71290   1.94090652E+000
    258.76626   1.92736476E+000
    258.81961   1.91389965E+000
    258.87296   1.90051091E+000
    258.92631   1.88719831E+000
    258.97966   1.87396157E+000
    259.03301   1.86080045E+000
    259.08636   1.84771467E+000
    259.13971   1.83470398E+000
    259.19306   1.82176812E+000
    259.24642   1.80890683E+000
    259.29977   1.79611984E+000
    259.35312   1.78340688E+000
    259.40647   1.77076770E+000
    259.45982   1.75820202E+000
    259.51317   1.74570958E+000
    259.56652   1.73329012E+000
    259.61987   1.72094336E+000
    259.67322   1.70866904E+000
    259.72658   1.69646688E+000
    259.77993   1.68433662E+000
    259.83328   1.67227799E+000
    259.88663   1.66029071E+000
    259.93998   1.64837452E+000
    259.99333   1.63652913E+000
    260.04668   1.62475429E+000
    260.10003   1.61304971E+000
    260.15338   1.60141512E+000
    260.20674   1.58985025E+000
    260.26009   1.57835483E+000
    260.31344   1.56692857E+000
    260.36679   1.55557120E+000
    260.42014   1.54428245E+000
    260.47349   1.53306204E+000
    260.52684   1.52190970E+000
    260.58019   1.51082514E+000
    260.63354   1.49980809E+000
    260.68690   1.48885828E+000
    260.74025   1.47797542E+000
    260.79360   1.46715924E+000
    260.84695   1.45640945E+000
    260.90030   1.44572579E+000
    260.95365   1.43510797E+000
    261.00700   1.42455572E+000
    261.06035   1.41406875E+000
    261.11370   1.40364678E+000
    261.16706   1.39328954E+000
    261.22041   1.38299675E+000
    261.27376   1.37276813E+000
    261.32711   1.36260340E+000
    261.38046   1.35250228E+000
    261.43381   1.34246449E+000
    261.48716   1.33248975E+000
    261.54051   1.32257778E+000
    261.59386   1.31272831E+000
    261.64722   1.30294105E+000
    261.70057   1.29321572E+000
    261.75392   1.28355205E+000
    261.80727   1.27394975E+000
    261.86062   1.26440855E+000
    261.91397   1.25492817E+000
    261.96732   1.24550833E+000
    262.02067   1.23614875E+000
    262.07402   1.22684915E+000
    262.12738   1.21760925E+000
    262.18073   1.20842878E+000
    262.23408   1.19930745E+000
    262.28743   1.19024500E+000
    262.34078   1.18124114E+000
    262.39413   1.17229560E+000
    262.44748   1.16340809E+000
    262.50083   1.15457834E+000
    262.55418   1.14580608E+000
    262.60754   1.13709103E+000
    262.66089   1.12843291E+000
    262.71424   1.11983145E+000
    262.76759   1.11128637E+000
    262.82094   1.10279739E+000
    262.87429   1.09436425E+000
    262.92764   1.08598667E+000
    262.98099   1.07766437E+000
    263.03434   1.06939709E+000
    263.08770   1.06118454E+000
    263.14105   1.05302646E+000
    263.19440   1.04492257E+000
    263.24775   1.03687260E+000
    263.30110   1.02887628E+000
    263.35445   1.02093335E+000
    263.40780   1.01304352E+000
    263.46115   1.00520653E+000
    263.51450   9.97422106E-001
    263.56786   9.89689986E-001
    263.62121   9.82009898E-001
    263.67456   9.74381574E-001
    263.72791   9.66804746E-001
    263.78126   9.59279148E-001
    263.83461   9.51804514E-001
    263.88796   9.44380576E-001
    263.94131   9.37007071E-001
    263.99466   9.29683733E-001
    264.04802   9.22410299E-001
    264.10137   9.15186504E-001
    264.15472   9.08012085E-001
    264.20807   9.00886781E-001
    264.26142   8.93810330E-001
    264.31477   8.86782469E-001
    264.36812   8.79802940E-001
    264.42147   8.72871481E-001
    264.47482   8.65987834E-001
    264.52818   8.59151740E-001
    264.58153   8.52362940E-001
    264.63488   8.45621179E-001
    264.68823   8.38926198E-001
    264.74158   8.32277742E-001
    264.79493   8.25675556E-001
    264.84828   8.19119385E-001
    264.90163   8.12608975E-001
    264.95498   8.06144073E-001
    265.00834   7.99724426E-001
    265.06169   7.93349783E-001
    265.11504   7.87019892E-001
    265.16839   7.80734503E-001
    265.22174   7.74493366E-001
    265.27509   7.68296233E-001
    265.32844   7.62142855E-001
    265.38179   7.56032985E-001
    265.43515   7.49966376E-001
    265.48850   7.43942783E-001
    265.54185   7.37961959E-001
    265.59520   7.32023661E-001
    265.64855   7.26127645E-001
    265.70190   7.20273668E-001
    265.75525   7.14461488E-001
    265.80860   7.08690864E-001
    265.86195   7.02961555E-001
    265.91531   6.97273322E-001
    265.96866   6.91625926E-001
    266.02201   6.86019128E-001
    266.07536   6.80452691E-001
    266.12871   6.74926379E-001
    266.18206   6.69439956E-001
    266.23541   6.63993187E-001
    266.28876   6.58585838E-001
    266.34211   6.53217677E-001
    266.39547   6.47888469E-001
    266.44882   6.42597985E-001
    266.50217   6.37345993E-001
    266.55552   6.32132263E-001
    266.60887   6.26956567E-001
    266.66222   6.21818676E-001
    266.71557   6.16718362E-001
    266.76892   6.11655400E-001
    266.82227   6.06629563E-001
    266.87563   6.01640627E-001
    266.92898   5.96688367E-001
    266.98233   5.91772562E-001
    267.03568   5.86892988E-001
    267.08903   5.82049424E-001
    267.14238   5.77241649E-001
    267.19573   5.72469445E-001
    267.24908   5.67732592E-001
    267.30243   5.63030872E-001
    267.35579   5.58364068E-001
    267.40914   5.53731965E-001
    267.46249   5.49134347E-001
    267.51584   5.44570999E-001
    267.56919   5.40041708E-001
    267.62254   5.35546262E-001
    267.67589   5.31084449E-001
    267.72924   5.26656057E-001
    267.78259   5.22260877E-001
    267.83595   5.17898700E-001
    267.88930   5.13569318E-001
    267.94265   5.09272523E-001
    267.99600   5.05008109E-001
    268.04935   5.00775871E-001
    268.10270   4.96575603E-001
    268.15605   4.92407102E-001
    268.20940   4.88270166E-001
    268.26275   4.84164592E-001
    268.31611   4.80090179E-001
    268.36946   4.76046727E-001
    268.42281   4.72034037E-001
    268.47616   4.68051911E-001
    268.52951   4.64100150E-001
    268.58286   4.60178559E-001
    268.63621   4.56286942E-001
    268.68956   4.52425104E-001
    268.74291   4.48592850E-001
    268.79627   4.44789990E-001
    268.84962   4.41016329E-001
    268.90297   4.37271677E-001
    268.95632   4.33555843E-001
    269.00967   4.29868639E-001
    269.06302   4.26209875E-001
    269.11637   4.22579365E-001
    269.16972   4.18976920E-001
    269.22307   4.15402357E-001
    269.27643   4.11855489E-001
    269.32978   4.08336132E-001
    269.38313   4.04844104E-001
    269.43648   4.01379223E-001
    269.48983   3.97941306E-001
    269.54318   3.94530173E-001
    269.59653   3.91145646E-001
    269.64988   3.87787544E-001
    269.70323   3.84455691E-001
    269.75659   3.81149910E-001
    269.80994   3.77870024E-001
    269.86329   3.74615858E-001
    269.91664   3.71387238E-001
    269.96999   3.68183991E-001
    270.02334   3.65005945E-001
    270.07669   3.61852927E-001
    270.13004   3.58724766E-001
    270.18339   3.55621294E-001
    270.23675   3.52542341E-001
    270.29010   3.49487739E-001
    270.34345   3.46457321E-001
    270.39680   3.43450920E-001
    270.45015   3.40468371E-001
    270.50350   3.37509510E-001
    270.55685   3.34574172E-001
    270.61020   3.31662195E-001
    270.66355   3.28773416E-001
    270.71691   3.25907675E-001
    270.77026   3.23064812E-001
    270.82361   3.20244666E-001
    270.87696   3.17447080E-001
    270.93031   3.14671896E-001
    270.98366   3.11918956E-001
    271.03701   3.09188105E-001
    271.09036   3.06479187E-001
    271.14371   3.03792049E-001
    271.19707   3.01126537E-001
    271.25042   2.98482498E-001
    271.30377   2.95859781E-001
    271.35712   2.93258234E-001
    271.41047   2.90677708E-001
    271.46382   2.88118053E-001
    271.51717   2.85579120E-001
    271.57052   2.83060763E-001
    271.62387   2.80562835E-001
    271.67723   2.78085189E-001
    271.73058   2.75627680E-001
    271.78393   2.73190165E-001
    271.83728   2.70772499E-001
    271.89063   2.68374541E-001
    271.94398   2.65996147E-001
    271.99733   2.63637178E-001
    272.05068   2.61297493E-001
    272.10403   2.58976953E-001
    272.15739   2.56675419E-001
    272.21074   2.54392753E-001
    272.26409   2.52128818E-001
    272.31744   2.49883478E-001
    272.37079   2.47656599E-001
    272.42414   2.45448044E-001
    272.47749   2.43257681E-001
    272.53084   2.41085376E-001
    272.58419   2.38930998E-001
    272.63755   2.36794414E-001
    272.69090   2.34675494E-001
    272.74425   2.32574109E-001
    272.79760   2.30490128E-001
    272.85095   2.28423425E-001
    272.90430   2.26373870E-001
    272.95765   2.24341339E-001
    273.01100   2.22325703E-001
    273.06435   2.20326839E-001
    273.11771   2.18344622E-001
    273.17106   2.16378927E-001
    273.22441   2.14429633E-001
    273.27776   2.12496616E-001
    273.33111   2.10579756E-001
    273.38446   2.08678931E-001
    273.43781   2.06794022E-001
    273.49116   2.04924909E-001
    273.54451   2.03071474E-001
    273.59787   2.01233598E-001
    273.65122   1.99411166E-001
    273.70457   1.97604061E-001
    273.75792   1.95812167E-001
    273.81127   1.94035368E-001
    273.86462   1.92273552E-001
    273.91797   1.90526605E-001
    273.97132   1.88794413E-001
    274.02467   1.87076866E-001
    274.07803   1.85373851E-001
    274.13138   1.83685258E-001
    274.18473   1.82010978E-001
    274.23808   1.80350900E-001
    274.29143   1.78704917E-001
    274.34478   1.77072921E-001
    274.39813   1.75454804E-001
    274.45148   1.73850460E-001
    274.50483   1.72259785E-001
    274.55819   1.70682671E-001
    274.61154   1.69119016E-001
    274.66489   1.67568715E-001
    274.71824   1.66031665E-001
    274.77159   1.64507765E-001
    274.82494   1.62996912E-001
    274.87829   1.61499006E-001
    274.93164   1.60013945E-001
    274.98499   1.58541631E-001
    275.03835   1.57081965E-001
    275.09170   1.55634847E-001
    275.14505   1.54200181E-001
    275.19840   1.52777868E-001
    275.25175   1.51367814E-001
    275.30510   1.49969922E-001
    275.35845   1.48584096E-001
    275.41180   1.47210243E-001
    275.46516   1.45848268E-001
    275.51851   1.44498078E-001
    275.57186   1.43159581E-001
    275.62521   1.41832684E-001
    275.67856   1.40517296E-001
    275.73191   1.39213327E-001
    275.78526   1.37920686E-001
    275.83861   1.36639283E-001
    275.89196   1.35369030E-001
    275.94532   1.34109839E-001
    275.99867   1.32861621E-001
    276.05202   1.31624290E-001
    276.10537   1.30397758E-001
    276.15872   1.29181941E-001
    276.21207   1.27976752E-001
    276.26542   1.26782107E-001
    276.31877   1.25597922E-001
    276.37212   1.24424113E-001
    276.42548   1.23260596E-001
    276.47883   1.22107291E-001
    276.53218   1.20964114E-001
    276.58553   1.19830985E-001
    276.63888   1.18707822E-001
    276.69223   1.17594546E-001
    276.74558   1.16491076E-001
    276.79893   1.15397335E-001
    276.85228   1.14313242E-001
    276.90564   1.13238721E-001
    276.95899   1.12173694E-001
    277.01234   1.11118084E-001
    277.06569   1.10071815E-001
    277.11904   1.09034810E-001
    277.17239   1.08006996E-001
    277.22574   1.06988296E-001
    277.27909   1.05978637E-001
    277.33244   1.04977945E-001
    277.38580   1.03986148E-001
    277.43915   1.03003171E-001
    277.49250   1.02028944E-001
    277.54585   1.01063395E-001
    277.59920   1.00106452E-001
    277.65255   9.91580459E-002
    277.70590   9.82181056E-002
    277.75925   9.72865618E-002
    277.81260   9.63633455E-002
    277.86596   9.54483883E-002
    277.91931   9.45416220E-002
    277.97266   9.36429792E-002
    278.02601   9.27523927E-002
    278.07936   9.18697960E-002
    278.13271   9.09951230E-002
    278.18606   9.01283082E-002
    278.23941   8.92692864E-002
    278.29276   8.84179929E-002
    278.34612   8.75743637E-002
    278.39947   8.67383349E-002
    278.45282   8.59098434E-002
    278.50617   8.50888265E-002
    278.55952   8.42752217E-002
    278.61287   8.34689674E-002
    278.66622   8.26700020E-002
    278.71957   8.18782647E-002
    278.77292   8.10936950E-002
    278.82628   8.03162328E-002
    278.87963   7.95458187E-002
    278.93298   7.87823934E-002
    278.98633   7.80258983E-002
    279.03968   7.72762751E-002
    279.09303   7.65334659E-002
    279.14638   7.57974135E-002
    279.19973   7.50680609E-002
    279.25308   7.43453514E-002
    279.30644   7.36292291E-002
    279.35979   7.29196383E-002
    279.41314   7.22165236E-002
    279.46649   7.15198303E-002
    279.51984   7.08295039E-002
    279.57319   7.01454904E-002
    279.62654   6.94677362E-002
    279.67989   6.87961881E-002
    279.73324   6.81307934E-002
    279.78660   6.74714996E-002
    279.83995   6.68182547E-002
    279.89330   6.61710072E-002
    279.94665   6.55297059E-002
    280.00000   6.48942999E-002
