   4000.00000   2.02096280E-001
   3998.66622   2.03056867E-001
   3997.33244   2.04026011E-001
   3995.99867   2.05003819E-001
   3994.66489   2.05990398E-001
   3993.33111   2.06985860E-001
   3991.99733   2.07990316E-001
   3990.66355   2.09003879E-001
   3989.32978   2.10026664E-001
   3987.99600   2.11058789E-001
   3986.66222   2.12100373E-001
   3985.32844   2.13151537E-001
   3983.99466   2.14212403E-001
   3982.66089   2.15283096E-001
   3981.32711   2.16363744E-001
   3979.99333   2.17454476E-001
   3978.65955   2.18555422E-001
   3977.32578   2.19666716E-001
   3975.99200   2.20788493E-001
   3974.65822   2.21920891E-001
   3973.32444   2.23064051E-001
   3971.99066   2.24218114E-001
   3970.65689   2.25383225E-001
   3969.32311   2.26559531E-001
   3967.98933   2.27747183E-001
   3966.65555   2.28946331E-001
   3965.32177   2.30157132E-001
   3963.98800   2.31379742E-001
   3962.65422   2.32614322E-001
   3961.32044   2.33861033E-001
   3959.98666   2.35120043E-001
   3958.65288   2.36391519E-001
   3957.31911   2.37675633E-001
   3955.98533   2.38972559E-001
   3954.65155   2.40282475E-001
   3953.31777   2.41605561E-001
   3951.98399   2.42942001E-001
   3950.65022   2.44291981E-001
   3949.31644   2.45655693E-001
   3947.98266   2.47033329E-001
   3946.64888   2.48425087E-001
   3945.31511   2.49831168E-001
   3943.98133   2.51251775E-001
   3942.64755   2.52687117E-001
   3941.31377   2.54137405E-001
   3939.97999   2.55602855E-001
   3938.64622   2.57083686E-001
   3937.31244   2.58580121E-001
   3935.97866   2.60092389E-001
   3934.64488   2.61620720E-001
   3933.31110   2.63165351E-001
   3931.97733   2.64726523E-001
   3930.64355   2.66304480E-001
   3929.30977   2.67899471E-001
   3927.97599   2.69511752E-001
   3926.64221   2.71141580E-001
   3925.30844   2.72789219E-001
   3923.97466   2.74454940E-001
   3922.64088   2.76139014E-001
   3921.30710   2.77841723E-001
   3919.97332   2.79563349E-001
   3918.63955   2.81304184E-001
   3917.30577   2.83064524E-001
   3915.97199   2.84844668E-001
   3914.63821   2.86644926E-001
   3913.30443   2.88465610E-001
   3911.97066   2.90307040E-001
   3910.63688   2.92169542E-001
   3909.30310   2.94053447E-001
   3907.96932   2.95959096E-001
   3906.63555   2.97886834E-001
   3905.30177   2.99837013E-001
   3903.96799   3.01809993E-001
   3902.63421   3.03806141E-001
   3901.30043   3.05825832E-001
   3899.96666   3.07869448E-001
   3898.63288   3.09937379E-001
   3897.29910   3.12030024E-001
   3895.96532   3.14147787E-001
   3894.63154   3.16291085E-001
   3893.29777   3.18460340E-001
   3891.96399   3.20655984E-001
   3890.63021   3.22878460E-001
   3889.29643   3.25128217E-001
   3887.96265   3.27405716E-001
   3886.62888   3.29711426E-001
   3885.29510   3.32045829E-001
   3883.96132   3.34409413E-001
   3882.62754   3.36802681E-001
   3881.29376   3.39226144E-001
   3879.95999   3.41680324E-001
   3878.62621   3.44165757E-001
   3877.29243   3.46682988E-001
   3875.95865   3.49232576E-001
   3874.62487   3.51815091E-001
   3873.29110   3.54431117E-001
   3871.95732   3.57081249E-001
   3870.62354   3.59766097E-001
   3869.28976   3.62486286E-001
   3867.95599   3.65242452E-001
   3866.62221   3.68035247E-001
   3865.28843   3.70865339E-001
   3863.95465   3.73733411E-001
   3862.62087   3.76640159E-001
   3861.28710   3.79586299E-001
   3859.95332   3.82572561E-001
   3858.61954   3.85599694E-001
   3857.28576   3.88668464E-001
   3855.95198   3.91779654E-001
   3854.61821   3.94934066E-001
   3853.28443   3.98132523E-001
   3851.95065   4.01375866E-001
   3850.61687   4.04664957E-001
   3849.28309   4.08000677E-001
   3847.94932   4.11383932E-001
   3846.61554   4.14815647E-001
   3845.28176   4.18296772E-001
   3843.94798   4.21828278E-001
   3842.61420   4.25411163E-001
   3841.28043   4.29046447E-001
   3839.94665   4.32735178E-001
   3838.61287   4.36478431E-001
   3837.27909   4.40277304E-001
   3835.94532   4.44132927E-001
   3834.61154   4.48046459E-001
   3833.27776   4.52019086E-001
   3831.94398   4.56052026E-001
   3830.61020   4.60146531E-001
   3829.27643   4.64303882E-001
   3827.94265   4.68525397E-001
   3826.60887   4.72812425E-001
   3825.27509   4.77166356E-001
   3823.94131   4.81588612E-001
   3822.60754   4.86080657E-001
   3821.27376   4.90643992E-001
   3819.93998   4.95280161E-001
   3818.60620   4.99990749E-001
   3817.27242   5.04777385E-001
   3815.93865   5.09641741E-001
   3814.60487   5.14585539E-001
   3813.27109   5.19610546E-001
   3811.93731   5.24718581E-001
   3810.60353   5.29911513E-001
   3809.26976   5.35191264E-001
   3807.93598   5.40559812E-001
   3806.60220   5.46019191E-001
   3805.26842   5.51571493E-001
   3803.93464   5.57218875E-001
   3802.60087   5.62963551E-001
   3801.26709   5.68807805E-001
   3799.93331   5.74753987E-001
   3798.59953   5.80804517E-001
   3797.26576   5.86961887E-001
   3795.93198   5.93228665E-001
   3794.59820   5.99607496E-001
   3793.26442   6.06101107E-001
   3791.93064   6.12712309E-001
   3790.59687   6.19443998E-001
   3789.26309   6.26299162E-001
   3787.92931   6.33280881E-001
   3786.59553   6.40392333E-001
   3785.26175   6.47636797E-001
   3783.92798   6.55017656E-001
   3782.59420   6.62538401E-001
   3781.26042   6.70202638E-001
   3779.92664   6.78014089E-001
   3778.59286   6.85976598E-001
   3777.25909   6.94094135E-001
   3775.92531   7.02370803E-001
   3774.59153   7.10810842E-001
   3773.25775   7.19418633E-001
   3771.92397   7.28198709E-001
   3770.59020   7.37155755E-001
   3769.25642   7.46294616E-001
   3767.92264   7.55620306E-001
   3766.58886   7.65138016E-001
   3765.25509   7.74853114E-001
   3763.92131   7.84771161E-001
   3762.58753   7.94897916E-001
   3761.25375   8.05239343E-001
   3759.91997   8.15801622E-001
   3758.58620   8.26591157E-001
   3757.25242   8.37614588E-001
   3755.91864   8.48878800E-001
   3754.58486   8.60390931E-001
   3753.25108   8.72158391E-001
   3751.91731   8.84188866E-001
   3750.58353   8.96490336E-001
   3749.24975   9.09071086E-001
   3747.91597   9.21939723E-001
   3746.58219   9.35105186E-001
   3745.24842   9.48576768E-001
   3743.91464   9.62364127E-001
   3742.58086   9.76477307E-001
   3741.24708   9.90926755E-001
   3739.91330   1.00572334E+000
   3738.57953   1.02087839E+000
   3737.24575   1.03640367E+000
   3735.91197   1.05231145E+000
   3734.57819   1.06861453E+000
   3733.24441   1.08532621E+000
   3731.91064   1.10246041E+000
   3730.57686   1.12003160E+000
   3729.24308   1.13805490E+000
   3727.90930   1.15654609E+000
   3726.57553   1.17552164E+000
   3725.24175   1.19499875E+000
   3723.90797   1.21499542E+000
   3722.57419   1.23553042E+000
   3721.24041   1.25662341E+000
   3719.90664   1.27829495E+000
   3718.57286   1.30056656E+000
   3717.23908   1.32346077E+000
   3715.90530   1.34700116E+000
   3714.57152   1.37121248E+000
   3713.23775   1.39612064E+000
   3711.90397   1.42175284E+000
   3710.57019   1.44813760E+000
   3709.23641   1.47530488E+000
   3707.90263   1.50328615E+000
   3706.56886   1.53211445E+000
   3705.23508   1.56182456E+000
   3703.90130   1.59245302E+000
   3702.56752   1.62403831E+000
   3701.23374   1.65662096E+000
   3699.89997   1.69024365E+000
   3698.56619   1.72495138E+000
   3697.23241   1.76079159E+000
   3695.89863   1.79781438E+000
   3694.56485   1.83607263E+000
   3693.23108   1.87562221E+000
   3691.89730   1.91652220E+000
   3690.56352   1.95883509E+000
   3689.22974   2.00262701E+000
   3687.89597   2.04796804E+000
   3686.56219   2.09493243E+000
   3685.22841   2.14359895E+000
   3683.89463   2.19405121E+000
   3682.56085   2.24637799E+000
   3681.22708   2.30067368E+000
   3679.89330   2.35703866E+000
   3678.55952   2.41557981E+000
   3677.22574   2.47641097E+000
   3675.89196   2.53965355E+000
   3674.55819   2.60543705E+000
   3673.22441   2.67389983E+000
   3671.89063   2.74518975E+000
   3670.55685   2.81946499E+000
   3669.22307   2.89689495E+000
   3667.88930   2.97766119E+000
   3666.55552   3.06195848E+000
   3665.22174   3.14999601E+000
   3663.88796   3.24199863E+000
   3662.55418   3.33820831E+000
   3661.22041   3.43888570E+000
   3659.88663   3.54431191E+000
   3658.55285   3.65479042E+000
   3657.21907   3.77064926E+000
   3655.88530   3.89224345E+000
   3654.55152   4.01995763E+000
   3653.21774   4.15420910E+000
   3651.88396   4.29545121E+000
   3650.55018   4.44417707E+000
   3649.21641   4.60092386E+000
   3647.88263   4.76627755E+000
   3646.54885   4.94087830E+000
   3645.21507   5.12542658E+000
   3643.88129   5.32068998E+000
   3642.54752   5.52751111E+000
   3641.21374   5.74681643E+000
   3639.87996   5.97962640E+000
   3638.54618   6.22706708E+000
   3637.21240   6.49038332E+000
   3635.87863   6.77095404E+000
   3634.54485   7.07030969E+000
   3633.21107   7.39015246E+000
   3631.87729   7.73237967E+000
   3630.54351   8.09911083E+000
   3629.20974   8.49271923E+000
   3627.87596   8.91586872E+000
   3626.54218   9.37155680E+000
   3625.20840   9.86316518E+000
   3623.87462   1.03945193E+001
   3622.54085   1.09699590E+001
   3621.20707   1.15944216E+001
   3619.87329   1.22735414E+001
   3618.53951   1.30137686E+001
   3617.20574   1.38225110E+001
   3615.87196   1.47083054E+001
   3614.53818   1.56810236E+001
   3613.20440   1.67521228E+001
   3611.87062   1.79349499E+001
   3610.53685   1.92451119E+001
   3609.20307   2.07009309E+001
   3607.86929   2.23240009E+001
   3606.53551   2.41398747E+001
   3605.20173   2.61789096E+001
   3603.86796   2.84773112E+001
   3602.53418   3.10784200E+001
   3601.20040   3.40342920E+001
   3599.86662   3.74076296E+001
   3598.53284   4.12741108E+001
   3597.19907   4.57251440E+001
   3595.86529   5.08710130E+001
   3594.53151   5.68442428E+001
   3593.19773   6.38027451E+001
   3591.86395   7.19317851E+001
   3590.53018   8.14428697E+001
   3589.19640   9.25660297E+001
   3587.86262   1.05529370E+002
   3586.52884   1.20516127E+002
   3585.19507   1.37585739E+002
   3583.86129   1.56545336E+002
   3582.52751   1.76770670E+002
   3581.19373   1.97015731E+002
   3579.85995   2.15325204E+002
   3578.52618   2.29233917E+002
   3577.19240   2.36381219E+002
   3575.85862   2.35379868E+002
   3574.52484   2.26433016E+002
   3573.19106   2.11239341E+002
   3571.85729   1.92261176E+002
   3570.52351   1.71880792E+002
   3569.18973   1.51886240E+002
   3567.85595   1.33358660E+002
   3566.52217   1.16799829E+002
   3565.18840   1.02326953E+002
   3563.85462   8.98409815E+001
   3562.52084   7.91422403E+001
   3561.18706   6.99992979E+001
   3559.85328   6.21853620E+001
   3558.51951   5.54949103E+001
   3557.18573   4.97493684E+001
   3555.85195   4.47972300E+001
   3554.51817   4.05116764E+001
   3553.18439   3.67873151E+001
   3551.85062   3.35368406E+001
   3550.51684   3.06879750E+001
   3549.18306   2.81808160E+001
   3547.84928   2.59656078E+001
   3546.51551   2.40009007E+001
   3545.18173   2.22520456E+001
   3543.84795   2.06899715E+001
   3542.51417   1.92901936E+001
   3541.18039   1.80320090E+001
   3539.84662   1.68978446E+001
   3538.51284   1.58727270E+001
   3537.17906   1.49438503E+001
   3535.84528   1.41002227E+001
   3534.51150   1.33323772E+001
   3533.17773   1.26321333E+001
   3531.84395   1.19924002E+001
   3530.51017   1.14070141E+001
   3529.17639   1.08706023E+001
   3527.84261   1.03784708E+001
   3526.50884   9.92650941E+000
   3525.17506   9.51111292E+000
   3523.84128   9.12911408E+000
   3522.50750   8.77772766E+000
   3521.17372   8.45450297E+000
   3519.83995   8.15728380E+000
   3518.50617   7.88417459E+000
   3517.17239   7.63351178E+000
   3515.83861   7.40383977E+000
   3514.50483   7.19389070E+000
   3513.17106   7.00256763E+000
   3511.83728   6.82893074E+000
   3510.50350   6.67218622E+000
   3509.16972   6.53167753E+000
   3507.83595   6.40687905E+000
   3506.50217   6.29739180E+000
   3505.16839   6.20294136E+000
   3503.83461   6.12337784E+000
   3502.50083   6.05867815E+000
   3501.16706   6.00895058E+000
   3499.83328   5.97444194E+000
   3498.49950   5.95554762E+000
   3497.16572   5.95282486E+000
   3495.83194   5.96700995E+000
   3494.49817   5.99903981E+000
   3493.16439   6.05007900E+000
   3491.83061   6.12155320E+000
   3490.49683   6.21519055E+000
   3489.16305   6.33307257E+000
   3487.82928   6.47769694E+000
   3486.49550   6.65205491E+000
   3485.16172   6.85972675E+000
   3483.82794   7.10499968E+000
   3482.49416   7.39301372E+000
   3481.16039   7.72994187E+000
   3479.82661   8.12321282E+000
   3478.49283   8.58178520E+000
   3477.15905   9.11648357E+000
   3475.82528   9.74040568E+000
   3474.49150   1.04694078E+001
   3473.15772   1.13226658E+001
   3471.82394   1.23232895E+001
   3470.49016   1.34989274E+001
   3469.15639   1.48822184E+001
   3467.82261   1.65107995E+001
   3466.48883   1.84263224E+001
   3465.15505   2.06715049E+001
   3463.82127   2.32836246E+001
   3462.48750   2.62821380E+001
   3461.15372   2.96477752E+001
   3459.81994   3.32918744E+001
   3458.48616   3.70203840E+001
   3457.15238   4.05091426E+001
   3455.81861   4.33218614E+001
   3454.48483   4.50014467E+001
   3453.15105   4.52242860E+001
   3451.81727   4.39386911E+001
   3450.48349   4.13889938E+001
   3449.14972   3.80063033E+001
   3447.81594   3.42478548E+001
   3446.48216   3.04802376E+001
   3445.14838   2.69393468E+001
   3443.81460   2.37449167E+001
   3442.48083   2.09353840E+001
   3441.14705   1.85012812E+001
   3439.81327   1.64094183E+001
   3438.47949   1.46178227E+001
   3437.14572   1.30839122E+001
   3435.81194   1.17684152E+001
   3434.47816   1.06368738E+001
   3433.14438   9.65988737E+000
   3431.81060   8.81276649E+000
   3430.47683   8.07495685E+000
   3429.14305   7.42941764E+000
   3427.80927   6.86203806E+000
   3426.47549   6.36112510E+000
   3425.14171   5.91696995E+000
   3423.80794   5.52148839E+000
   3422.47416   5.16792615E+000
   3421.14038   4.85061910E+000
   3419.80660   4.56479866E+000
   3418.47282   4.30643413E+000
   3417.13905   4.07210468E+000
   3415.80527   3.85889548E+000
   3414.47149   3.66431297E+000
   3413.13771   3.48621576E+000
   3411.80393   3.32275791E+000
   3410.47016   3.17234236E+000
   3409.13638   3.03358244E+000
   3407.80260   2.90527005E+000
   3406.46882   2.78634912E+000
   3405.13505   2.67589357E+000
   3403.80127   2.57308875E+000
   3402.46749   2.47721595E+000
   3401.13371   2.38763923E+000
   3399.79993   2.30379437E+000
   3398.46616   2.22517940E+000
   3397.13238   2.15134665E+000
   3395.79860   2.08189581E+000
   3394.46482   2.01646810E+000
   3393.13104   1.95474125E+000
   3391.79727   1.89642507E+000
   3390.46349   1.84125776E+000
   3389.12971   1.78900259E+000
   3387.79593   1.73944511E+000
   3386.46215   1.69239065E+000
   3385.12838   1.64766218E+000
   3383.79460   1.60509840E+000
   3382.46082   1.56455213E+000
   3381.12704   1.52588877E+000
   3379.79326   1.48898510E+000
   3378.45949   1.45372809E+000
   3377.12571   1.42001390E+000
   3375.79193   1.38774701E+000
   3374.45815   1.35683942E+000
   3373.12437   1.32720994E+000
   3371.79060   1.29878355E+000
   3370.45682   1.27149086E+000
   3369.12304   1.24526758E+000
   3367.78926   1.22005409E+000
   3366.45549   1.19579504E+000
   3365.12171   1.17243894E+000
   3363.78793   1.14993791E+000
   3362.45415   1.12824730E+000
   3361.12037   1.10732546E+000
   3359.78660   1.08713352E+000
   3358.45282   1.06763512E+000
   3357.11904   1.04879625E+000
   3355.78526   1.03058506E+000
   3354.45148   1.01297168E+000
   3353.11771   9.95928071E-001
   3351.78393   9.79427920E-001
   3350.45015   9.63446473E-001
   3349.11637   9.47960444E-001
   3347.78259   9.32947906E-001
   3346.44882   9.18388189E-001
   3345.11504   9.04261801E-001
   3343.78126   8.90550339E-001
   3342.44748   8.77236419E-001
   3341.11370   8.64303606E-001
   3339.77993   8.51736350E-001
   3338.44615   8.39519930E-001
   3337.11237   8.27640398E-001
   3335.77859   8.16084532E-001
   3334.44481   8.04839786E-001
   3333.11104   7.93894251E-001
   3331.77726   7.83236613E-001
   3330.44348   7.72856120E-001
   3329.10970   7.62742545E-001
   3327.77593   7.52886153E-001
   3326.44215   7.43277677E-001
   3325.10837   7.33908286E-001
   3323.77459   7.24769563E-001
   3322.44081   7.15853478E-001
   3321.10704   7.07152369E-001
   3319.77326   6.98658918E-001
   3318.43948   6.90366138E-001
   3317.10570   6.82267345E-001
   3315.77192   6.74356153E-001
   3314.43815   6.66626449E-001
   3313.10437   6.59072381E-001
   3311.77059   6.51688348E-001
   3310.43681   6.44468980E-001
   3309.10303   6.37409134E-001
   3307.76926   6.30503875E-001
   3306.43548   6.23748469E-001
   3305.10170   6.17138375E-001
   3303.76792   6.10669230E-001
   3302.43414   6.04336845E-001
   3301.10037   5.98137194E-001
   3299.76659   5.92066408E-001
   3298.43281   5.86120766E-001
   3297.09903   5.80296687E-001
   3295.76526   5.74590725E-001
   3294.43148   5.68999565E-001
   3293.09770   5.63520011E-001
   3291.76392   5.58148987E-001
   3290.43014   5.52883527E-001
   3289.09637   5.47720770E-001
   3287.76259   5.42657962E-001
   3286.42881   5.37692440E-001
   3285.09503   5.32821639E-001
   3283.76125   5.28043080E-001
   3282.42748   5.23354372E-001
   3281.09370   5.18753204E-001
   3279.75992   5.14237342E-001
   3278.42614   5.09804630E-001
   3277.09236   5.05452981E-001
   3275.75859   5.01180377E-001
   3274.42481   4.96984868E-001
   3273.09103   4.92864566E-001
   3271.75725   4.88817644E-001
   3270.42347   4.84842333E-001
   3269.08970   4.80936921E-001
   3267.75592   4.77099748E-001
   3266.42214   4.73329207E-001
   3265.08836   4.69623742E-001
   3263.75458   4.65981843E-001
   3262.42081   4.62402046E-001
   3261.08703   4.58882931E-001
   3259.75325   4.55423123E-001
   3258.41947   4.52021286E-001
   3257.08570   4.48676124E-001
   3255.75192   4.45386378E-001
   3254.41814   4.42150828E-001
   3253.08436   4.38968288E-001
   3251.75058   4.35837605E-001
   3250.41681   4.32757660E-001
   3249.08303   4.29727367E-001
   3247.74925   4.26745669E-001
   3246.41547   4.23811538E-001
   3245.08169   4.20923976E-001
   3243.74792   4.18082011E-001
   3242.41414   4.15284700E-001
   3241.08036   4.12531123E-001
   3239.74658   4.09820386E-001
   3238.41280   4.07151619E-001
   3237.07903   4.04523975E-001
   3235.74525   4.01936630E-001
   3234.41147   3.99388781E-001
   3233.07769   3.96879647E-001
   3231.74391   3.94408465E-001
   3230.41014   3.91974495E-001
   3229.07636   3.89577013E-001
   3227.74258   3.87215315E-001
   3226.40880   3.84888714E-001
   3225.07503   3.82596542E-001
   3223.74125   3.80338146E-001
   3222.40747   3.78112889E-001
   3221.07369   3.75920151E-001
   3219.73991   3.73759327E-001
   3218.40614   3.71629827E-001
   3217.07236   3.69531074E-001
   3215.73858   3.67462506E-001
   3214.40480   3.65423574E-001
   3213.07102   3.63413742E-001
   3211.73725   3.61432489E-001
   3210.40347   3.59479303E-001
   3209.06969   3.57553685E-001
   3207.73591   3.55655149E-001
   3206.40213   3.53783219E-001
   3205.06836   3.51937430E-001
   3203.73458   3.50117329E-001
   3202.40080   3.48322471E-001
   3201.06702   3.46552422E-001
   3199.73324   3.44806760E-001
   3198.39947   3.43085070E-001
   3197.06569   3.41386947E-001
   3195.73191   3.39711994E-001
   3194.39813   3.38059824E-001
   3193.06435   3.36430060E-001
   3191.73058   3.34822329E-001
   3190.39680   3.33236270E-001
   3189.06302   3.31671528E-001
   3187.72924   3.30127756E-001
   3186.39547   3.28604615E-001
   3185.06169   3.27101772E-001
   3183.72791   3.25618902E-001
   3182.39413   3.24155686E-001
   3181.06035   3.22711814E-001
   3179.72658   3.21286980E-001
   3178.39280   3.19880884E-001
   3177.05902   3.18493235E-001
   3175.72524   3.17123746E-001
   3174.39146   3.15772135E-001
   3173.05769   3.14438129E-001
   3171.72391   3.13121457E-001
   3170.39013   3.11821856E-001
   3169.05635   3.10539067E-001
   3167.72257   3.09272837E-001
   3166.38880   3.08022916E-001
   3165.05502   3.06789063E-001
   3163.72124   3.05571037E-001
   3162.38746   3.04368604E-001
   3161.05368   3.03181537E-001
   3159.71991   3.02009609E-001
   3158.38613   3.00852600E-001
   3157.05235   2.99710294E-001
   3155.71857   2.98582478E-001
   3154.38479   2.97468945E-001
   3153.05102   2.96369490E-001
   3151.71724   2.95283913E-001
   3150.38346   2.94212018E-001
   3149.04968   2.93153612E-001
   3147.71591   2.92108505E-001
   3146.38213   2.91076513E-001
   3145.04835   2.90057453E-001
   3143.71457   2.89051146E-001
   3142.38079   2.88057417E-001
   3141.04702   2.87076093E-001
   3139.71324   2.86107006E-001
   3138.37946   2.85149989E-001
   3137.04568   2.84204879E-001
   3135.71190   2.83271517E-001
   3134.37813   2.82349745E-001
   3133.04435   2.81439408E-001
   3131.71057   2.80540356E-001
   3130.37679   2.79652439E-001
   3129.04301   2.78775510E-001
   3127.70924   2.77909427E-001
   3126.37546   2.77054048E-001
   3125.04168   2.76209235E-001
   3123.70790   2.75374850E-001
   3122.37412   2.74550761E-001
   3121.04035   2.73736835E-001
   3119.70657   2.72932944E-001
   3118.37279   2.72138960E-001
   3117.03901   2.71354758E-001
   3115.70524   2.70580215E-001
   3114.37146   2.69815212E-001
   3113.03768   2.69059629E-001
   3111.70390   2.68313349E-001
   3110.37012   2.67576259E-001
   3109.03635   2.66848244E-001
   3107.70257   2.66129195E-001
   3106.36879   2.65419002E-001
   3105.03501   2.64717558E-001
   3103.70123   2.64024758E-001
   3102.36746   2.63340497E-001
   3101.03368   2.62664675E-001
   3099.69990   2.61997190E-001
   3098.36612   2.61337945E-001
   3097.03234   2.60686841E-001
   3095.69857   2.60043783E-001
   3094.36479   2.59408678E-001
   3093.03101   2.58781433E-001
   3091.69723   2.58161957E-001
   3090.36345   2.57550160E-001
   3089.02968   2.56945955E-001
   3087.69590   2.56349254E-001
   3086.36212   2.55759973E-001
   3085.02834   2.55178027E-001
   3083.69456   2.54603334E-001
   3082.36079   2.54035813E-001
   3081.02701   2.53475383E-001
   3079.69323   2.52921965E-001
   3078.35945   2.52375483E-001
   3077.02568   2.51835859E-001
   3075.69190   2.51303018E-001
   3074.35812   2.50776887E-001
   3073.02434   2.50257392E-001
   3071.69056   2.49744462E-001
   3070.35679   2.49238026E-001
   3069.02301   2.48738015E-001
   3067.68923   2.48244359E-001
   3066.35545   2.47756991E-001
   3065.02167   2.47275846E-001
   3063.68790   2.46800856E-001
   3062.35412   2.46331959E-001
   3061.02034   2.45869089E-001
   3059.68656   2.45412186E-001
   3058.35278   2.44961186E-001
   3057.01901   2.44516030E-001
   3055.68523   2.44076657E-001
   3054.35145   2.43643008E-001
   3053.01767   2.43215026E-001
   3051.68389   2.42792653E-001
   3050.35012   2.42375833E-001
   3049.01634   2.41964510E-001
   3047.68256   2.41558630E-001
   3046.34878   2.41158138E-001
   3045.01501   2.40762982E-001
   3043.68123   2.40373108E-001
   3042.34745   2.39988466E-001
   3041.01367   2.39609004E-001
   3039.67989   2.39234672E-001
   3038.34612   2.38865421E-001
   3037.01234   2.38501202E-001
   3035.67856   2.38141967E-001
   3034.34478   2.37787669E-001
   3033.01100   2.37438261E-001
   3031.67723   2.37093696E-001
   3030.34345   2.36753931E-001
   3029.00967   2.36418919E-001
   3027.67589   2.36088617E-001
   3026.34211   2.35762981E-001
   3025.00834   2.35441968E-001
   3023.67456   2.35125537E-001
   3022.34078   2.34813645E-001
   3021.00700   2.34506251E-001
   3019.67322   2.34203316E-001
   3018.33945   2.33904798E-001
   3017.00567   2.33610658E-001
   3015.67189   2.33320859E-001
   3014.33811   2.33035360E-001
   3013.00433   2.32754125E-001
   3011.67056   2.32477117E-001
   3010.33678   2.32204297E-001
   3009.00300   2.31935631E-001
   3007.66922   2.31671083E-001
   3006.33545   2.31410616E-001
   3005.00167   2.31154197E-001
   3003.66789   2.30901791E-001
   3002.33411   2.30653364E-001
   3001.00033   2.30408883E-001
   2999.66656   2.30168315E-001
   2998.33278   2.29931627E-001
   2996.99900   2.29698788E-001
   2995.66522   2.29469765E-001
   2994.33144   2.29244527E-001
   2992.99767   2.29023045E-001
   2991.66389   2.28805286E-001
   2990.33011   2.28591222E-001
   2988.99633   2.28380823E-001
   2987.66255   2.28174059E-001
   2986.32878   2.27970903E-001
   2984.99500   2.27771324E-001
   2983.66122   2.27575296E-001
   2982.32744   2.27382791E-001
   2980.99366   2.27193782E-001
   2979.65989   2.27008241E-001
   2978.32611   2.26826142E-001
   2976.99233   2.26647459E-001
   2975.65855   2.26472166E-001
   2974.32477   2.26300237E-001
   2972.99100   2.26131648E-001
   2971.65722   2.25966373E-001
   2970.32344   2.25804388E-001
   2968.98966   2.25645668E-001
   2967.65589   2.25490191E-001
   2966.32211   2.25337931E-001
   2964.98833   2.25188867E-001
   2963.65455   2.25042975E-001
   2962.32077   2.24900232E-001
   2960.98700   2.24760616E-001
   2959.65322   2.24624104E-001
   2958.31944   2.24490676E-001
   2956.98566   2.24360310E-001
   2955.65188   2.24232984E-001
   2954.31811   2.24108677E-001
   2952.98433   2.23987370E-001
   2951.65055   2.23869040E-001
   2950.31677   2.23753669E-001
   2948.98299   2.23641237E-001
   2947.64922   2.23531723E-001
   2946.31544   2.23425108E-001
   2944.98166   2.23321374E-001
   2943.64788   2.23220501E-001
   2942.31410   2.23122472E-001
   2940.98033   2.23027266E-001
   2939.64655   2.22934867E-001
   2938.31277   2.22845257E-001
   2936.97899   2.22758417E-001
   2935.64522   2.22674330E-001
   2934.31144   2.22592980E-001
   2932.97766   2.22514349E-001
   2931.64388   2.22438420E-001
   2930.31010   2.22365177E-001
   2928.97633   2.22294603E-001
   2927.64255   2.22226683E-001
   2926.30877   2.22161401E-001
   2924.97499   2.22098740E-001
   2923.64121   2.22038685E-001
   2922.30744   2.21981221E-001
   2920.97366   2.21926333E-001
   2919.63988   2.21874007E-001
   2918.30610   2.21824226E-001
   2916.97232   2.21776977E-001
   2915.63855   2.21732246E-001
   2914.30477   2.21690017E-001
   2912.97099   2.21650278E-001
   2911.63721   2.21613015E-001
   2910.30343   2.21578214E-001
   2908.96966   2.21545861E-001
   2907.63588   2.21515943E-001
   2906.30210   2.21488448E-001
   2904.96832   2.21463362E-001
   2903.63454   2.21440673E-001
   2902.30077   2.21420368E-001
   2900.96699   2.21402435E-001
   2899.63321   2.21386861E-001
   2898.29943   2.21373634E-001
   2896.96566   2.21362743E-001
   2895.63188   2.21354176E-001
   2894.29810   2.21347921E-001
   2892.96432   2.21343967E-001
   2891.63054   2.21342302E-001
   2890.29677   2.21342916E-001
   2888.96299   2.21345797E-001
   2887.62921   2.21350935E-001
   2886.29543   2.21358318E-001
   2884.96165   2.21367937E-001
   2883.62788   2.21379781E-001
   2882.29410   2.21393840E-001
   2880.96032   2.21410103E-001
   2879.62654   2.21428561E-001
   2878.29276   2.21449203E-001
   2876.95899   2.21472021E-001
   2875.62521   2.21497004E-001
   2874.29143   2.21524144E-001
   2872.95765   2.21553430E-001
   2871.62387   2.21584853E-001
   2870.29010   2.21618406E-001
   2868.95632   2.21654077E-001
   2867.62254   2.21691860E-001
   2866.28876   2.21731745E-001
   2864.95498   2.21773724E-001
   2863.62121   2.21817787E-001
   2862.28743   2.21863928E-001
   2860.95365   2.21912137E-001
   2859.61987   2.21962407E-001
   2858.28610   2.22014730E-001
   2856.95232   2.22069097E-001
   2855.61854   2.22125502E-001
   2854.28476   2.22183936E-001
   2852.95098   2.22244392E-001
   2851.61721   2.22306862E-001
   2850.28343   2.22371340E-001
   2848.94965   2.22437818E-001
   2847.61587   2.22506289E-001
   2846.28209   2.22576746E-001
   2844.94832   2.22649183E-001
   2843.61454   2.22723592E-001
   2842.28076   2.22799967E-001
   2840.94698   2.22878301E-001
   2839.61320   2.22958589E-001
   2838.27943   2.23040822E-001
   2836.94565   2.23124996E-001
   2835.61187   2.23211105E-001
   2834.27809   2.23299141E-001
   2832.94431   2.23389100E-001
   2831.61054   2.23480975E-001
   2830.27676   2.23574760E-001
   2828.94298   2.23670451E-001
   2827.60920   2.23768040E-001
   2826.27543   2.23867524E-001
   2824.94165   2.23968896E-001
   2823.60787   2.24072151E-001
   2822.27409   2.24177285E-001
   2820.94031   2.24284291E-001
   2819.60654   2.24393165E-001
   2818.27276   2.24503902E-001
   2816.93898   2.24616497E-001
   2815.60520   2.24730945E-001
   2814.27142   2.24847242E-001
   2812.93765   2.24965383E-001
   2811.60387   2.25085363E-001
   2810.27009   2.25207178E-001
   2808.93631   2.25330824E-001
   2807.60253   2.25456297E-001
   2806.26876   2.25583592E-001
   2804.93498   2.25712705E-001
   2803.60120   2.25843632E-001
   2802.26742   2.25976369E-001
   2800.93364   2.26110913E-001
   2799.59987   2.26247259E-001
   2798.26609   2.26385404E-001
   2796.93231   2.26525345E-001
   2795.59853   2.26667076E-001
   2794.26475   2.26810597E-001
   2792.93098   2.26955901E-001
   2791.59720   2.27102988E-001
   2790.26342   2.27251852E-001
   2788.92964   2.27402492E-001
   2787.59587   2.27554903E-001
   2786.26209   2.27709083E-001
   2784.92831   2.27865029E-001
   2783.59453   2.28022738E-001
   2782.26075   2.28182208E-001
   2780.92698   2.28343434E-001
   2779.59320   2.28506416E-001
   2778.25942   2.28671149E-001
   2776.92564   2.28837632E-001
   2775.59186   2.29005862E-001
   2774.25809   2.29175837E-001
   2772.92431   2.29347554E-001
   2771.59053   2.29521012E-001
   2770.25675   2.29696207E-001
   2768.92297   2.29873138E-001
   2767.58920   2.30051802E-001
   2766.25542   2.30232198E-001
   2764.92164   2.30414324E-001
   2763.58786   2.30598178E-001
   2762.25408   2.30783758E-001
   2760.92031   2.30971061E-001
   2759.58653   2.31160088E-001
   2758.25275   2.31350836E-001
   2756.91897   2.31543302E-001
   2755.58520   2.31737487E-001
   2754.25142   2.31933388E-001
   2752.91764   2.32131005E-001
   2751.58386   2.32330335E-001
   2750.25008   2.32531377E-001
   2748.91631   2.32734131E-001
   2747.58253   2.32938595E-001
   2746.24875   2.33144769E-001
   2744.91497   2.33352650E-001
   2743.58119   2.33562239E-001
   2742.24742   2.33773534E-001
   2740.91364   2.33986534E-001
   2739.57986   2.34201239E-001
   2738.24608   2.34417648E-001
   2736.91230   2.34635760E-001
   2735.57853   2.34855575E-001
   2734.24475   2.35077092E-001
   2732.91097   2.35300310E-001
   2731.57719   2.35525230E-001
   2730.24341   2.35751851E-001
   2728.90964   2.35980173E-001
   2727.57586   2.36210194E-001
   2726.24208   2.36441916E-001
   2724.90830   2.36675338E-001
   2723.57452   2.36910460E-001
   2722.24075   2.37147281E-001
   2720.90697   2.37385803E-001
   2719.57319   2.37626024E-001
   2718.23941   2.37867945E-001
   2716.90564   2.38111567E-001
   2715.57186   2.38356889E-001
   2714.23808   2.38603912E-001
   2712.90430   2.38852636E-001
   2711.57052   2.39103062E-001
   2710.23675   2.39355189E-001
   2708.90297   2.39609020E-001
   2707.56919   2.39864553E-001
   2706.23541   2.40121790E-001
   2704.90163   2.40380731E-001
   2703.56786   2.40641377E-001
   2702.23408   2.40903730E-001
   2700.90030   2.41167789E-001
   2699.56652   2.41433555E-001
   2698.23274   2.41701030E-001
   2696.89897   2.41970215E-001
   2695.56519   2.42241110E-001
   2694.23141   2.42513717E-001
   2692.89763   2.42788036E-001
   2691.56385   2.43064070E-001
   2690.23008   2.43341818E-001
   2688.89630   2.43621284E-001
   2687.56252   2.43902467E-001
   2686.22874   2.44185369E-001
   2684.89496   2.44469992E-001
   2683.56119   2.44756338E-001
   2682.22741   2.45044407E-001
   2680.89363   2.45334201E-001
   2679.55985   2.45625723E-001
   2678.22608   2.45918973E-001
   2676.89230   2.46213954E-001
   2675.55852   2.46510667E-001
   2674.22474   2.46809114E-001
   2672.89096   2.47109298E-001
   2671.55719   2.47411219E-001
   2670.22341   2.47714881E-001
   2668.88963   2.48020284E-001
   2667.55585   2.48327432E-001
   2666.22207   2.48636327E-001
   2664.88830   2.48946970E-001
   2663.55452   2.49259364E-001
   2662.22074   2.49573511E-001
   2660.88696   2.49889414E-001
   2659.55318   2.50207074E-001
   2658.21941   2.50526495E-001
   2656.88563   2.50847680E-001
   2655.55185   2.51170629E-001
   2654.21807   2.51495347E-001
   2652.88429   2.51821836E-001
   2651.55052   2.52150098E-001
   2650.21674   2.52480137E-001
   2648.88296   2.52811955E-001
   2647.54918   2.53145555E-001
   2646.21541   2.53480939E-001
   2644.88163   2.53818112E-001
   2643.54785   2.54157076E-001
   2642.21407   2.54497833E-001
   2640.88029   2.54840388E-001
   2639.54652   2.55184743E-001
   2638.21274   2.55530902E-001
   2636.87896   2.55878867E-001
   2635.54518   2.56228643E-001
   2634.21140   2.56580232E-001
   2632.87763   2.56933638E-001
   2631.54385   2.57288864E-001
   2630.21007   2.57645915E-001
   2628.87629   2.58004792E-001
   2627.54251   2.58365501E-001
   2626.20874   2.58728045E-001
   2624.87496   2.59092428E-001
   2623.54118   2.59458653E-001
   2622.20740   2.59826724E-001
   2620.87362   2.60196645E-001
   2619.53985   2.60568420E-001
   2618.20607   2.60942053E-001
   2616.87229   2.61317548E-001
   2615.53851   2.61694909E-001
   2614.20473   2.62074141E-001
   2612.87096   2.62455247E-001
   2611.53718   2.62838232E-001
   2610.20340   2.63223100E-001
   2608.86962   2.63609855E-001
   2607.53585   2.63998502E-001
   2606.20207   2.64389045E-001
   2604.86829   2.64781489E-001
   2603.53451   2.65175839E-001
   2602.20073   2.65572098E-001
   2600.86696   2.65970272E-001
   2599.53318   2.66370366E-001
   2598.19940   2.66772383E-001
   2596.86562   2.67176330E-001
   2595.53184   2.67582210E-001
   2594.19807   2.67990029E-001
   2592.86429   2.68399792E-001
   2591.53051   2.68811504E-001
   2590.19673   2.69225170E-001
   2588.86295   2.69640795E-001
   2587.52918   2.70058384E-001
   2586.19540   2.70477943E-001
   2584.86162   2.70899476E-001
   2583.52784   2.71322990E-001
   2582.19406   2.71748490E-001
   2580.86029   2.72175980E-001
   2579.52651   2.72605468E-001
   2578.19273   2.73036958E-001
   2576.85895   2.73470456E-001
   2575.52518   2.73905967E-001
   2574.19140   2.74343498E-001
   2572.85762   2.74783055E-001
   2571.52384   2.75224642E-001
   2570.19006   2.75668267E-001
   2568.85629   2.76113935E-001
   2567.52251   2.76561652E-001
   2566.18873   2.77011424E-001
   2564.85495   2.77463258E-001
   2563.52117   2.77917159E-001
   2562.18740   2.78373134E-001
   2560.85362   2.78831190E-001
   2559.51984   2.79291333E-001
   2558.18606   2.79753568E-001
   2556.85228   2.80217904E-001
   2555.51851   2.80684346E-001
   2554.18473   2.81152900E-001
   2552.85095   2.81623575E-001
   2551.51717   2.82096376E-001
   2550.18339   2.82571310E-001
   2548.84962   2.83048384E-001
   2547.51584   2.83527606E-001
   2546.18206   2.84008981E-001
   2544.84828   2.84492518E-001
   2543.51450   2.84978223E-001
   2542.18073   2.85466104E-001
   2540.84695   2.85956167E-001
   2539.51317   2.86448421E-001
   2538.17939   2.86942872E-001
   2536.84562   2.87439528E-001
   2535.51184   2.87938397E-001
   2534.17806   2.88439486E-001
   2532.84428   2.88942803E-001
   2531.51050   2.89448355E-001
   2530.17673   2.89956150E-001
   2528.84295   2.90466196E-001
   2527.50917   2.90978502E-001
   2526.17539   2.91493075E-001
   2524.84161   2.92009922E-001
   2523.50784   2.92529053E-001
   2522.17406   2.93050475E-001
   2520.84028   2.93574197E-001
   2519.50650   2.94100227E-001
   2518.17272   2.94628573E-001
   2516.83895   2.95159244E-001
   2515.50517   2.95692248E-001
   2514.17139   2.96227594E-001
   2512.83761   2.96765291E-001
   2511.50383   2.97305347E-001
   2510.17006   2.97847771E-001
   2508.83628   2.98392573E-001
   2507.50250   2.98939760E-001
   2506.16872   2.99489342E-001
   2504.83494   3.00041329E-001
   2503.50117   3.00595729E-001
   2502.16739   3.01152552E-001
   2500.83361   3.01711806E-001
   2499.49983   3.02273502E-001
   2498.16606   3.02837649E-001
   2496.83228   3.03404256E-001
   2495.49850   3.03973333E-001
   2494.16472   3.04544890E-001
   2492.83094   3.05118937E-001
   2491.49717   3.05695483E-001
   2490.16339   3.06274538E-001
   2488.82961   3.06856112E-001
   2487.49583   3.07440217E-001
   2486.16205   3.08026860E-001
   2484.82828   3.08616054E-001
   2483.49450   3.09207808E-001
   2482.16072   3.09802133E-001
   2480.82694   3.10399038E-001
   2479.49316   3.10998536E-001
   2478.15939   3.11600636E-001
   2476.82561   3.12205350E-001
   2475.49183   3.12812687E-001
   2474.15805   3.13422660E-001
   2472.82427   3.14035279E-001
   2471.49050   3.14650555E-001
   2470.15672   3.15268499E-001
   2468.82294   3.15889123E-001
   2467.48916   3.16512437E-001
   2466.15539   3.17138455E-001
   2464.82161   3.17767186E-001
   2463.48783   3.18398643E-001
   2462.15405   3.19032838E-001
   2460.82027   3.19669781E-001
   2459.48650   3.20309486E-001
   2458.15272   3.20951964E-001
   2456.81894   3.21597227E-001
   2455.48516   3.22245287E-001
   2454.15138   3.22896158E-001
   2452.81761   3.23549850E-001
   2451.48383   3.24206377E-001
   2450.15005   3.24865751E-001
   2448.81627   3.25527984E-001
   2447.48249   3.26193091E-001
   2446.14872   3.26861083E-001
   2444.81494   3.27531973E-001
   2443.48116   3.28205775E-001
   2442.14738   3.28882501E-001
   2440.81360   3.29562165E-001
   2439.47983   3.30244781E-001
   2438.14605   3.30930362E-001
   2436.81227   3.31618921E-001
   2435.47849   3.32310472E-001
   2434.14471   3.33005029E-001
   2432.81094   3.33702605E-001
   2431.47716   3.34403216E-001
   2430.14338   3.35106875E-001
   2428.80960   3.35813595E-001
   2427.47583   3.36523392E-001
   2426.14205   3.37236281E-001
   2424.80827   3.37952274E-001
   2423.47449   3.38671388E-001
   2422.14071   3.39393637E-001
   2420.80694   3.40119036E-001
   2419.47316   3.40847600E-001
   2418.13938   3.41579344E-001
   2416.80560   3.42314284E-001
   2415.47182   3.43052434E-001
   2414.13805   3.43793810E-001
   2412.80427   3.44538428E-001
   2411.47049   3.45286304E-001
   2410.13671   3.46037454E-001
   2408.80293   3.46791892E-001
   2407.46916   3.47549637E-001
   2406.13538   3.48310703E-001
   2404.80160   3.49075107E-001
   2403.46782   3.49842867E-001
   2402.13404   3.50613997E-001
   2400.80027   3.51388515E-001
   2399.46649   3.52166439E-001
   2398.13271   3.52947784E-001
   2396.79893   3.53732569E-001
   2395.46516   3.54520810E-001
   2394.13138   3.55312525E-001
   2392.79760   3.56107731E-001
   2391.46382   3.56906446E-001
   2390.13004   3.57708689E-001
   2388.79627   3.58514476E-001
   2387.46249   3.59323826E-001
   2386.12871   3.60136758E-001
   2384.79493   3.60953289E-001
   2383.46115   3.61773439E-001
   2382.12738   3.62597225E-001
   2380.79360   3.63424668E-001
   2379.45982   3.64255785E-001
   2378.12604   3.65090596E-001
   2376.79226   3.65929121E-001
   2375.45849   3.66771378E-001
   2374.12471   3.67617388E-001
   2372.79093   3.68467170E-001
   2371.45715   3.69320744E-001
   2370.12337   3.70178130E-001
   2368.78960   3.71039349E-001
   2367.45582   3.71904420E-001
   2366.12204   3.72773365E-001
   2364.78826   3.73646204E-001
   2363.45448   3.74522958E-001
   2362.12071   3.75403648E-001
   2360.78693   3.76288296E-001
   2359.45315   3.77176922E-001
   2358.11937   3.78069549E-001
   2356.78560   3.78966198E-001
   2355.45182   3.79866891E-001
   2354.11804   3.80771650E-001
   2352.78426   3.81680498E-001
   2351.45048   3.82593457E-001
   2350.11671   3.83510549E-001
   2348.78293   3.84431799E-001
   2347.44915   3.85357227E-001
   2346.11537   3.86286859E-001
   2344.78159   3.87220717E-001
   2343.44782   3.88158824E-001
   2342.11404   3.89101206E-001
   2340.78026   3.90047885E-001
   2339.44648   3.90998886E-001
   2338.11270   3.91954233E-001
   2336.77893   3.92913951E-001
   2335.44515   3.93878065E-001
   2334.11137   3.94846599E-001
   2332.77759   3.95819580E-001
   2331.44381   3.96797032E-001
   2330.11004   3.97778980E-001
   2328.77626   3.98765452E-001
   2327.44248   3.99756473E-001
   2326.10870   4.00752068E-001
   2324.77492   4.01752266E-001
   2323.44115   4.02757092E-001
   2322.10737   4.03766574E-001
   2320.77359   4.04780738E-001
   2319.43981   4.05799612E-001
   2318.10604   4.06823224E-001
   2316.77226   4.07851602E-001
   2315.43848   4.08884773E-001
   2314.10470   4.09922767E-001
   2312.77092   4.10965611E-001
   2311.43715   4.12013335E-001
   2310.10337   4.13065967E-001
   2308.76959   4.14123538E-001
   2307.43581   4.15186076E-001
   2306.10203   4.16253612E-001
   2304.76826   4.17326175E-001
   2303.43448   4.18403796E-001
   2302.10070   4.19486506E-001
   2300.76692   4.20574335E-001
   2299.43314   4.21667315E-001
   2298.09937   4.22765478E-001
   2296.76559   4.23868854E-001
   2295.43181   4.24977476E-001
   2294.09803   4.26091376E-001
   2292.76425   4.27210586E-001
   2291.43048   4.28335141E-001
   2290.09670   4.29465072E-001
   2288.76292   4.30600413E-001
   2287.42914   4.31741198E-001
   2286.09537   4.32887460E-001
   2284.76159   4.34039235E-001
   2283.42781   4.35196557E-001
   2282.09403   4.36359461E-001
   2280.76025   4.37527981E-001
   2279.42648   4.38702155E-001
   2278.09270   4.39882016E-001
   2276.75892   4.41067603E-001
   2275.42514   4.42258950E-001
   2274.09136   4.43456096E-001
   2272.75759   4.44659077E-001
   2271.42381   4.45867931E-001
   2270.09003   4.47082695E-001
   2268.75625   4.48303409E-001
   2267.42247   4.49530110E-001
   2266.08870   4.50762838E-001
   2264.75492   4.52001631E-001
   2263.42114   4.53246530E-001
   2262.08736   4.54497575E-001
   2260.75358   4.55754805E-001
   2259.41981   4.57018262E-001
   2258.08603   4.58287986E-001
   2256.75225   4.59564020E-001
   2255.41847   4.60846405E-001
   2254.08469   4.62135184E-001
   2252.75092   4.63430398E-001
   2251.41714   4.64732092E-001
   2250.08336   4.66040309E-001
   2248.74958   4.67355093E-001
   2247.41581   4.68676488E-001
   2246.08203   4.70004538E-001
   2244.74825   4.71339290E-001
   2243.41447   4.72680788E-001
   2242.08069   4.74029079E-001
   2240.74692   4.75384209E-001
   2239.41314   4.76746226E-001
   2238.07936   4.78115175E-001
   2236.74558   4.79491107E-001
   2235.41180   4.80874068E-001
   2234.07803   4.82264107E-001
   2232.74425   4.83661274E-001
   2231.41047   4.85065619E-001
   2230.07669   4.86477191E-001
   2228.74291   4.87896042E-001
   2227.40914   4.89322222E-001
   2226.07536   4.90755784E-001
   2224.74158   4.92196779E-001
   2223.40780   4.93645261E-001
   2222.07402   4.95101282E-001
   2220.74025   4.96564897E-001
   2219.40647   4.98036160E-001
   2218.07269   4.99515125E-001
   2216.73891   5.01001849E-001
   2215.40514   5.02496386E-001
   2214.07136   5.03998794E-001
   2212.73758   5.05509131E-001
   2211.40380   5.07027452E-001
   2210.07002   5.08553818E-001
   2208.73625   5.10088286E-001
   2207.40247   5.11630917E-001
   2206.06869   5.13181770E-001
   2204.73491   5.14740906E-001
   2203.40113   5.16308387E-001
   2202.06736   5.17884274E-001
   2200.73358   5.19468631E-001
   2199.39980   5.21061519E-001
   2198.06602   5.22663005E-001
   2196.73224   5.24273151E-001
   2195.39847   5.25892024E-001
   2194.06469   5.27519690E-001
   2192.73091   5.29156214E-001
   2191.39713   5.30801665E-001
   2190.06335   5.32456110E-001
   2188.72958   5.34119620E-001
   2187.39580   5.35792262E-001
   2186.06202   5.37474107E-001
   2184.72824   5.39165227E-001
   2183.39446   5.40865694E-001
   2182.06069   5.42575579E-001
   2180.72691   5.44294957E-001
   2179.39313   5.46023902E-001
   2178.05935   5.47762489E-001
   2176.72558   5.49510793E-001
   2175.39180   5.51268891E-001
   2174.05802   5.53036861E-001
   2172.72424   5.54814782E-001
   2171.39046   5.56602732E-001
   2170.05669   5.58400792E-001
   2168.72291   5.60209043E-001
   2167.38913   5.62027566E-001
   2166.05535   5.63856445E-001
   2164.72157   5.65695764E-001
   2163.38780   5.67545607E-001
   2162.05402   5.69406060E-001
   2160.72024   5.71277209E-001
   2159.38646   5.73159143E-001
   2158.05268   5.75051950E-001
   2156.71891   5.76955720E-001
   2155.38513   5.78870544E-001
   2154.05135   5.80796513E-001
   2152.71757   5.82733721E-001
   2151.38379   5.84682261E-001
   2150.05002   5.86642229E-001
   2148.71624   5.88613720E-001
   2147.38246   5.90596832E-001
   2146.04868   5.92591664E-001
   2144.71490   5.94598315E-001
   2143.38113   5.96616886E-001
   2142.04735   5.98647479E-001
   2140.71357   6.00690197E-001
   2139.37979   6.02745145E-001
   2138.04602   6.04812429E-001
   2136.71224   6.06892155E-001
   2135.37846   6.08984433E-001
   2134.04468   6.11089371E-001
   2132.71090   6.13207081E-001
   2131.37713   6.15337675E-001
   2130.04335   6.17481267E-001
   2128.70957   6.19637972E-001
   2127.37579   6.21807907E-001
   2126.04201   6.23991190E-001
   2124.70824   6.26187940E-001
   2123.37446   6.28398279E-001
   2122.04068   6.30622329E-001
   2120.70690   6.32860214E-001
   2119.37312   6.35112060E-001
   2118.03935   6.37377994E-001
   2116.70557   6.39658146E-001
   2115.37179   6.41952646E-001
   2114.03801   6.44261626E-001
   2112.70423   6.46585220E-001
   2111.37046   6.48923564E-001
   2110.03668   6.51276795E-001
   2108.70290   6.53645054E-001
   2107.36912   6.56028480E-001
   2106.03535   6.58427218E-001
   2104.70157   6.60841412E-001
   2103.36779   6.63271208E-001
   2102.03401   6.65716757E-001
   2100.70023   6.68178208E-001
   2099.36646   6.70655714E-001
   2098.03268   6.73149431E-001
   2096.69890   6.75659515E-001
   2095.36512   6.78186126E-001
   2094.03134   6.80729425E-001
   2092.69757   6.83289576E-001
   2091.36379   6.85866743E-001
   2090.03001   6.88461097E-001
   2088.69623   6.91072806E-001
   2087.36245   6.93702044E-001
   2086.02868   6.96348987E-001
   2084.69490   6.99013811E-001
   2083.36112   7.01696698E-001
   2082.02734   7.04397829E-001
   2080.69356   7.07117391E-001
   2079.35979   7.09855572E-001
   2078.02601   7.12612562E-001
   2076.69223   7.15388555E-001
   2075.35845   7.18183748E-001
   2074.02467   7.20998339E-001
   2072.69090   7.23832531E-001
   2071.35712   7.26686529E-001
   2070.02334   7.29560541E-001
   2068.68956   7.32454778E-001
   2067.35579   7.35369455E-001
   2066.02201   7.38304790E-001
   2064.68823   7.41261003E-001
   2063.35445   7.44238319E-001
   2062.02067   7.47236964E-001
   2060.68690   7.50257172E-001
   2059.35312   7.53299175E-001
   2058.01934   7.56363212E-001
   2056.68556   7.59449526E-001
   2055.35178   7.62558361E-001
   2054.01801   7.65689968E-001
   2052.68423   7.68844600E-001
   2051.35045   7.72022514E-001
   2050.01667   7.75223971E-001
   2048.68289   7.78449238E-001
   2047.34912   7.81698585E-001
   2046.01534   7.84972284E-001
   2044.68156   7.88270617E-001
   2043.34778   7.91593864E-001
   2042.01400   7.94942314E-001
   2040.68023   7.98316260E-001
   2039.34645   8.01715999E-001
   2038.01267   8.05141832E-001
   2036.67889   8.08594068E-001
   2035.34512   8.12073018E-001
   2034.01134   8.15579000E-001
   2032.67756   8.19112337E-001
   2031.34378   8.22673356E-001
   2030.01000   8.26262393E-001
   2028.67623   8.29879786E-001
   2027.34245   8.33525882E-001
   2026.00867   8.37201031E-001
   2024.67489   8.40905590E-001
   2023.34111   8.44639925E-001
   2022.00734   8.48404404E-001
   2020.67356   8.52199404E-001
   2019.33978   8.56025309E-001
   2018.00600   8.59882509E-001
   2016.67222   8.63771400E-001
   2015.33845   8.67692387E-001
   2014.00467   8.71645881E-001
   2012.67089   8.75632301E-001
   2011.33711   8.79652075E-001
   2010.00333   8.83705635E-001
   2008.66956   8.87793425E-001
   2007.33578   8.91915896E-001
   2006.00200   8.96073506E-001
   2004.66822   9.00266722E-001
   2003.33444   9.04496022E-001
   2002.00067   9.08761891E-001
   2000.66689   9.13064824E-001
   1999.33311   9.17405324E-001
   1997.99933   9.21783905E-001
   1996.66556   9.26201092E-001
   1995.33178   9.30657419E-001
   1993.99800   9.35153429E-001
   1992.66422   9.39689678E-001
   1991.33044   9.44266732E-001
   1989.99667   9.48885169E-001
   1988.66289   9.53545578E-001
   1987.32911   9.58248559E-001
   1985.99533   9.62994725E-001
   1984.66155   9.67784702E-001
   1983.32778   9.72619128E-001
   1981.99400   9.77498655E-001
   1980.66022   9.82423947E-001
   1979.32644   9.87395683E-001
   1977.99266   9.92414556E-001
   1976.65889   9.97481274E-001
   1975.32511   1.00259656E+000
   1973.99133   1.00776115E+000
   1972.65755   1.01297580E+000
   1971.32377   1.01824127E+000
   1969.99000   1.02355837E+000
   1968.65622   1.02892788E+000
   1967.32244   1.03435063E+000
   1965.98866   1.03982746E+000
   1964.65488   1.04535923E+000
   1963.32111   1.05094682E+000
   1961.98733   1.05659112E+000
   1960.65355   1.06229305E+000
   1959.31977   1.06805355E+000
   1957.98600   1.07387358E+000
   1956.65222   1.07975412E+000
   1955.31844   1.08569617E+000
   1953.98466   1.09170077E+000
   1952.65088   1.09776897E+000
   1951.31711   1.10390184E+000
   1949.98333   1.11010048E+000
   1948.64955   1.11636603E+000
   1947.31577   1.12269964E+000
   1945.98199   1.12910250E+000
   1944.64822   1.13557581E+000
   1943.31444   1.14212083E+000
   1941.98066   1.14873882E+000
   1940.64688   1.15543109E+000
   1939.31310   1.16219899E+000
   1937.97933   1.16904387E+000
   1936.64555   1.17596715E+000
   1935.31177   1.18297027E+000
   1933.97799   1.19005471E+000
   1932.64421   1.19722198E+000
   1931.31044   1.20447365E+000
   1929.97666   1.21181131E+000
   1928.64288   1.21923660E+000
   1927.30910   1.22675121E+000
   1925.97533   1.23435686E+000
   1924.64155   1.24205533E+000
   1923.30777   1.24984845E+000
   1921.97399   1.25773808E+000
   1920.64021   1.26572615E+000
   1919.30644   1.27381463E+000
   1917.97266   1.28200557E+000
   1916.63888   1.29030106E+000
   1915.30510   1.29870323E+000
   1913.97132   1.30721430E+000
   1912.63755   1.31583655E+000
   1911.30377   1.32457231E+000
   1909.96999   1.33342399E+000
   1908.63621   1.34239407E+000
   1907.30243   1.35148510E+000
   1905.96866   1.36069971E+000
   1904.63488   1.37004060E+000
   1903.30110   1.37951056E+000
   1901.96732   1.38911246E+000
   1900.63354   1.39884926E+000
   1899.29977   1.40872401E+000
   1897.96599   1.41873985E+000
   1896.63221   1.42890003E+000
   1895.29843   1.43920790E+000
   1893.96465   1.44966691E+000
   1892.63088   1.46028062E+000
   1891.29710   1.47105271E+000
   1889.96332   1.48198697E+000
   1888.62954   1.49308733E+000
   1887.29577   1.50435783E+000
   1885.96199   1.51580268E+000
   1884.62821   1.52742618E+000
   1883.29443   1.53923282E+000
   1881.96065   1.55122721E+000
   1880.62688   1.56341415E+000
   1879.29310   1.57579857E+000
   1877.95932   1.58838562E+000
   1876.62554   1.60118057E+000
   1875.29176   1.61418893E+000
   1873.95799   1.62741639E+000
   1872.62421   1.64086882E+000
   1871.29043   1.65455235E+000
   1869.95665   1.66847329E+000
   1868.62287   1.68263822E+000
   1867.28910   1.69705394E+000
   1865.95532   1.71172751E+000
   1864.62154   1.72666627E+000
   1863.28776   1.74187783E+000
   1861.95398   1.75737009E+000
   1860.62021   1.77315128E+000
   1859.28643   1.78922992E+000
   1857.95265   1.80561489E+000
   1856.61887   1.82231542E+000
   1855.28510   1.83934111E+000
   1853.95132   1.85670194E+000
   1852.61754   1.87440834E+000
   1851.28376   1.89247111E+000
   1849.94998   1.91090156E+000
   1848.61621   1.92971144E+000
   1847.28243   1.94891301E+000
   1845.94865   1.96851907E+000
   1844.61487   1.98854294E+000
   1843.28109   2.00899858E+000
   1841.94732   2.02990051E+000
   1840.61354   2.05126393E+000
   1839.27976   2.07310472E+000
   1837.94598   2.09543947E+000
   1836.61220   2.11828557E+000
   1835.27843   2.14166116E+000
   1833.94465   2.16558528E+000
   1832.61087   2.19007784E+000
   1831.27709   2.21515973E+000
   1829.94331   2.24085282E+000
   1828.60954   2.26718008E+000
   1827.27576   2.29416558E+000
   1825.94198   2.32183461E+000
   1824.60820   2.35021374E+000
   1823.27442   2.37933088E+000
   1821.94065   2.40921537E+000
   1820.60687   2.43989811E+000
   1819.27309   2.47141158E+000
   1817.93931   2.50379002E+000
   1816.60554   2.53706951E+000
   1815.27176   2.57128808E+000
   1813.93798   2.60648586E+000
   1812.60420   2.64270520E+000
   1811.27042   2.67999086E+000
   1809.93665   2.71839012E+000
   1808.60287   2.75795301E+000
   1807.26909   2.79873246E+000
   1805.93531   2.84078453E+000
   1804.60153   2.88416863E+000
   1803.26776   2.92894777E+000
   1801.93398   2.97518880E+000
   1800.60020   3.02296272E+000
   1799.26642   3.07234502E+000
   1797.93264   3.12341594E+000
   1796.59887   3.17626092E+000
   1795.26509   3.23097099E+000
   1793.93131   3.28764316E+000
   1792.59753   3.34638099E+000
   1791.26375   3.40729504E+000
   1789.92998   3.47050351E+000
   1788.59620   3.53613286E+000
   1787.26242   3.60431848E+000
   1785.92864   3.67520552E+000
   1784.59486   3.74894970E+000
   1783.26109   3.82571826E+000
   1781.92731   3.90569099E+000
   1780.59353   3.98906140E+000
   1779.25975   4.07603794E+000
   1777.92598   4.16684548E+000
   1776.59220   4.26172681E+000
   1775.25842   4.36094440E+000
   1773.92464   4.46478237E+000
   1772.59086   4.57354861E+000
   1771.25709   4.68757723E+000
   1769.92331   4.80723128E+000
   1768.58953   4.93290576E+000
   1767.25575   5.06503106E+000
   1765.92197   5.20407682E+000
   1764.58820   5.35055625E+000
   1763.25442   5.50503109E+000
   1761.92064   5.66811712E+000
   1760.58686   5.84049052E+000
   1759.25308   6.02289505E+000
   1757.91931   6.21615025E+000
   1756.58553   6.42116082E+000
   1755.25175   6.63892735E+000
   1753.91797   6.87055865E+000
   1752.58419   7.11728598E+000
   1751.25042   7.38047943E+000
   1749.91664   7.66166692E+000
   1748.58286   7.96255622E+000
   1747.24908   8.28506063E+000
   1745.91531   8.63132896E+000
   1744.58153   9.00378058E+000
   1743.24775   9.40514673E+000
   1741.91397   9.83851910E+000
   1740.58019   1.03074073E+001
   1739.24642   1.08158073E+001
   1737.91264   1.13682822E+001
   1736.57886   1.19700602E+001
   1735.24508   1.26271503E+001
   1733.91130   1.33464829E+001
   1732.57753   1.41360795E+001
   1731.24375   1.50052578E+001
   1729.90997   1.59648819E+001
   1728.57619   1.70276682E+001
   1727.24241   1.82085586E+001
   1725.90864   1.95251810E+001
   1724.57486   2.09984146E+001
   1723.24108   2.26530878E+001
   1721.90730   2.45188397E+001
   1720.57352   2.66311796E+001
   1719.23975   2.90327899E+001
   1717.90597   3.17751113E+001
   1716.57219   3.49202499E+001
   1715.23841   3.85432158E+001
   1713.90463   4.27344495E+001
   1712.57086   4.76024627E+001
   1711.23708   5.32761726E+001
   1709.90330   5.99060379E+001
   1708.56952   6.76622560E+001
   1707.23575   7.67268444E+001
   1705.90197   8.72741809E+001
   1704.56819   9.94315928E+001
   1703.23441   1.13208949E+002
   1701.90063   1.28387672E+002
   1700.56686   1.44373559E+002
   1699.23308   1.60056063E+002
   1697.89930   1.73779645E+002
   1696.56552   1.83574699E+002
   1695.23174   1.87710696E+002
   1693.89797   1.85372668E+002
   1692.56419   1.77032340E+002
   1691.23041   1.64229453E+002
   1689.89663   1.48934369E+002
   1688.56285   1.32927167E+002
   1687.22908   1.17475170E+002
   1685.89530   1.03304051E+002
   1684.56152   9.07209214E+001
   1683.22774   7.97663617E+001
   1681.89396   7.03369850E+001
   1680.56019   6.22664190E+001
   1679.22641   5.53721501E+001
   1677.89263   4.94795410E+001
   1676.55885   4.44322913E+001
   1675.22508   4.00955395E+001
   1673.89130   3.63553198E+001
   1672.55752   3.31164431E+001
   1671.22374   3.02998843E+001
   1669.88996   2.78401990E+001
   1668.55619   2.56831968E+001
   1667.22241   2.37839414E+001
   1665.88863   2.21050795E+001
   1664.55485   2.06154636E+001
   1663.22107   1.92890293E+001
   1661.88730   1.81038826E+001
   1660.55352   1.70415604E+001
   1659.21974   1.60864305E+001
   1657.88596   1.52252051E+001
   1656.55218   1.44465445E+001
   1655.21841   1.37407344E+001
   1653.88463   1.30994213E+001
   1652.55085   1.25153958E+001
   1651.21707   1.19824139E+001
   1649.88329   1.14950490E+001
   1648.54952   1.10485696E+001
   1647.21574   1.06388367E+001
   1645.88196   1.02622190E+001
   1644.54818   9.91552092E+000
   1643.21440   9.59592236E+000
   1641.88063   9.30092788E+000
   1640.54685   9.02832350E+000
   1639.21307   8.77614002E+000
   1637.87929   8.54262170E+000
   1636.54552   8.32619949E+000
   1635.21174   8.12546806E+000
   1633.87796   7.93916600E+000
   1632.54418   7.76615877E+000
   1631.21040   7.60542389E+000
   1629.87663   7.45603816E+000
   1628.54285   7.31716649E+000
   1627.20907   7.18805214E+000
   1625.87529   7.06800829E+000
   1624.54151   6.95641049E+000
   1623.20774   6.85269021E+000
   1621.87396   6.75632900E+000
   1620.54018   6.66685346E+000
   1619.20640   6.58383073E+000
   1617.87262   6.50686452E+000
   1616.53885   6.43559155E+000
   1615.20507   6.36967847E+000
   1613.87129   6.30881900E+000
   1612.53751   6.25273149E+000
   1611.20373   6.20115667E+000
   1609.86996   6.15385566E+000
   1608.53618   6.11060816E+000
   1607.20240   6.07121089E+000
   1605.86862   6.03547610E+000
   1604.53484   6.00323030E+000
   1603.20107   5.97431308E+000
   1601.86729   5.94857605E+000
   1600.53351   5.92588187E+000
   1599.19973   5.90610341E+000
   1597.86596   5.88912294E+000
   1596.53218   5.87483145E+000
   1595.19840   5.86312796E+000
   1593.86462   5.85391895E+000
   1592.53084   5.84711784E+000
   1591.19707   5.84264450E+000
   1589.86329   5.84042476E+000
   1588.52951   5.84039007E+000
   1587.19573   5.84247709E+000
   1585.86195   5.84662736E+000
   1584.52818   5.85278698E+000
   1583.19440   5.86090635E+000
   1581.86062   5.87093989E+000
   1580.52684   5.88284582E+000
   1579.19306   5.89658593E+000
   1577.85929   5.91212538E+000
   1576.52551   5.92943253E+000
   1575.19173   5.94847877E+000
   1573.85795   5.96923837E+000
   1572.52417   5.99168830E+000
   1571.19040   6.01580820E+000
   1569.85662   6.04158014E+000
   1568.52284   6.06898861E+000
   1567.18906   6.09802039E+000
   1565.85529   6.12866446E+000
   1564.52151   6.16091192E+000
   1563.18773   6.19475592E+000
   1561.85395   6.23019160E+000
   1560.52017   6.26721604E+000
   1559.18640   6.30582818E+000
   1557.85262   6.34602881E+000
   1556.51884   6.38782052E+000
   1555.18506   6.43120763E+000
   1553.85128   6.47619623E+000
   1552.51751   6.52279408E+000
   1551.18373   6.57101066E+000
   1549.84995   6.62085710E+000
   1548.51617   6.67234622E+000
   1547.18239   6.72549245E+000
   1545.84862   6.78031192E+000
   1544.51484   6.83682240E+000
   1543.18106   6.89504330E+000
   1541.84728   6.95499573E+000
   1540.51350   7.01670248E+000
   1539.17973   7.08018803E+000
   1537.84595   7.14547859E+000
   1536.51217   7.21260212E+000
   1535.17839   7.28158835E+000
   1533.84461   7.35246884E+000
   1532.51084   7.42527697E+000
   1531.17706   7.50004804E+000
   1529.84328   7.57681927E+000
   1528.50950   7.65562985E+000
   1527.17573   7.73652102E+000
   1525.84195   7.81953613E+000
   1524.50817   7.90472068E+000
   1523.17439   7.99212239E+000
   1521.84061   8.08179130E+000
   1520.50684   8.17377981E+000
   1519.17306   8.26814281E+000
   1517.83928   8.36493772E+000
   1516.50550   8.46422465E+000
   1515.17172   8.56606642E+000
   1513.83795   8.67052876E+000
   1512.50417   8.77768036E+000
   1511.17039   8.88759302E+000
   1509.83661   9.00034178E+000
   1508.50283   9.11600509E+000
   1507.16906   9.23466490E+000
   1505.83528   9.35640688E+000
   1504.50150   9.48132056E+000
   1503.16772   9.60949952E+000
   1501.83394   9.74104157E+000
   1500.50017   9.87604901E+000
   1499.16639   1.00146288E+001
   1497.83261   1.01568927E+001
   1496.49883   1.03029578E+001
   1495.16506   1.04529466E+001
   1493.83128   1.06069871E+001
   1492.49750   1.07652136E+001
   1491.16372   1.09277664E+001
   1489.82994   1.10947929E+001
   1488.49617   1.12664472E+001
   1487.16239   1.14428911E+001
   1485.82861   1.16242940E+001
   1484.49483   1.18108340E+001
   1483.16105   1.20026976E+001
   1481.82728   1.22000811E+001
   1480.49350   1.24031903E+001
   1479.15972   1.26122417E+001
   1477.82594   1.28274629E+001
   1476.49216   1.30490934E+001
   1475.15839   1.32773853E+001
   1473.82461   1.35126040E+001
   1472.49083   1.37550293E+001
   1471.15705   1.40049561E+001
   1469.82327   1.42626956E+001
   1468.48950   1.45285763E+001
   1467.15572   1.48029452E+001
   1465.82194   1.50861691E+001
   1464.48816   1.53786359E+001
   1463.15438   1.56807563E+001
   1461.82061   1.59929653E+001
   1460.48683   1.63157240E+001
   1459.15305   1.66495215E+001
   1457.81927   1.69948772E+001
   1456.48550   1.73523429E+001
   1455.15172   1.77225054E+001
   1453.81794   1.81059892E+001
   1452.48416   1.85034598E+001
   1451.15038   1.89156267E+001
   1449.81661   1.93432469E+001
   1448.48283   1.97871295E+001
   1447.14905   2.02481395E+001
   1445.81527   2.07272031E+001
   1444.48149   2.12253127E+001
   1443.14772   2.17435332E+001
   1441.81394   2.22830081E+001
   1440.48016   2.28449674E+001
   1439.14638   2.34307350E+001
   1437.81260   2.40417385E+001
   1436.47883   2.46795185E+001
   1435.14505   2.53457404E+001
   1433.81127   2.60422067E+001
   1432.47749   2.67708713E+001
   1431.14371   2.75338551E+001
   1429.80994   2.83334640E+001
   1428.47616   2.91722091E+001
   1427.14238   3.00528291E+001
   1425.80860   3.09783167E+001
   1424.47482   3.19519475E+001
   1423.14105   3.29773131E+001
   1421.80727   3.40583598E+001
   1420.47349   3.51994318E+001
   1419.13971   3.64053208E+001
   1417.80594   3.76813242E+001
   1416.47216   3.90333106E+001
   1415.13838   4.04677968E+001
   1413.80460   4.19920367E+001
   1412.47082   4.36141242E+001
   1411.13705   4.53431145E+001
   1409.80327   4.71891645E+001
   1408.46949   4.91636994E+001
   1407.13571   5.12796076E+001
   1405.80193   5.35514720E+001
   1404.46816   5.59958444E+001
   1403.13438   5.86315718E+001
   1401.80060   6.14801871E+001
   1400.46682   6.45663776E+001
   1399.13304   6.79185490E+001
   1397.79927   7.15695073E+001
   1396.46549   7.55572861E+001
   1395.13171   7.99261542E+001
   1393.79793   8.47278460E+001
   1392.46415   9.00230698E+001
   1391.13038   9.58833609E+001
   1389.79660   1.02393365E+002
   1388.46282   1.09653649E+002
   1387.12904   1.17784174E+002
   1385.79527   1.26928555E+002
   1384.46149   1.37259288E+002
   1383.12771   1.48984070E+002
   1381.79393   1.62353348E+002
   1380.46015   1.77669046E+002
   1379.12638   1.95294173E+002
   1377.79260   2.15662336E+002
   1376.45882   2.39285050E+002
   1375.12504   2.66752433E+002
   1373.79126   2.98719022E+002
   1372.45749   3.35859940E+002
   1371.12371   3.78773144E+002
   1369.78993   4.27792134E+002
   1368.45615   4.82667683E+002
   1367.12237   5.42096905E+002
   1365.78860   6.03161849E+002
   1364.45482   6.60924538E+002
   1363.12104   7.08659214E+002
   1361.78726   7.39213243E+002
   1360.45348   7.47384810E+002
   1359.11971   7.32137244E+002
   1357.78593   6.97090518E+002
   1356.45215   6.48903291E+002
   1355.11837   5.94766935E+002
   1353.78459   5.40526458E+002
   1352.45082   4.89998256E+002
   1351.11704   4.45167184E+002
   1349.78326   4.06725175E+002
   1348.44948   3.74598580E+002
   1347.11571   3.48334366E+002
   1345.78193   3.27340887E+002
   1344.44815   3.11021115E+002
   1343.11437   2.98838002E+002
   1341.78059   2.90341246E+002
   1340.44682   2.85174119E+002
   1339.11304   2.83071156E+002
   1337.77926   2.83852694E+002
   1336.44548   2.87419349E+002
   1335.11170   2.93747990E+002
   1333.77793   3.02890009E+002
   1332.44415   3.14972272E+002
   1331.11037   3.30201062E+002
   1329.77659   3.48869264E+002
   1328.44281   3.71367137E+002
   1327.10904   3.98197010E+002
   1325.77526   4.29992240E+002
   1324.44148   4.67540578E+002
   1323.10770   5.11811528E+002
   1321.77392   5.63986121E+002
   1320.44015   6.25485029E+002
   1319.10637   6.97986277E+002
   1317.77259   7.83415193E+002
   1316.43881   8.83874427E+002
   1315.10504   1.00145804E+003
   1313.77126   1.13786027E+003
   1312.43748   1.29365487E+003
   1311.10370   1.46711834E+003
   1309.76992   1.65258306E+003
   1308.43615   1.83867040E+003
   1307.10237   2.00744054E+003
   1305.76859   2.13615434E+003
   1304.43481   2.20286593E+003
   1303.10103   2.19444560E+003
   1301.76726   2.11240052E+003
   1300.43348   1.97216802E+003
   1299.09970   1.79643912E+003
   1297.76592   1.60732333E+003
   1296.43214   1.42150243E+003
   1295.09837   1.24911440E+003
   1293.76459   1.09490102E+003
   1292.43081   9.60007171E+002
   1291.09703   8.43547392E+002
   1289.76325   7.43686337E+002
   1288.42948   6.58284226E+002
   1287.09570   5.85238905E+002
   1285.76192   5.22642816E+002
   1284.42814   4.68837182E+002
   1283.09436   4.22413926E+002
   1281.76059   3.82193984E+002
   1280.42681   3.47197215E+002
   1279.09303   3.16611494E+002
   1277.75925   2.89764331E+002
   1276.42548   2.66098253E+002
   1275.09170   2.45150093E+002
   1273.75792   2.26533886E+002
   1272.42414   2.09926883E+002
   1271.09036   1.95058178E+002
   1269.75659   1.81699486E+002
   1268.42281   1.69657669E+002
   1267.08903   1.58768664E+002
   1265.75525   1.48892559E+002
   1264.42147   1.39909565E+002
   1263.08770   1.31716731E+002
   1261.75392   1.24225255E+002
   1260.42014   1.17358252E+002
   1259.08636   1.11048935E+002
   1257.75258   1.05239082E+002
   1256.41881   9.98777818E+001
   1255.08503   9.49203701E+001
   1253.75125   9.03275478E+001
   1252.41747   8.60646355E+001
   1251.08369   8.21009440E+001
   1249.74992   7.84092429E+001
   1248.41614   7.49653074E+001
   1247.08236   7.17475329E+001
   1245.74858   6.87366055E+001
   1244.41480   6.59152186E+001
   1243.08103   6.32678299E+001
   1241.74725   6.07804514E+001
   1240.41347   5.84404678E+001
   1239.07969   5.62364789E+001
   1237.74592   5.41581630E+001
   1236.41214   5.21961570E+001
   1235.07836   5.03419521E+001
   1233.74458   4.85878027E+001
   1232.41080   4.69266458E+001
   1231.07703   4.53520303E+001
   1229.74325   4.38580550E+001
   1228.40947   4.24393133E+001
   1227.07569   4.10908443E+001
   1225.74191   3.98080899E+001
   1224.40814   3.85868561E+001
   1223.07436   3.74232785E+001
   1221.74058   3.63137924E+001
   1220.40680   3.52551046E+001
   1219.07302   3.42441698E+001
   1217.73925   3.32781678E+001
   1216.40547   3.23544846E+001
   1215.07169   3.14706941E+001
   1213.73791   3.06245423E+001
   1212.40413   2.98139329E+001
   1211.07036   2.90369141E+001
   1209.73658   2.82916672E+001
   1208.40280   2.75764954E+001
   1207.06902   2.68898144E+001
   1205.73525   2.62301437E+001
   1204.40147   2.55960981E+001
   1203.06769   2.49863810E+001
   1201.73391   2.43997773E+001
   1200.40013   2.38351474E+001
   1199.06636   2.32914217E+001
   1197.73258   2.27675956E+001
   1196.39880   2.22627246E+001
   1195.06502   2.17759205E+001
   1193.73124   2.13063466E+001
   1192.39747   2.08532150E+001
   1191.06369   2.04157828E+001
   1189.72991   1.99933493E+001
   1188.39613   1.95852527E+001
   1187.06235   1.91908681E+001
   1185.72858   1.88096048E+001
   1184.39480   1.84409040E+001
   1183.06102   1.80842370E+001
   1181.72724   1.77391030E+001
   1180.39346   1.74050277E+001
   1179.05969   1.70815614E+001
   1177.72591   1.67682773E+001
   1176.39213   1.64647708E+001
   1175.05835   1.61706574E+001
   1173.72457   1.58855720E+001
   1172.39080   1.56091674E+001
   1171.05702   1.53411136E+001
   1169.72324   1.50810967E+001
   1168.38946   1.48288177E+001
   1167.05569   1.45839920E+001
   1165.72191   1.43463487E+001
   1164.38813   1.41156292E+001
   1163.05435   1.38915872E+001
   1161.72057   1.36739878E+001
   1160.38680   1.34626068E+001
   1159.05302   1.32572301E+001
   1157.71924   1.30576534E+001
   1156.38546   1.28636814E+001
   1155.05168   1.26751276E+001
   1153.71791   1.24918137E+001
   1152.38413   1.23135692E+001
   1151.05035   1.21402309E+001
   1149.71657   1.19716429E+001
   1148.38279   1.18076558E+001
   1147.04902   1.16481267E+001
   1145.71524   1.14929185E+001
   1144.38146   1.13419002E+001
   1143.04768   1.11949462E+001
   1141.71390   1.10519361E+001
   1140.38013   1.09127544E+001
   1139.04635   1.07772907E+001
   1137.71257   1.06454387E+001
   1136.37879   1.05170969E+001
   1135.04502   1.03921675E+001
   1133.71124   1.02705571E+001
   1132.37746   1.01521759E+001
   1131.04368   1.00369377E+001
   1129.70990   9.92475982E+000
   1128.37613   9.81556295E+000
   1127.04235   9.70927094E+000
   1125.70857   9.60581073E+000
   1124.37479   9.50511219E+000
   1123.04101   9.40710802E+000
   1121.70724   9.31173363E+000
   1120.37346   9.21892704E+000
   1119.03968   9.12862879E+000
   1117.70590   9.04078182E+000
   1116.37212   8.95533141E+000
   1115.03835   8.87222509E+000
   1113.70457   8.79141252E+000
   1112.37079   8.71284549E+000
   1111.03701   8.63647778E+000
   1109.70323   8.56226513E+000
   1108.36946   8.49016514E+000
   1107.03568   8.42013728E+000
   1105.70190   8.35214275E+000
   1104.36812   8.28614448E+000
   1103.03434   8.22210706E+000
   1101.70057   8.15999669E+000
   1100.36679   8.09978117E+000
   1099.03301   8.04142979E+000
   1097.69923   7.98491336E+000
   1096.36546   7.93020414E+000
   1095.03168   7.87727578E+000
   1093.69790   7.82610336E+000
   1092.36412   7.77666330E+000
   1091.03034   7.72893334E+000
   1089.69657   7.68289254E+000
   1088.36279   7.63852123E+000
   1087.02901   7.59580103E+000
   1085.69523   7.55471475E+000
   1084.36145   7.51524648E+000
   1083.02768   7.47738149E+000
   1081.69390   7.44110626E+000
   1080.36012   7.40640844E+000
   1079.02634   7.37327688E+000
   1077.69256   7.34170158E+000
   1076.35879   7.31167371E+000
   1075.02501   7.28318561E+000
   1073.69123   7.25623077E+000
   1072.35745   7.23080384E+000
   1071.02367   7.20690063E+000
   1069.68990   7.18451813E+000
   1068.35612   7.16365449E+000
   1067.02234   7.14430904E+000
   1065.68856   7.12648229E+000
   1064.35478   7.11017598E+000
   1063.02101   7.09539305E+000
   1061.68723   7.08213768E+000
   1060.35345   7.07041530E+000
   1059.01967   7.06023260E+000
   1057.68590   7.05159761E+000
   1056.35212   7.04451964E+000
   1055.01834   7.03900939E+000
   1053.68456   7.03507891E+000
   1052.35078   7.03274172E+000
   1051.01701   7.03201274E+000
   1049.68323   7.03290845E+000
   1048.34945   7.03544683E+000
   1047.01567   7.03964748E+000
   1045.68189   7.04553162E+000
   1044.34812   7.05312219E+000
   1043.01434   7.06244389E+000
   1041.68056   7.07352324E+000
   1040.34678   7.08638864E+000
   1039.01300   7.10107048E+000
   1037.67923   7.11760117E+000
   1036.34545   7.13601527E+000
   1035.01167   7.15634956E+000
   1033.67789   7.17864313E+000
   1032.34411   7.20293748E+000
   1031.01034   7.22927668E+000
   1029.67656   7.25770740E+000
   1028.34278   7.28827913E+000
   1027.00900   7.32104425E+000
   1025.67523   7.35605820E+000
   1024.34145   7.39337963E+000
   1023.00767   7.43307058E+000
   1021.67389   7.47519665E+000
   1020.34011   7.51982716E+000
   1019.00634   7.56703539E+000
   1017.67256   7.61689882E+000
   1016.33878   7.66949928E+000
   1015.00500   7.72492330E+000
   1013.67122   7.78326231E+000
   1012.33745   7.84461294E+000
   1011.00367   7.90907737E+000
   1009.66989   7.97676363E+000
   1008.33611   8.04778595E+000
   1007.00233   8.12226517E+000
   1005.66856   8.20032915E+000
   1004.33478   8.28211322E+000
   1003.00100   8.36776064E+000
   1001.66722   8.45742317E+000
   1000.33344   8.55126158E+000
    998.99967   8.64944628E+000
    997.66589   8.75215799E+000
    996.33211   8.85958844E+000
    994.99833   8.97194114E+000
    993.66455   9.08943221E+000
    992.33078   9.21229129E+000
    990.99700   9.34076256E+000
    989.66322   9.47510574E+000
    988.32944   9.61559733E+000
    986.99567   9.76253182E+000
    985.66189   9.91622311E+000
    984.32811   1.00770060E+001
    982.99433   1.02452378E+001
    981.66055   1.04213003E+001
    980.32678   1.06056016E+001
    978.99300   1.07985781E+001
    977.65922   1.10006973E+001
    976.32544   1.12124601E+001
    974.99166   1.14344038E+001
    973.65789   1.16671051E+001
    972.32411   1.19111838E+001
    970.99033   1.21673067E+001
    969.65655   1.24361914E+001
    968.32277   1.27186115E+001
    966.98900   1.30154017E+001
    965.65522   1.33274636E+001
    964.32144   1.36557721E+001
    962.98766   1.40013825E+001
    961.65388   1.43654388E+001
    960.32011   1.47491828E+001
    958.98633   1.51539634E+001
    957.65255   1.55812490E+001
    956.31877   1.60326391E+001
    954.98499   1.65098793E+001
    953.65122   1.70148771E+001
    952.31744   1.75497203E+001
    950.98366   1.81166973E+001
    949.64988   1.87183206E+001
    948.31611   1.93573538E+001
    946.98233   2.00368413E+001
    945.64855   2.07601433E+001
    944.31477   2.15309756E+001
    942.98099   2.23534549E+001
    941.64722   2.32321512E+001
    940.31344   2.41721489E+001
    938.97966   2.51791160E+001
    937.64588   2.62593860E+001
    936.31210   2.74200524E+001
    934.97833   2.86690788E+001
    933.64455   3.00154284E+001
    932.31077   3.14692156E+001
    930.97699   3.30418853E+001
    929.64321   3.47464234E+001
    928.30944   3.65976086E+001
    926.97566   3.86123099E+001
    925.64188   4.08098438E+001
    924.30810   4.32124012E+001
    922.97432   4.58455618E+001
    921.64055   4.87389150E+001
    920.30677   5.19268119E+001
    918.97299   5.54492812E+001
    917.63921   5.93531458E+001
    916.30544   6.36933901E+001
    914.97166   6.85348399E+001
    913.63788   7.39542292E+001
    912.30410   8.00427490E+001
    910.97032   8.69091909E+001
    909.63655   9.46838228E+001
    908.30277   1.03523149E+002
    906.96899   1.13615716E+002
    905.63521   1.25189118E+002
    904.30143   1.38518250E+002
    902.96766   1.53934707E+002
    901.63388   1.71836763E+002
    900.30010   1.92698538E+002
    898.96632   2.17075351E+002
    897.63254   2.45599319E+002
    896.29877   2.78954266E+002
    894.96499   3.17811018E+002
    893.63121   3.62693240E+002
    892.29743   4.13733170E+002
    890.96365   4.70278091E+002
    889.62988   5.30350606E+002
    888.29610   5.90093196E+002
    886.96232   6.43555646E+002
    885.62854   6.83377380E+002
    884.29476   7.02701058E+002
    882.96099   6.97750867E+002
    881.62721   6.69526633E+002
    880.29343   6.23337701E+002
    878.95965   5.66543628E+002
    877.62588   5.06098433E+002
    876.29210   4.47129241E+002
    874.95832   3.92681235E+002
    873.62454   3.44127833E+002
    872.29076   3.01748317E+002
    870.95699   2.65214829E+002
    869.62321   2.33922441E+002
    868.28943   2.07183822E+002
    866.95565   1.84331089E+002
    865.62187   1.64761652E+002
    864.28810   1.47953236E+002
    862.95432   1.33463379E+002
    861.62054   1.20922035E+002
    860.28676   1.10021837E+002
    858.95298   1.00508245E+002
    857.61921   9.21705749E+001
    856.28543   8.48342544E+001
    854.95165   7.83543162E+001
    853.61787   7.26100391E+001
    852.28409   6.75005694E+001
    850.95032   6.29413657E+001
    849.61654   5.88613185E+001
    848.28276   5.52004187E+001
    846.94898   5.19078705E+001
    845.61521   4.89405606E+001
    844.28143   4.62618178E+001
    842.94765   4.38404049E+001
    841.61387   4.16497013E+001
    840.28009   3.96670403E+001
    838.94632   3.78731755E+001
    837.61254   3.62518541E+001
    836.27876   3.47894816E+001
    834.94498   3.34748672E+001
    833.61120   3.22990393E+001
    832.27743   3.12551282E+001
    830.94365   3.03383115E+001
    829.60987   2.95458231E+001
    828.27609   2.88770243E+001
    826.94231   2.83335399E+001
    825.60854   2.79194561E+001
    824.27476   2.76415697E+001
    822.94098   2.75096645E+001
    821.60720   2.75367510E+001
    820.27342   2.77391464E+001
    818.93965   2.81361518E+001
    817.60587   2.87488871E+001
    816.27209   2.95975385E+001
    814.93831   3.06958722E+001
    813.60453   3.20415269E+001
    812.27076   3.36008554E+001
    810.93698   3.52890889E+001
    809.60320   3.69519271E+001
    808.26942   3.83631479E+001
    806.93565   3.92578759E+001
    805.60187   3.94084475E+001
    804.26809   3.87139986E+001
    802.93431   3.72460156E+001
    801.60053   3.52147460E+001
    800.26676   3.28826548E+001
    798.93298   3.04832074E+001
    797.59920   2.81803852E+001
    796.26542   2.60665399E+001
    794.93164   2.41793973E+001
    793.59787   2.25222493E+001
    792.26409   2.10799927E+001
    790.93031   1.98296335E+001
    789.59653   1.87463202E+001
    788.26275   1.78064136E+001
    786.92898   1.69888043E+001
    785.59520   1.62752865E+001
    784.26142   1.56504645E+001
    782.92764   1.51014619E+001
    781.59386   1.46175697E+001
    780.26009   1.41899015E+001
    778.92631   1.38110838E+001
    777.59253   1.34749909E+001
    776.25875   1.31765229E+001
    774.92497   1.29114236E+001
    773.59120   1.26761310E+001
    772.25742   1.24676573E+001
    770.92364   1.22834901E+001
    769.58986   1.21215137E+001
    768.25609   1.19799444E+001
    766.92231   1.18572783E+001
    765.58853   1.17522488E+001
    764.25475   1.16637922E+001
    762.92097   1.15910191E+001
    761.58720   1.15331917E+001
    760.25342   1.14897046E+001
    758.91964   1.14600699E+001
    757.58586   1.14439042E+001
    756.25208   1.14409190E+001
    754.91831   1.14509123E+001
    753.58453   1.14737623E+001
    752.25075   1.15094225E+001
    750.91697   1.15579182E+001
    749.58319   1.16193436E+001
    748.24942   1.16938608E+001
    746.91564   1.17816987E+001
    745.58186   1.18831538E+001
    744.24808   1.19985911E+001
    742.91430   1.21284459E+001
    741.58053   1.22732271E+001
    740.24675   1.24335202E+001
    738.91297   1.26099926E+001
    737.57919   1.28033983E+001
    736.24542   1.30145852E+001
    734.91164   1.32445019E+001
    733.57786   1.34942075E+001
    732.24408   1.37648811E+001
    730.91030   1.40578340E+001
    729.57653   1.43745233E+001
    728.24275   1.47165674E+001
    726.90897   1.50857643E+001
    725.57519   1.54841116E+001
    724.24141   1.59138310E+001
    722.90764   1.63773951E+001
    721.57386   1.68775590E+001
    720.24008   1.74173968E+001
    718.90630   1.80003440E+001
    717.57252   1.86302458E+001
    716.23875   1.93114149E+001
    714.90497   2.00486973E+001
    713.57119   2.08475503E+001
    712.23741   2.17141336E+001
    710.90363   2.26554168E+001
    709.56986   2.36793060E+001
    708.23608   2.47947940E+001
    706.90230   2.60121387E+001
    705.56852   2.73430757E+001
    704.23474   2.88010734E+001
    702.90097   3.04016385E+001
    701.56719   3.21626849E+001
    700.23341   3.41049799E+001
    698.89963   3.62526860E+001
    697.56586   3.86340209E+001
    696.23208   4.12820648E+001
    694.89830   4.42357497E+001
    693.56452   4.75410768E+001
    692.23074   5.12526154E+001
    690.89697   5.54353530E+001
    689.56319   6.01669759E+001
    688.22941   6.55406767E+001
    686.89563   7.16685938E+001
    685.56185   7.86859836E+001
    684.22808   8.67562029E+001
    682.89430   9.60764924E+001
    681.56052   1.06884363E+002
    680.22674   1.19463991E+002
    678.89296   1.34151246E+002
    677.55919   1.51334564E+002
    676.22541   1.71446307E+002
    674.89163   1.94935094E+002
    673.55785   2.22203296E+002
    672.22407   2.53486326E+002
    670.89030   2.88645879E+002
    669.55652   3.26860754E+002
    668.22274   3.66251267E+002
    666.88896   4.03592539E+002
    665.55519   4.34430095E+002
    664.22141   4.53936947E+002
    662.88763   4.58478335E+002
    661.55385   4.47137207E+002
    660.22007   4.22140675E+002
    658.88630   3.87852603E+002
    657.55252   3.49098415E+002
    656.21874   3.09857884E+002
    654.88496   2.72757232E+002
    653.55118   2.39173539E+002
    652.21741   2.09589247E+002
    650.88363   1.83949482E+002
    649.54985   1.61927068E+002
    648.21607   1.43088881E+002
    646.88229   1.26988117E+002
    645.54852   1.13209350E+002
    644.21474   1.01386465E+002
    642.88096   9.12063125E+001
    641.54718   8.24055720E+001
    640.21340   7.47648898E+001
    638.87963   6.81023782E+001
    637.54585   6.22674456E+001
    636.21207   5.71353486E+001
    634.87829   5.26025647E+001
    633.54451   4.85829479E+001
    632.21074   4.50045755E+001
    630.87696   4.18071795E+001
    629.54318   3.89400634E+001
    628.20940   3.63604121E+001
    626.87563   3.40319223E+001
    625.54185   3.19236895E+001
    624.20807   3.00093021E+001
    622.87429   2.82661015E+001
    621.54051   2.66745758E+001
    620.20674   2.52178623E+001
    618.87296   2.38813361E+001
    617.53918   2.26522702E+001
    616.20540   2.15195528E+001
    614.87162   2.04734515E+001
    613.53785   1.95054164E+001
    612.20407   1.86079141E+001
    610.87029   1.77742879E+001
    609.53651   1.69986401E+001
    608.20273   1.62757318E+001
    606.86896   1.56008970E+001
    605.53518   1.49699705E+001
    604.20140   1.43792252E+001
    602.86762   1.38253182E+001
    601.53384   1.33052450E+001
    600.20007   1.28162997E+001
    598.86629   1.23560399E+001
    597.53251   1.19222573E+001
    596.19873   1.15129509E+001
    594.86495   1.11263049E+001
    593.53118   1.07606680E+001
    592.19740   1.04145366E+001
    590.86362   1.00865386E+001
    589.52984   9.77542079E+000
    588.19607   9.48003592E+000
    586.86229   9.19933274E+000
    585.52851   8.93234641E+000
    584.19473   8.67819012E+000
    582.86095   8.43604776E+000
    581.52718   8.20516724E+000
    580.19340   7.98485462E+000
    578.85962   7.77446880E+000
    577.52584   7.57341682E+000
    576.19206   7.38114958E+000
    574.85829   7.19715806E+000
    573.52451   7.02096985E+000
    572.19073   6.85214607E+000
    570.85695   6.69027856E+000
    569.52317   6.53498737E+000
    568.18940   6.38591846E+000
    566.85562   6.24274161E+000
    565.52184   6.10514858E+000
    564.18806   5.97285135E+000
    562.85428   5.84558059E+000
    561.52051   5.72308425E+000
    560.18673   5.60512622E+000
    558.85295   5.49148521E+000
    557.51917   5.38195363E+000
    556.18540   5.27633662E+000
    554.85162   5.17445114E+000
    553.51784   5.07612513E+000
    552.18406   4.98119679E+000
    550.85028   4.88951383E+000
    549.51651   4.80093286E+000
    548.18273   4.71531882E+000
    546.84895   4.63254437E+000
    545.51517   4.55248948E+000
    544.18139   4.47504091E+000
    542.84762   4.40009180E+000
    541.51384   4.32754130E+000
    540.18006   4.25729418E+000
    538.84628   4.18926055E+000
    537.51250   4.12335550E+000
    536.17873   4.05949886E+000
    534.84495   3.99761494E+000
    533.51117   3.93763226E+000
    532.17739   3.87948341E+000
    530.84361   3.82310478E+000
    529.50984   3.76843641E+000
    528.17606   3.71542186E+000
    526.84228   3.66400802E+000
    525.50850   3.61414502E+000
    524.17472   3.56578609E+000
    522.84095   3.51888749E+000
    521.50717   3.47340842E+000
    520.17339   3.42931095E+000
    518.83961   3.38655998E+000
    517.50584   3.34512323E+000
    516.17206   3.30497119E+000
    514.83828   3.26607716E+000
    513.50450   3.22841724E+000
    512.17072   3.19197043E+000
    510.83695   3.15671869E+000
    509.50317   3.12264700E+000
    508.16939   3.08974357E+000
    506.83561   3.05799993E+000
    505.50183   3.02741122E+000
    504.16806   2.99797638E+000
    502.83428   2.96969852E+000
    501.50050   2.94258525E+000
    500.16672   2.91664917E+000
    498.83294   2.89190842E+000
    497.49917   2.86838726E+000
    496.16539   2.84611695E+000
    494.83161   2.82513660E+000
    493.49783   2.80549433E+000
    492.16405   2.78724859E+000
    490.83028   2.77046977E+000
    489.49650   2.75524217E+000
    488.16272   2.74166630E+000
    486.82894   2.72986182E+000
    485.49517   2.71997090E+000
    484.16139   2.71216255E+000
    482.82761   2.70663777E+000
    481.49383   2.70363593E+000
    480.16005   2.70344257E+000
    478.82628   2.70639912E+000
    477.49250   2.71291477E+000
    476.15872   2.72348117E+000
    474.82494   2.73869049E+000
    473.49116   2.75925750E+000
    472.15739   2.78604624E+000
    470.82361   2.82010176E+000
    469.48983   2.86268654E+000
    468.15605   2.91532003E+000
    466.82227   2.97981681E+000
    465.48850   3.05831325E+000
    464.15472   3.15326278E+000
    462.82094   3.26736186E+000
    461.48716   3.40334077E+000
    460.15338   3.56351187E+000
    458.81961   3.74892315E+000
    457.48583   3.95795171E+000
    456.15205   4.18428617E+000
    454.81827   4.41465610E+000
    453.48449   4.62749025E+000
    452.15072   4.79458494E+000
    450.81694   4.88755407E+000
    449.48316   4.88786319E+000
    448.14938   4.79497923E+000
    446.81561   4.62670486E+000
    445.48183   4.41143867E+000
    444.14805   4.17806663E+000
    442.81427   3.94917966E+000
    441.48049   3.73912120E+000
    440.14672   3.55520859E+000
    438.81294   3.40000753E+000
    437.47916   3.27340559E+000
    436.14538   3.17407841E+000
    434.81160   3.10037505E+000
    433.47783   3.05077164E+000
    432.14405   3.02402330E+000
    430.81027   3.01908331E+000
    429.47649   3.03479591E+000
    428.14271   3.06932718E+000
    426.80894   3.11930723E+000
    425.47516   3.17878020E+000
    424.14138   3.23836509E+000
    422.80760   3.28545556E+000
    421.47382   3.30639132E+000
    420.14005   3.29059166E+000
    418.80627   3.23473045E+000
    417.47249   3.14407146E+000
    416.13871   3.02990576E+000
    414.80493   2.90504063E+000
    413.47116   2.78016888E+000
    412.13738   2.66238539E+000
    410.80360   2.55540366E+000
    409.46982   2.46049343E+000
    408.13605   2.37744975E+000
    406.80227   2.30531934E+000
    405.46849   2.24285917E+000
    404.13471   2.18879167E+000
    402.80093   2.14192969E+000
    401.46716   2.10122623E+000
    400.13338   2.06578456E+000
    398.79960   2.03484940E+000
    397.46582   2.00779055E+000
    396.13204   1.98408468E+000
    394.79827   1.96329805E+000
    393.46449   1.94507120E+000
    392.13071   1.92910603E+000
    390.79693   1.91515491E+000
    389.46315   1.90301187E+000
    388.12938   1.89250531E+000
    386.79560   1.88349217E+000
    385.46182   1.87585314E+000
    384.12804   1.86948876E+000
    382.79426   1.86431635E+000
    381.46049   1.86026739E+000
    380.12671   1.85728549E+000
    378.79293   1.85532467E+000
    377.45915   1.85434796E+000
    376.12538   1.85432632E+000
    374.79160   1.85523766E+000
    373.45782   1.85706614E+000
    372.12404   1.85980153E+000
    370.79026   1.86343874E+000
    369.45649   1.86797739E+000
    368.12271   1.87342157E+000
    366.78893   1.87977954E+000
    365.45515   1.88706361E+000
    364.12137   1.89528999E+000
    362.78760   1.90447877E+000
    361.45382   1.91465384E+000
    360.12004   1.92584299E+000
    358.78626   1.93807791E+000
    357.45248   1.95139434E+000
    356.11871   1.96583219E+000
    354.78493   1.98143572E+000
    353.45115   1.99825380E+000
    352.11737   2.01634010E+000
    350.78359   2.03575348E+000
    349.44982   2.05655828E+000
    348.11604   2.07882476E+000
    346.78226   2.10262954E+000
    345.44848   2.12805612E+000
    344.11470   2.15519547E+000
    342.78093   2.18414667E+000
    341.44715   2.21501769E+000
    340.11337   2.24792616E+000
    338.77959   2.28300038E+000
    337.44582   2.32038031E+000
    336.11204   2.36021877E+000
    334.77826   2.40268280E+000
    333.44448   2.44795516E+000
    332.11070   2.49623600E+000
    330.77693   2.54774486E+000
    329.44315   2.60272279E+000
    328.10937   2.66143487E+000
    326.77559   2.72417307E+000
    325.44181   2.79125944E+000
    324.10804   2.86304982E+000
    322.77426   2.93993809E+000
    321.44048   3.02236103E+000
    320.10670   3.11080392E+000
    318.77292   3.20580702E+000
    317.43915   3.30797308E+000
    316.10537   3.41797601E+000
    314.77159   3.53657101E+000
    313.43781   3.66460643E+000
    312.10403   3.80303758E+000
    310.77026   3.95294303E+000
    309.43648   4.11554378E+000
    308.10270   4.29222592E+000
    306.76892   4.48456758E+000
    305.43515   4.69437095E+000
    304.10137   4.92370058E+000
    302.76759   5.17492928E+000
    301.43381   5.45079341E+000
    300.10003   5.75445965E+000
    298.76626   6.08960590E+000
    297.43248   6.46051982E+000
    296.09870   6.87221903E+000
    294.76492   7.33059840E+000
    293.43114   7.84261090E+000
    292.09737   8.41649034E+000
    290.76359   9.06202591E+000
    289.42981   9.79090101E+000
    288.09603   1.06171106E+001
    286.76225   1.15574738E+001
    285.42848   1.26322586E+001
    284.09470   1.38659334E+001
    282.76092   1.52880521E+001
    281.42714   1.69342545E+001
    280.09336   1.88473196E+001
    278.75959   2.10781110E+001
    277.42581   2.36860729E+001
    276.09203   2.67386112E+001
    274.75825   3.03081340E+001
    273.42447   3.44646555E+001
    272.09070   3.92606848E+001
    270.75692   4.47040391E+001
    269.42314   5.07146302E+001
    268.08936   5.70664099E+001
    266.75559   6.33302256E+001
    265.42181   6.88580869E+001
    264.08803   7.28675628E+001
    262.75425   7.46554683E+001
    261.42047   7.38689068E+001
    260.08670   7.06651452E+001
    258.75292   6.56385266E+001
    257.41914   5.95717619E+001
    256.08536   5.31837478E+001
    254.75158   4.69930169E+001
    253.41781   4.13006337E+001
    252.08403   3.62372352E+001
    250.75025   3.18238230E+001
    249.41647   2.80215716E+001
    248.08269   2.47650475E+001
    246.74892   2.19815643E+001
    245.41514   1.96011828E+001
    244.08136   1.75611227E+001
    242.74758   1.58071247E+001
    241.41380   1.42932928E+001
    240.08003   1.29812729E+001
    238.74625   1.18392152E+001
    237.41247   1.08407417E+001
    236.07869   9.96401052E+000
    234.74491   9.19091208E+000
    233.41114   8.50639471E+000
    232.07736   7.89790980E+000
    230.74358   7.35495855E+000
    229.40980   6.86872382E+000
    228.07603   6.43177155E+000
    226.74225   6.03780885E+000
    225.40847   5.68148747E+000
    224.07469   5.35824413E+000
    222.74091   5.06417015E+000
    221.40714   4.79590494E+000
    220.07336   4.55054849E+000
    218.73958   4.32558933E+000
    217.40580   4.11884498E+000
    216.07202   3.92841254E+000
    214.73825   3.75262753E+000
    213.40447   3.59002952E+000
    212.07069   3.43933330E+000
    210.73691   3.29940458E+000
    209.40313   3.16923955E+000
    208.06936   3.04794744E+000
    206.73558   2.93473584E+000
    205.40180   2.82889801E+000
    204.06802   2.72980219E+000
    202.73424   2.63688234E+000
    201.40047   2.54963012E+000
    200.06669   2.46758813E+000
    198.73291   2.39034390E+000
    197.39913   2.31752473E+000
    196.06536   2.24879327E+000
    194.73158   2.18384354E+000
    193.39780   2.12239755E+000
    192.06402   2.06420231E+000
    190.73024   2.00902716E+000
    189.39647   1.95666151E+000
    188.06269   1.90691276E+000
    186.72891   1.85960450E+000
    185.39513   1.81457491E+000
    184.06135   1.77167538E+000
    182.72758   1.73076919E+000
    181.39380   1.69173041E+000
    180.06002   1.65444292E+000
    178.72624   1.61879949E+000
    177.39246   1.58470098E+000
    176.05869   1.55205562E+000
    174.72491   1.52077839E+000
    173.39113   1.49079038E+000
    172.05735   1.46201834E+000
    170.72357   1.43439415E+000
    169.38980   1.40785441E+000
    168.05602   1.38234007E+000
    166.72224   1.35779605E+000
    165.38846   1.33417095E+000
    164.05468   1.31141674E+000
    162.72091   1.28948852E+000
    161.38713   1.26834426E+000
    160.05335   1.24794459E+000
    158.71957   1.22825259E+000
    157.38580   1.20923363E+000
    156.05202   1.19085520E+000
    154.71824   1.17308672E+000
    153.38446   1.15589947E+000
    152.05068   1.13926639E+000
    150.71691   1.12316199E+000
    149.38313   1.10756227E+000
    148.04935   1.09244458E+000
    146.71557   1.07778754E+000
    145.38179   1.06357096E+000
    144.04802   1.04977576E+000
    142.71424   1.03638390E+000
    141.38046   1.02337831E+000
    140.04668   1.01074283E+000
    138.71290   9.98462131E-001
    137.37913   9.86521706E-001
    136.04535   9.74907784E-001
    134.71157   9.63607299E-001
    133.37779   9.52607844E-001
    132.04401   9.41897631E-001
    130.71024   9.31465456E-001
    129.37646   9.21300663E-001
    128.04268   9.11393113E-001
    126.70890   9.01733153E-001
    125.37513   8.92311590E-001
    124.04135   8.83119662E-001
    122.70757   8.74149018E-001
    121.37379   8.65391691E-001
    120.04001   8.56840079E-001
    118.70624   8.48486924E-001
    117.37246   8.40325295E-001
    116.03868   8.32348569E-001
    114.70490   8.24550414E-001
    113.37112   8.16924777E-001
    112.03735   8.09465865E-001
    110.70357   8.02168134E-001
    109.36979   7.95026277E-001
    108.03601   7.88035208E-001
    106.70223   7.81190058E-001
    105.36846   7.74486156E-001
    104.03468   7.67919023E-001
    102.70090   7.61484366E-001
    101.36712   7.55178060E-001
    100.03334   7.48996150E-001
     98.69957   7.42934836E-001
     97.36579   7.36990467E-001
     96.03201   7.31159536E-001
     94.69823   7.25438671E-001
     93.36445   7.19824630E-001
     92.03068   7.14314293E-001
     90.69690   7.08904661E-001
     89.36312   7.03592845E-001
     88.02934   6.98376065E-001
     86.69557   6.93251641E-001
     85.36179   6.88216995E-001
     84.02801   6.83269640E-001
     82.69423   6.78407179E-001
     81.36045   6.73627301E-001
     80.02668   6.68927778E-001
     78.69290   6.64306460E-001
     77.35912   6.59761270E-001
     76.02534   6.55290207E-001
     74.69156   6.50891335E-001
     73.35779   6.46562788E-001
     72.02401   6.42302760E-001
     70.69023   6.38109509E-001
     69.35645   6.33981347E-001
     68.02267   6.29916647E-001
     66.68890   6.25913831E-001
     65.35512   6.21971377E-001
     64.02134   6.18087809E-001
     62.68756   6.14261700E-001
     61.35378   6.10491669E-001
     60.02001   6.06776378E-001
     58.68623   6.03114532E-001
     57.35245   5.99504876E-001
     56.01867   5.95946196E-001
     54.68489   5.92437312E-001
     53.35112   5.88977083E-001
     52.01734   5.85564403E-001
     50.68356   5.82198197E-001
     49.34978   5.78877425E-001
     48.01601   5.75601076E-001
     46.68223   5.72368171E-001
     45.34845   5.69177759E-001
     44.01467   5.66028915E-001
     42.68089   5.62920745E-001
     41.34712   5.59852377E-001
     40.01334   5.56822965E-001
     38.67956   5.53831689E-001
     37.34578   5.50877751E-001
     36.01200   5.47960374E-001
     34.67823   5.45078805E-001
     33.34445   5.42232310E-001
     32.01067   5.39420178E-001
     30.67689   5.36641714E-001
     29.34311   5.33896246E-001
     28.00934   5.31183115E-001
     26.67556   5.28501686E-001
     25.34178   5.25851335E-001
     24.00800   5.23231458E-001
     22.67422   5.20641467E-001
     21.34045   5.18080788E-001
     20.00667   5.15548863E-001
     18.67289   5.13045148E-001
     17.33911   5.10569113E-001
     16.00534   5.08120242E-001
     14.67156   5.05698031E-001
     13.33778   5.03301991E-001
     12.00400   5.00931644E-001
     10.67022   4.98586522E-001
      9.33645   4.96266172E-001
      8.00267   4.93970151E-001
      6.66889   4.91698025E-001
      5.33511   4.89449374E-001
      4.00133   4.87223785E-001
      2.66756   4.85020857E-001
      1.33378   4.82840197E-001
      0.00000   4.80681424E-001
