     12.00000      0.00287
     11.99600      0.00287
     11.99200      0.00288
     11.98800      0.00288
     11.98399      0.00289
     11.97999      0.00289
     11.97599      0.00290
     11.97199      0.00290
     11.96799      0.00291
     11.96399      0.00291
     11.95999      0.00292
     11.95599      0.00292
     11.95198      0.00293
     11.94798      0.00293
     11.94398      0.00294
     11.93998      0.00294
     11.93598      0.00295
     11.93198      0.00295
     11.92798      0.00296
     11.92397      0.00296
     11.91997      0.00297
     11.91597      0.00297
     11.91197      0.00297
     11.90797      0.00298
     11.90397      0.00298
     11.89997      0.00299
     11.89597      0.00299
     11.89196      0.00300
     11.88796      0.00300
     11.88396      0.00301
     11.87996      0.00302
     11.87596      0.00302
     11.87196      0.00303
     11.86796      0.00303
     11.86395      0.00304
     11.85995      0.00304
     11.85595      0.00305
     11.85195      0.00305
     11.84795      0.00306
     11.84395      0.00306
     11.83995      0.00307
     11.83595      0.00307
     11.83194      0.00308
     11.82794      0.00308
     11.82394      0.00309
     11.81994      0.00309
     11.81594      0.00310
     11.81194      0.00310
     11.80794      0.00311
     11.80393      0.00311
     11.79993      0.00312
     11.79593      0.00312
     11.79193      0.00313
     11.78793      0.00314
     11.78393      0.00314
     11.77993      0.00315
     11.77593      0.00315
     11.77192      0.00316
     11.76792      0.00316
     11.76392      0.00317
     11.75992      0.00317
     11.75592      0.00318
     11.75192      0.00318
     11.74792      0.00319
     11.74391      0.00320
     11.73991      0.00320
     11.73591      0.00321
     11.73191      0.00321
     11.72791      0.00322
     11.72391      0.00322
     11.71991      0.00323
     11.71591      0.00323
     11.71190      0.00324
     11.70790      0.00325
     11.70390      0.00325
     11.69990      0.00326
     11.69590      0.00326
     11.69190      0.00327
     11.68790      0.00327
     11.68389      0.00328
     11.67989      0.00329
     11.67589      0.00329
     11.67189      0.00330
     11.66789      0.00330
     11.66389      0.00331
     11.65989      0.00331
     11.65589      0.00332
     11.65188      0.00333
     11.64788      0.00333
     11.64388      0.00334
     11.63988      0.00334
     11.63588      0.00335
     11.63188      0.00336
     11.62788      0.00336
     11.62387      0.00337
     11.61987      0.00337
     11.61587      0.00338
     11.61187      0.00339
     11.60787      0.00339
     11.60387      0.00340
     11.59987      0.00340
     11.59587      0.00341
     11.59186      0.00342
     11.58786      0.00342
     11.58386      0.00343
     11.57986      0.00344
     11.57586      0.00344
     11.57186      0.00345
     11.56786      0.00345
     11.56385      0.00346
     11.55985      0.00347
     11.55585      0.00347
     11.55185      0.00348
     11.54785      0.00349
     11.54385      0.00349
     11.53985      0.00350
     11.53585      0.00351
     11.53184      0.00351
     11.52784      0.00352
     11.52384      0.00352
     11.51984      0.00353
     11.51584      0.00354
     11.51184      0.00354
     11.50784      0.00355
     11.50383      0.00356
     11.49983      0.00356
     11.49583      0.00357
     11.49183      0.00358
     11.48783      0.00358
     11.48383      0.00359
     11.47983      0.00360
     11.47583      0.00360
     11.47182      0.00361
     11.46782      0.00362
     11.46382      0.00362
     11.45982      0.00363
     11.45582      0.00364
     11.45182      0.00364
     11.44782      0.00365
     11.44381      0.00366
     11.43981      0.00366
     11.43581      0.00367
     11.43181      0.00368
     11.42781      0.00368
     11.42381      0.00369
     11.41981      0.00370
     11.41581      0.00371
     11.41180      0.00371
     11.40780      0.00372
     11.40380      0.00373
     11.39980      0.00373
     11.39580      0.00374
     11.39180      0.00375
     11.38780      0.00376
     11.38379      0.00376
     11.37979      0.00377
     11.37579      0.00378
     11.37179      0.00378
     11.36779      0.00379
     11.36379      0.00380
     11.35979      0.00381
     11.35579      0.00381
     11.35178      0.00382
     11.34778      0.00383
     11.34378      0.00384
     11.33978      0.00384
     11.33578      0.00385
     11.33178      0.00386
     11.32778      0.00386
     11.32377      0.00387
     11.31977      0.00388
     11.31577      0.00389
     11.31177      0.00389
     11.30777      0.00390
     11.30377      0.00391
     11.29977      0.00392
     11.29577      0.00393
     11.29176      0.00393
     11.28776      0.00394
     11.28376      0.00395
     11.27976      0.00396
     11.27576      0.00396
     11.27176      0.00397
     11.26776      0.00398
     11.26375      0.00399
     11.25975      0.00400
     11.25575      0.00400
     11.25175      0.00401
     11.24775      0.00402
     11.24375      0.00403
     11.23975      0.00403
     11.23575      0.00404
     11.23174      0.00405
     11.22774      0.00406
     11.22374      0.00407
     11.21974      0.00407
     11.21574      0.00408
     11.21174      0.00409
     11.20774      0.00410
     11.20373      0.00411
     11.19973      0.00412
     11.19573      0.00412
     11.19173      0.00413
     11.18773      0.00414
     11.18373      0.00415
     11.17973      0.00416
     11.17573      0.00417
     11.17172      0.00417
     11.16772      0.00418
     11.16372      0.00419
     11.15972      0.00420
     11.15572      0.00421
     11.15172      0.00422
     11.14772      0.00423
     11.14371      0.00423
     11.13971      0.00424
     11.13571      0.00425
     11.13171      0.00426
     11.12771      0.00427
     11.12371      0.00428
     11.11971      0.00429
     11.11571      0.00429
     11.11170      0.00430
     11.10770      0.00431
     11.10370      0.00432
     11.09970      0.00433
     11.09570      0.00434
     11.09170      0.00435
     11.08770      0.00436
     11.08369      0.00437
     11.07969      0.00438
     11.07569      0.00438
     11.07169      0.00439
     11.06769      0.00440
     11.06369      0.00441
     11.05969      0.00442
     11.05569      0.00443
     11.05168      0.00444
     11.04768      0.00445
     11.04368      0.00446
     11.03968      0.00447
     11.03568      0.00448
     11.03168      0.00449
     11.02768      0.00450
     11.02367      0.00451
     11.01967      0.00451
     11.01567      0.00452
     11.01167      0.00453
     11.00767      0.00454
     11.00367      0.00455
     10.99967      0.00456
     10.99567      0.00457
     10.99166      0.00458
     10.98766      0.00459
     10.98366      0.00460
     10.97966      0.00461
     10.97566      0.00462
     10.97166      0.00463
     10.96766      0.00464
     10.96365      0.00465
     10.95965      0.00466
     10.95565      0.00467
     10.95165      0.00468
     10.94765      0.00469
     10.94365      0.00470
     10.93965      0.00471
     10.93565      0.00472
     10.93164      0.00473
     10.92764      0.00474
     10.92364      0.00475
     10.91964      0.00476
     10.91564      0.00477
     10.91164      0.00478
     10.90764      0.00479
     10.90363      0.00480
     10.89963      0.00482
     10.89563      0.00483
     10.89163      0.00484
     10.88763      0.00485
     10.88363      0.00486
     10.87963      0.00487
     10.87563      0.00488
     10.87162      0.00489
     10.86762      0.00490
     10.86362      0.00491
     10.85962      0.00492
     10.85562      0.00493
     10.85162      0.00494
     10.84762      0.00496
     10.84361      0.00497
     10.83961      0.00498
     10.83561      0.00499
     10.83161      0.00500
     10.82761      0.00501
     10.82361      0.00502
     10.81961      0.00503
     10.81561      0.00504
     10.81160      0.00506
     10.80760      0.00507
     10.80360      0.00508
     10.79960      0.00509
     10.79560      0.00510
     10.79160      0.00511
     10.78760      0.00512
     10.78359      0.00514
     10.77959      0.00515
     10.77559      0.00516
     10.77159      0.00517
     10.76759      0.00518
     10.76359      0.00520
     10.75959      0.00521
     10.75559      0.00522
     10.75158      0.00523
     10.74758      0.00524
     10.74358      0.00526
     10.73958      0.00527
     10.73558      0.00528
     10.73158      0.00529
     10.72758      0.00530
     10.72357      0.00532
     10.71957      0.00533
     10.71557      0.00534
     10.71157      0.00535
     10.70757      0.00537
     10.70357      0.00538
     10.69957      0.00539
     10.69557      0.00540
     10.69156      0.00542
     10.68756      0.00543
     10.68356      0.00544
     10.67956      0.00545
     10.67556      0.00547
     10.67156      0.00548
     10.66756      0.00549
     10.66355      0.00551
     10.65955      0.00552
     10.65555      0.00553
     10.65155      0.00555
     10.64755      0.00556
     10.64355      0.00557
     10.63955      0.00558
     10.63555      0.00560
     10.63154      0.00561
     10.62754      0.00563
     10.62354      0.00564
     10.61954      0.00565
     10.61554      0.00567
     10.61154      0.00568
     10.60754      0.00569
     10.60353      0.00571
     10.59953      0.00572
     10.59553      0.00573
     10.59153      0.00575
     10.58753      0.00576
     10.58353      0.00578
     10.57953      0.00579
     10.57553      0.00580
     10.57152      0.00582
     10.56752      0.00583
     10.56352      0.00585
     10.55952      0.00586
     10.55552      0.00588
     10.55152      0.00589
     10.54752      0.00590
     10.54351      0.00592
     10.53951      0.00593
     10.53551      0.00595
     10.53151      0.00596
     10.52751      0.00598
     10.52351      0.00599
     10.51951      0.00601
     10.51551      0.00602
     10.51150      0.00604
     10.50750      0.00605
     10.50350      0.00607
     10.49950      0.00608
     10.49550      0.00610
     10.49150      0.00611
     10.48750      0.00613
     10.48349      0.00614
     10.47949      0.00616
     10.47549      0.00617
     10.47149      0.00619
     10.46749      0.00621
     10.46349      0.00622
     10.45949      0.00624
     10.45549      0.00625
     10.45148      0.00627
     10.44748      0.00629
     10.44348      0.00630
     10.43948      0.00632
     10.43548      0.00633
     10.43148      0.00635
     10.42748      0.00637
     10.42347      0.00638
     10.41947      0.00640
     10.41547      0.00642
     10.41147      0.00643
     10.40747      0.00645
     10.40347      0.00647
     10.39947      0.00648
     10.39547      0.00650
     10.39146      0.00652
     10.38746      0.00653
     10.38346      0.00655
     10.37946      0.00657
     10.37546      0.00658
     10.37146      0.00660
     10.36746      0.00662
     10.36345      0.00664
     10.35945      0.00665
     10.35545      0.00667
     10.35145      0.00669
     10.34745      0.00671
     10.34345      0.00672
     10.33945      0.00674
     10.33545      0.00676
     10.33144      0.00678
     10.32744      0.00680
     10.32344      0.00681
     10.31944      0.00683
     10.31544      0.00685
     10.31144      0.00687
     10.30744      0.00689
     10.30343      0.00691
     10.29943      0.00692
     10.29543      0.00694
     10.29143      0.00696
     10.28743      0.00698
     10.28343      0.00700
     10.27943      0.00702
     10.27543      0.00704
     10.27142      0.00706
     10.26742      0.00708
     10.26342      0.00710
     10.25942      0.00711
     10.25542      0.00713
     10.25142      0.00715
     10.24742      0.00717
     10.24341      0.00719
     10.23941      0.00721
     10.23541      0.00723
     10.23141      0.00725
     10.22741      0.00727
     10.22341      0.00729
     10.21941      0.00731
     10.21541      0.00733
     10.21140      0.00735
     10.20740      0.00737
     10.20340      0.00739
     10.19940      0.00742
     10.19540      0.00744
     10.19140      0.00746
     10.18740      0.00748
     10.18339      0.00750
     10.17939      0.00752
     10.17539      0.00754
     10.17139      0.00756
     10.16739      0.00758
     10.16339      0.00761
     10.15939      0.00763
     10.15539      0.00765
     10.15138      0.00767
     10.14738      0.00769
     10.14338      0.00771
     10.13938      0.00774
     10.13538      0.00776
     10.13138      0.00778
     10.12738      0.00780
     10.12337      0.00783
     10.11937      0.00785
     10.11537      0.00787
     10.11137      0.00789
     10.10737      0.00792
     10.10337      0.00794
     10.09937      0.00796
     10.09537      0.00799
     10.09136      0.00801
     10.08736      0.00803
     10.08336      0.00806
     10.07936      0.00808
     10.07536      0.00810
     10.07136      0.00813
     10.06736      0.00815
     10.06335      0.00818
     10.05935      0.00820
     10.05535      0.00823
     10.05135      0.00825
     10.04735      0.00827
     10.04335      0.00830
     10.03935      0.00832
     10.03535      0.00835
     10.03134      0.00837
     10.02734      0.00840
     10.02334      0.00842
     10.01934      0.00845
     10.01534      0.00848
     10.01134      0.00850
     10.00734      0.00853
     10.00333      0.00855
      9.99933      0.00858
      9.99533      0.00860
      9.99133      0.00863
      9.98733      0.00866
      9.98333      0.00868
      9.97933      0.00871
      9.97533      0.00874
      9.97132      0.00876
      9.96732      0.00879
      9.96332      0.00882
      9.95932      0.00885
      9.95532      0.00887
      9.95132      0.00890
      9.94732      0.00893
      9.94331      0.00896
      9.93931      0.00898
      9.93531      0.00901
      9.93131      0.00904
      9.92731      0.00907
      9.92331      0.00910
      9.91931      0.00913
      9.91531      0.00915
      9.91130      0.00918
      9.90730      0.00921
      9.90330      0.00924
      9.89930      0.00927
      9.89530      0.00930
      9.89130      0.00933
      9.88730      0.00936
      9.88329      0.00939
      9.87929      0.00942
      9.87529      0.00945
      9.87129      0.00948
      9.86729      0.00951
      9.86329      0.00954
      9.85929      0.00957
      9.85529      0.00960
      9.85128      0.00963
      9.84728      0.00967
      9.84328      0.00970
      9.83928      0.00973
      9.83528      0.00976
      9.83128      0.00979
      9.82728      0.00982
      9.82327      0.00986
      9.81927      0.00989
      9.81527      0.00992
      9.81127      0.00996
      9.80727      0.00999
      9.80327      0.01002
      9.79927      0.01005
      9.79527      0.01009
      9.79126      0.01012
      9.78726      0.01016
      9.78326      0.01019
      9.77926      0.01022
      9.77526      0.01026
      9.77126      0.01029
      9.76726      0.01033
      9.76325      0.01036
      9.75925      0.01040
      9.75525      0.01043
      9.75125      0.01047
      9.74725      0.01050
      9.74325      0.01054
      9.73925      0.01058
      9.73525      0.01061
      9.73124      0.01065
      9.72724      0.01069
      9.72324      0.01072
      9.71924      0.01076
      9.71524      0.01080
      9.71124      0.01083
      9.70724      0.01087
      9.70323      0.01091
      9.69923      0.01095
      9.69523      0.01099
      9.69123      0.01102
      9.68723      0.01106
      9.68323      0.01110
      9.67923      0.01114
      9.67523      0.01118
      9.67122      0.01122
      9.66722      0.01126
      9.66322      0.01130
      9.65922      0.01134
      9.65522      0.01138
      9.65122      0.01142
      9.64722      0.01146
      9.64321      0.01150
      9.63921      0.01155
      9.63521      0.01159
      9.63121      0.01163
      9.62721      0.01167
      9.62321      0.01171
      9.61921      0.01176
      9.61521      0.01180
      9.61120      0.01184
      9.60720      0.01188
      9.60320      0.01193
      9.59920      0.01197
      9.59520      0.01202
      9.59120      0.01206
      9.58720      0.01210
      9.58319      0.01215
      9.57919      0.01219
      9.57519      0.01224
      9.57119      0.01229
      9.56719      0.01233
      9.56319      0.01238
      9.55919      0.01242
      9.55519      0.01247
      9.55118      0.01252
      9.54718      0.01257
      9.54318      0.01261
      9.53918      0.01266
      9.53518      0.01271
      9.53118      0.01276
      9.52718      0.01281
      9.52317      0.01285
      9.51917      0.01290
      9.51517      0.01295
      9.51117      0.01300
      9.50717      0.01305
      9.50317      0.01310
      9.49917      0.01315
      9.49517      0.01321
      9.49116      0.01326
      9.48716      0.01331
      9.48316      0.01336
      9.47916      0.01341
      9.47516      0.01347
      9.47116      0.01352
      9.46716      0.01357
      9.46315      0.01363
      9.45915      0.01368
      9.45515      0.01373
      9.45115      0.01379
      9.44715      0.01384
      9.44315      0.01390
      9.43915      0.01395
      9.43515      0.01401
      9.43114      0.01407
      9.42714      0.01412
      9.42314      0.01418
      9.41914      0.01424
      9.41514      0.01430
      9.41114      0.01435
      9.40714      0.01441
      9.40313      0.01447
      9.39913      0.01453
      9.39513      0.01459
      9.39113      0.01465
      9.38713      0.01471
      9.38313      0.01477
      9.37913      0.01483
      9.37513      0.01490
      9.37112      0.01496
      9.36712      0.01502
      9.36312      0.01508
      9.35912      0.01515
      9.35512      0.01521
      9.35112      0.01527
      9.34712      0.01534
      9.34311      0.01540
      9.33911      0.01547
      9.33511      0.01554
      9.33111      0.01560
      9.32711      0.01567
      9.32311      0.01574
      9.31911      0.01580
      9.31511      0.01587
      9.31110      0.01594
      9.30710      0.01601
      9.30310      0.01608
      9.29910      0.01615
      9.29510      0.01622
      9.29110      0.01629
      9.28710      0.01636
      9.28309      0.01643
      9.27909      0.01651
      9.27509      0.01658
      9.27109      0.01665
      9.26709      0.01673
      9.26309      0.01680
      9.25909      0.01688
      9.25509      0.01695
      9.25108      0.01703
      9.24708      0.01710
      9.24308      0.01718
      9.23908      0.01726
      9.23508      0.01734
      9.23108      0.01742
      9.22708      0.01749
      9.22307      0.01757
      9.21907      0.01766
      9.21507      0.01774
      9.21107      0.01782
      9.20707      0.01790
      9.20307      0.01798
      9.19907      0.01807
      9.19507      0.01815
      9.19106      0.01824
      9.18706      0.01832
      9.18306      0.01841
      9.17906      0.01849
      9.17506      0.01858
      9.17106      0.01867
      9.16706      0.01876
      9.16305      0.01885
      9.15905      0.01894
      9.15505      0.01903
      9.15105      0.01912
      9.14705      0.01921
      9.14305      0.01930
      9.13905      0.01940
      9.13505      0.01949
      9.13104      0.01958
      9.12704      0.01968
      9.12304      0.01978
      9.11904      0.01987
      9.11504      0.01997
      9.11104      0.02007
      9.10704      0.02017
      9.10303      0.02027
      9.09903      0.02037
      9.09503      0.02047
      9.09103      0.02057
      9.08703      0.02068
      9.08303      0.02078
      9.07903      0.02088
      9.07503      0.02099
      9.07102      0.02110
      9.06702      0.02120
      9.06302      0.02131
      9.05902      0.02142
      9.05502      0.02153
      9.05102      0.02164
      9.04702      0.02175
      9.04301      0.02187
      9.03901      0.02198
      9.03501      0.02209
      9.03101      0.02221
      9.02701      0.02233
      9.02301      0.02244
      9.01901      0.02256
      9.01501      0.02268
      9.01100      0.02280
      9.00700      0.02292
      9.00300      0.02304
      8.99900      0.02317
      8.99500      0.02329
      8.99100      0.02342
      8.98700      0.02354
      8.98299      0.02367
      8.97899      0.02380
      8.97499      0.02393
      8.97099      0.02406
      8.96699      0.02419
      8.96299      0.02433
      8.95899      0.02446
      8.95498      0.02460
      8.95098      0.02473
      8.94698      0.02487
      8.94298      0.02501
      8.93898      0.02515
      8.93498      0.02529
      8.93098      0.02543
      8.92698      0.02558
      8.92297      0.02572
      8.91897      0.02587
      8.91497      0.02602
      8.91097      0.02617
      8.90697      0.02632
      8.90297      0.02647
      8.89897      0.02662
      8.89496      0.02678
      8.89096      0.02693
      8.88696      0.02709
      8.88296      0.02725
      8.87896      0.02741
      8.87496      0.02757
      8.87096      0.02774
      8.86696      0.02790
      8.86295      0.02807
      8.85895      0.02824
      8.85495      0.02841
      8.85095      0.02858
      8.84695      0.02875
      8.84295      0.02893
      8.83895      0.02910
      8.83494      0.02928
      8.83094      0.02946
      8.82694      0.02964
      8.82294      0.02983
      8.81894      0.03001
      8.81494      0.03020
      8.81094      0.03039
      8.80694      0.03058
      8.80293      0.03077
      8.79893      0.03097
      8.79493      0.03116
      8.79093      0.03136
      8.78693      0.03156
      8.78293      0.03176
      8.77893      0.03197
      8.77492      0.03218
      8.77092      0.03239
      8.76692      0.03260
      8.76292      0.03281
      8.75892      0.03303
      8.75492      0.03324
      8.75092      0.03346
      8.74692      0.03369
      8.74291      0.03391
      8.73891      0.03414
      8.73491      0.03437
      8.73091      0.03460
      8.72691      0.03483
      8.72291      0.03507
      8.71891      0.03531
      8.71490      0.03555
      8.71090      0.03580
      8.70690      0.03604
      8.70290      0.03629
      8.69890      0.03655
      8.69490      0.03680
      8.69090      0.03706
      8.68690      0.03732
      8.68289      0.03759
      8.67889      0.03785
      8.67489      0.03812
      8.67089      0.03840
      8.66689      0.03867
      8.66289      0.03895
      8.65889      0.03924
      8.65488      0.03952
      8.65088      0.03981
      8.64688      0.04011
      8.64288      0.04040
      8.63888      0.04070
      8.63488      0.04101
      8.63088      0.04131
      8.62688      0.04162
      8.62287      0.04194
      8.61887      0.04226
      8.61487      0.04258
      8.61087      0.04290
      8.60687      0.04323
      8.60287      0.04357
      8.59887      0.04391
      8.59486      0.04425
      8.59086      0.04460
      8.58686      0.04495
      8.58286      0.04530
      8.57886      0.04566
      8.57486      0.04603
      8.57086      0.04640
      8.56686      0.04677
      8.56285      0.04715
      8.55885      0.04753
      8.55485      0.04792
      8.55085      0.04831
      8.54685      0.04871
      8.54285      0.04912
      8.53885      0.04953
      8.53484      0.04994
      8.53084      0.05036
      8.52684      0.05079
      8.52284      0.05122
      8.51884      0.05166
      8.51484      0.05210
      8.51084      0.05255
      8.50684      0.05301
      8.50283      0.05347
      8.49883      0.05394
      8.49483      0.05442
      8.49083      0.05490
      8.48683      0.05539
      8.48283      0.05589
      8.47883      0.05639
      8.47482      0.05690
      8.47082      0.05742
      8.46682      0.05795
      8.46282      0.05848
      8.45882      0.05903
      8.45482      0.05958
      8.45082      0.06013
      8.44682      0.06070
      8.44281      0.06128
      8.43881      0.06186
      8.43481      0.06245
      8.43081      0.06306
      8.42681      0.06367
      8.42281      0.06429
      8.41881      0.06492
      8.41480      0.06556
      8.41080      0.06622
      8.40680      0.06688
      8.40280      0.06755
      8.39880      0.06823
      8.39480      0.06893
      8.39080      0.06964
      8.38680      0.07035
      8.38279      0.07109
      8.37879      0.07183
      8.37479      0.07258
      8.37079      0.07335
      8.36679      0.07413
      8.36279      0.07493
      8.35879      0.07574
      8.35478      0.07656
      8.35078      0.07740
      8.34678      0.07825
      8.34278      0.07912
      8.33878      0.08000
      8.33478      0.08090
      8.33078      0.08182
      8.32678      0.08275
      8.32277      0.08370
      8.31877      0.08467
      8.31477      0.08566
      8.31077      0.08667
      8.30677      0.08769
      8.30277      0.08874
      8.29877      0.08980
      8.29476      0.09089
      8.29076      0.09200
      8.28676      0.09313
      8.28276      0.09428
      8.27876      0.09546
      8.27476      0.09666
      8.27076      0.09788
      8.26676      0.09913
      8.26275      0.10041
      8.25875      0.10171
      8.25475      0.10305
      8.25075      0.10441
      8.24675      0.10580
      8.24275      0.10722
      8.23875      0.10867
      8.23474      0.11016
      8.23074      0.11167
      8.22674      0.11323
      8.22274      0.11482
      8.21874      0.11644
      8.21474      0.11811
      8.21074      0.11981
      8.20674      0.12155
      8.20273      0.12334
      8.19873      0.12517
      8.19473      0.12704
      8.19073      0.12896
      8.18673      0.13093
      8.18273      0.13295
      8.17873      0.13502
      8.17472      0.13715
      8.17072      0.13933
      8.16672      0.14157
      8.16272      0.14387
      8.15872      0.14623
      8.15472      0.14865
      8.15072      0.15114
      8.14672      0.15371
      8.14271      0.15634
      8.13871      0.15905
      8.13471      0.16184
      8.13071      0.16471
      8.12671      0.16766
      8.12271      0.17071
      8.11871      0.17384
      8.11470      0.17708
      8.11070      0.18041
      8.10670      0.18385
      8.10270      0.18740
      8.09870      0.19106
      8.09470      0.19485
      8.09070      0.19876
      8.08670      0.20280
      8.08269      0.20698
      8.07869      0.21131
      8.07469      0.21579
      8.07069      0.22042
      8.06669      0.22523
      8.06269      0.23021
      8.05869      0.23538
      8.05468      0.24074
      8.05068      0.24631
      8.04668      0.25209
      8.04268      0.25811
      8.03868      0.26437
      8.03468      0.27088
      8.03068      0.27766
      8.02668      0.28473
      8.02267      0.29210
      8.01867      0.29980
      8.01467      0.30783
      8.01067      0.31623
      8.00667      0.32502
      8.00267      0.33422
      7.99867      0.34385
      7.99466      0.35396
      7.99066      0.36456
      7.98666      0.37570
      7.98266      0.38741
      7.97866      0.39974
      7.97466      0.41272
      7.97066      0.42641
      7.96666      0.44087
      7.96265      0.45615
      7.95865      0.47231
      7.95465      0.48943
      7.95065      0.50759
      7.94665      0.52688
      7.94265      0.54739
      7.93865      0.56923
      7.93464      0.59252
      7.93064      0.61739
      7.92664      0.64399
      7.92264      0.67248
      7.91864      0.70306
      7.91464      0.73593
      7.91064      0.77132
      7.90664      0.80950
      7.90263      0.85077
      7.89863      0.89547
      7.89463      0.94397
      7.89063      0.99673
      7.88663      1.05423
      7.88263      1.11705
      7.87863      1.18584
      7.87462      1.26136
      7.87062      1.34445
      7.86662      1.43612
      7.86262      1.53750
      7.85862      1.64991
      7.85462      1.77487
      7.85062      1.91411
      7.84662      2.06963
      7.84261      2.24369
      7.83861      2.43886
      7.83461      2.65799
      7.83061      2.90421
      7.82661      3.18080
      7.82261      3.49107
      7.81861      3.83805
      7.81460      4.22402
      7.81060      4.64974
      7.80660      5.11345
      7.80260      5.60942
      7.79860      6.12642
      7.79460      6.64618
      7.79060      7.14263
      7.78660      7.58288
      7.78259      7.93064
      7.77859      8.15223
      7.77459      8.22401
      7.77059      8.13845
      7.76659      7.90617
      7.76259      7.55311
      7.75859      7.11391
      7.75458      6.62471
      7.75058      6.11740
      7.74658      5.61674
      7.74258      5.13972
      7.73858      4.69657
      7.73458      4.29222
      7.73058      3.92796
      7.72658      3.60273
      7.72257      3.31414
      7.71857      3.05911
      7.71457      2.83437
      7.71057      2.63670
      7.70657      2.46307
      7.70257      2.31075
      7.69857      2.17728
      7.69456      2.06052
      7.69056      1.95858
      7.68656      1.86986
      7.68256      1.79297
      7.67856      1.72672
      7.67456      1.67011
      7.67056      1.62230
      7.66656      1.58257
      7.66255      1.55034
      7.65855      1.52515
      7.65455      1.50661
      7.65055      1.49446
      7.64655      1.48848
      7.64255      1.48858
      7.63855      1.49470
      7.63454      1.50690
      7.63054      1.52528
      7.62654      1.55006
      7.62254      1.58150
      7.61854      1.61999
      7.61454      1.66601
      7.61054      1.72012
      7.60654      1.78305
      7.60253      1.85563
      7.59853      1.93888
      7.59453      2.03396
      7.59053      2.14227
      7.58653      2.26540
      7.58253      2.40523
      7.57853      2.56390
      7.57452      2.74385
      7.57052      2.94780
      7.56652      3.17879
      7.56252      3.44004
      7.55852      3.73484
      7.55452      4.06631
      7.55052      4.43694
      7.54652      4.84796
      7.54251      5.29833
      7.53851      5.78348
      7.53451      6.29370
      7.53051      6.81259
      7.52651      7.31607
      7.52251      7.77275
      7.51851      8.14672
      7.51450      8.40297
      7.51050      8.51467
      7.50650      8.46985
      7.50250      8.27468
      7.49850      7.95175
      7.49450      7.53427
      7.49050      7.05866
      7.48650      6.55831
      7.48249      6.05995
      7.47849      5.58256
      7.47449      5.13800
      7.47049      4.73244
      7.46649      4.36805
      7.46249      4.04435
      7.45849      3.75930
      7.45448      3.51009
      7.45048      3.29358
      7.44648      3.10670
      7.44248      2.94653
      7.43848      2.81047
      7.43448      2.69622
      7.43048      2.60183
      7.42648      2.52566
      7.42247      2.46639
      7.41847      2.42299
      7.41447      2.39467
      7.41047      2.38093
      7.40647      2.38151
      7.40247      2.39638
      7.39847      2.42576
      7.39446      2.47011
      7.39046      2.53014
      7.38646      2.60683
      7.38246      2.70145
      7.37846      2.81556
      7.37446      2.95105
      7.37046      3.11014
      7.36646      3.29538
      7.36245      3.50962
      7.35845      3.75594
      7.35445      4.03749
      7.35045      4.35725
      7.34645      4.71754
      7.34245      5.11938
      7.33845      5.56147
      7.33444      6.03888
      7.33044      6.54145
      7.32644      7.05227
      7.32244      7.54669
      7.31844      7.99289
      7.31444      8.35479
      7.31044      8.59769
      7.30644      8.69554
      7.30243      8.63748
      7.29843      8.43088
      7.29443      8.09926
      7.29043      7.67628
      7.28643      7.19836
      7.28243      6.69858
      7.27843      6.20324
      7.27442      5.73088
      7.27042      5.29300
      7.26642      4.89558
      7.26242      4.54069
      7.25842      4.22783
      7.25442      3.95506
      7.25042      3.71970
      7.24642      3.51883
      7.24241      3.34962
      7.23841      3.20947
      7.23441      3.09611
      7.23041      3.00766
      7.22641      2.94265
      7.22241      2.89997
      7.21841      2.87895
      7.21440      2.87928
      7.21040      2.90102
      7.20640      2.94465
      7.20240      3.01102
      7.19840      3.10138
      7.19440      3.21737
      7.19040      3.36103
      7.18640      3.53476
      7.18239      3.74127
      7.17839      3.98345
      7.17439      4.26411
      7.17039      4.58567
      7.16639      4.94949
      7.16239      5.35503
      7.15839      5.79864
      7.15438      6.27200
      7.15038      6.76054
      7.14638      7.24221
      7.14238      7.68733
      7.13838      8.06069
      7.13438      8.32620
      7.13038      8.45383
      7.12638      8.42679
      7.12237      8.24595
      7.11837      7.92963
      7.11437      7.50868
      7.11037      7.01920
      7.10637      6.49581
      7.10237      5.96720
      7.09837      5.45439
      7.09436      4.97098
      7.09036      4.52444
      7.08636      4.11777
      7.08236      3.75095
      7.07836      3.42210
      7.07436      3.12840
      7.07036      2.86657
      7.06636      2.63326
      7.06235      2.42526
      7.05835      2.23960
      7.05435      2.07360
      7.05035      1.92487
      7.04635      1.79130
      7.04235      1.67106
      7.03835      1.56253
      7.03434      1.46434
      7.03034      1.37526
      7.02634      1.29424
      7.02234      1.22038
      7.01834      1.15287
      7.01434      1.09102
      7.01034      1.03423
      7.00634      0.98196
      7.00233      0.93375
      6.99833      0.88920
      6.99433      0.84794
      6.99033      0.80966
      6.98633      0.77408
      6.98233      0.74094
      6.97833      0.71002
      6.97432      0.68114
      6.97032      0.65410
      6.96632      0.62877
      6.96232      0.60498
      6.95832      0.58262
      6.95432      0.56158
      6.95032      0.54174
      6.94632      0.52302
      6.94231      0.50534
      6.93831      0.48860
      6.93431      0.47276
      6.93031      0.45774
      6.92631      0.44348
      6.92231      0.42993
      6.91831      0.41705
      6.91430      0.40479
      6.91030      0.39311
      6.90630      0.38197
      6.90230      0.37134
      6.89830      0.36119
      6.89430      0.35148
      6.89030      0.34220
      6.88630      0.33331
      6.88229      0.32479
      6.87829      0.31662
      6.87429      0.30879
      6.87029      0.30127
      6.86629      0.29404
      6.86229      0.28710
      6.85829      0.28042
      6.85428      0.27399
      6.85028      0.26780
      6.84628      0.26184
      6.84228      0.25609
      6.83828      0.25054
      6.83428      0.24519
      6.83028      0.24003
      6.82628      0.23504
      6.82227      0.23021
      6.81827      0.22555
      6.81427      0.22104
      6.81027      0.21668
      6.80627      0.21246
      6.80227      0.20837
      6.79827      0.20440
      6.79426      0.20056
      6.79026      0.19684
      6.78626      0.19323
      6.78226      0.18972
      6.77826      0.18632
      6.77426      0.18301
      6.77026      0.17981
      6.76626      0.17669
      6.76225      0.17366
      6.75825      0.17071
      6.75425      0.16785
      6.75025      0.16506
      6.74625      0.16235
      6.74225      0.15971
      6.73825      0.15714
      6.73424      0.15463
      6.73024      0.15219
      6.72624      0.14981
      6.72224      0.14750
      6.71824      0.14524
      6.71424      0.14303
      6.71024      0.14089
      6.70624      0.13879
      6.70223      0.13674
      6.69823      0.13474
      6.69423      0.13279
      6.69023      0.13089
      6.68623      0.12903
      6.68223      0.12721
      6.67823      0.12543
      6.67422      0.12370
      6.67022      0.12200
      6.66622      0.12034
      6.66222      0.11872
      6.65822      0.11713
      6.65422      0.11558
      6.65022      0.11406
      6.64622      0.11257
      6.64221      0.11111
      6.63821      0.10969
      6.63421      0.10829
      6.63021      0.10692
      6.62621      0.10558
      6.62221      0.10427
      6.61821      0.10298
      6.61420      0.10172
      6.61020      0.10049
      6.60620      0.09928
      6.60220      0.09809
      6.59820      0.09693
      6.59420      0.09578
      6.59020      0.09466
      6.58620      0.09356
      6.58219      0.09249
      6.57819      0.09143
      6.57419      0.09039
      6.57019      0.08937
      6.56619      0.08837
      6.56219      0.08739
      6.55819      0.08642
      6.55418      0.08548
      6.55018      0.08454
      6.54618      0.08363
      6.54218      0.08273
      6.53818      0.08185
      6.53418      0.08098
      6.53018      0.08013
      6.52618      0.07929
      6.52217      0.07847
      6.51817      0.07766
      6.51417      0.07686
      6.51017      0.07608
      6.50617      0.07531
      6.50217      0.07456
      6.49817      0.07381
      6.49416      0.07308
      6.49016      0.07236
      6.48616      0.07165
      6.48216      0.07095
      6.47816      0.07026
      6.47416      0.06959
      6.47016      0.06892
      6.46616      0.06827
      6.46215      0.06762
      6.45815      0.06699
      6.45415      0.06637
      6.45015      0.06575
      6.44615      0.06514
      6.44215      0.06455
      6.43815      0.06396
      6.43414      0.06338
      6.43014      0.06281
      6.42614      0.06225
      6.42214      0.06169
      6.41814      0.06115
      6.41414      0.06061
      6.41014      0.06008
      6.40614      0.05956
      6.40213      0.05904
      6.39813      0.05854
      6.39413      0.05804
      6.39013      0.05754
      6.38613      0.05706
      6.38213      0.05658
      6.37813      0.05610
      6.37412      0.05564
      6.37012      0.05518
      6.36612      0.05472
      6.36212      0.05428
      6.35812      0.05384
      6.35412      0.05340
      6.35012      0.05297
      6.34612      0.05255
      6.34211      0.05213
      6.33811      0.05172
      6.33411      0.05131
      6.33011      0.05091
      6.32611      0.05051
      6.32211      0.05012
      6.31811      0.04973
      6.31410      0.04935
      6.31010      0.04898
      6.30610      0.04860
      6.30210      0.04824
      6.29810      0.04787
      6.29410      0.04752
      6.29010      0.04716
      6.28610      0.04681
      6.28209      0.04647
      6.27809      0.04613
      6.27409      0.04579
      6.27009      0.04546
      6.26609      0.04513
      6.26209      0.04481
      6.25809      0.04449
      6.25408      0.04417
      6.25008      0.04386
      6.24608      0.04355
      6.24208      0.04325
      6.23808      0.04295
      6.23408      0.04265
      6.23008      0.04236
      6.22608      0.04206
      6.22207      0.04178
      6.21807      0.04149
      6.21407      0.04121
      6.21007      0.04094
      6.20607      0.04066
      6.20207      0.04039
      6.19807      0.04012
      6.19406      0.03986
      6.19006      0.03960
      6.18606      0.03934
      6.18206      0.03908
      6.17806      0.03883
      6.17406      0.03858
      6.17006      0.03833
      6.16606      0.03809
      6.16205      0.03784
      6.15805      0.03760
      6.15405      0.03737
      6.15005      0.03713
      6.14605      0.03690
      6.14205      0.03667
      6.13805      0.03645
      6.13404      0.03622
      6.13004      0.03600
      6.12604      0.03578
      6.12204      0.03556
      6.11804      0.03535
      6.11404      0.03514
      6.11004      0.03493
      6.10604      0.03472
      6.10203      0.03451
      6.09803      0.03431
      6.09403      0.03411
      6.09003      0.03391
      6.08603      0.03371
      6.08203      0.03352
      6.07803      0.03332
      6.07402      0.03313
      6.07002      0.03294
      6.06602      0.03276
      6.06202      0.03257
      6.05802      0.03239
      6.05402      0.03221
      6.05002      0.03203
      6.04602      0.03185
      6.04201      0.03167
      6.03801      0.03150
      6.03401      0.03133
      6.03001      0.03115
      6.02601      0.03099
      6.02201      0.03082
      6.01801      0.03065
      6.01400      0.03049
      6.01000      0.03033
      6.00600      0.03016
      6.00200      0.03001
      5.99800      0.02985
      5.99400      0.02969
      5.99000      0.02954
      5.98600      0.02938
      5.98199      0.02923
      5.97799      0.02908
      5.97399      0.02893
      5.96999      0.02878
      5.96599      0.02864
      5.96199      0.02849
      5.95799      0.02835
      5.95398      0.02821
      5.94998      0.02807
      5.94598      0.02793
      5.94198      0.02779
      5.93798      0.02765
      5.93398      0.02752
      5.92998      0.02738
      5.92598      0.02725
      5.92197      0.02712
      5.91797      0.02699
      5.91397      0.02686
      5.90997      0.02673
      5.90597      0.02661
      5.90197      0.02648
      5.89797      0.02636
      5.89396      0.02623
      5.88996      0.02611
      5.88596      0.02599
      5.88196      0.02587
      5.87796      0.02575
      5.87396      0.02563
      5.86996      0.02552
      5.86596      0.02540
      5.86195      0.02529
      5.85795      0.02517
      5.85395      0.02506
      5.84995      0.02495
      5.84595      0.02484
      5.84195      0.02473
      5.83795      0.02462
      5.83394      0.02451
      5.82994      0.02441
      5.82594      0.02430
      5.82194      0.02420
      5.81794      0.02409
      5.81394      0.02399
      5.80994      0.02389
      5.80594      0.02379
      5.80193      0.02369
      5.79793      0.02359
      5.79393      0.02349
      5.78993      0.02339
      5.78593      0.02329
      5.78193      0.02320
      5.77793      0.02310
      5.77392      0.02301
      5.76992      0.02292
      5.76592      0.02282
      5.76192      0.02273
      5.75792      0.02264
      5.75392      0.02255
      5.74992      0.02246
      5.74592      0.02237
      5.74191      0.02228
      5.73791      0.02220
      5.73391      0.02211
      5.72991      0.02203
      5.72591      0.02194
      5.72191      0.02186
      5.71791      0.02177
      5.71390      0.02169
      5.70990      0.02161
      5.70590      0.02153
      5.70190      0.02145
      5.69790      0.02137
      5.69390      0.02129
      5.68990      0.02121
      5.68590      0.02113
      5.68189      0.02105
      5.67789      0.02098
      5.67389      0.02090
      5.66989      0.02083
      5.66589      0.02075
      5.66189      0.02068
      5.65789      0.02060
      5.65388      0.02053
      5.64988      0.02046
      5.64588      0.02039
      5.64188      0.02032
      5.63788      0.02025
      5.63388      0.02018
      5.62988      0.02011
      5.62588      0.02004
      5.62187      0.01997
      5.61787      0.01990
      5.61387      0.01984
      5.60987      0.01977
      5.60587      0.01970
      5.60187      0.01964
      5.59787      0.01957
      5.59386      0.01951
      5.58986      0.01945
      5.58586      0.01938
      5.58186      0.01932
      5.57786      0.01926
      5.57386      0.01920
      5.56986      0.01914
      5.56586      0.01908
      5.56185      0.01902
      5.55785      0.01896
      5.55385      0.01890
      5.54985      0.01884
      5.54585      0.01878
      5.54185      0.01873
      5.53785      0.01867
      5.53384      0.01861
      5.52984      0.01856
      5.52584      0.01850
      5.52184      0.01845
      5.51784      0.01839
      5.51384      0.01834
      5.50984      0.01828
      5.50584      0.01823
      5.50183      0.01818
      5.49783      0.01813
      5.49383      0.01807
      5.48983      0.01802
      5.48583      0.01797
      5.48183      0.01792
      5.47783      0.01787
      5.47382      0.01782
      5.46982      0.01777
      5.46582      0.01772
      5.46182      0.01768
      5.45782      0.01763
      5.45382      0.01758
      5.44982      0.01753
      5.44582      0.01749
      5.44181      0.01744
      5.43781      0.01739
      5.43381      0.01735
      5.42981      0.01730
      5.42581      0.01726
      5.42181      0.01721
      5.41781      0.01717
      5.41380      0.01713
      5.40980      0.01708
      5.40580      0.01704
      5.40180      0.01700
      5.39780      0.01696
      5.39380      0.01691
      5.38980      0.01687
      5.38580      0.01683
      5.38179      0.01679
      5.37779      0.01675
      5.37379      0.01671
      5.36979      0.01667
      5.36579      0.01663
      5.36179      0.01659
      5.35779      0.01655
      5.35378      0.01652
      5.34978      0.01648
      5.34578      0.01644
      5.34178      0.01640
      5.33778      0.01637
      5.33378      0.01633
      5.32978      0.01629
      5.32578      0.01626
      5.32177      0.01622
      5.31777      0.01619
      5.31377      0.01615
      5.30977      0.01612
      5.30577      0.01609
      5.30177      0.01605
      5.29777      0.01602
      5.29376      0.01598
      5.28976      0.01595
      5.28576      0.01592
      5.28176      0.01589
      5.27776      0.01585
      5.27376      0.01582
      5.26976      0.01579
      5.26576      0.01576
      5.26175      0.01573
      5.25775      0.01570
      5.25375      0.01567
      5.24975      0.01564
      5.24575      0.01561
      5.24175      0.01558
      5.23775      0.01555
      5.23374      0.01552
      5.22974      0.01549
      5.22574      0.01547
      5.22174      0.01544
      5.21774      0.01541
      5.21374      0.01538
      5.20974      0.01536
      5.20574      0.01533
      5.20173      0.01530
      5.19773      0.01528
      5.19373      0.01525
      5.18973      0.01523
      5.18573      0.01520
      5.18173      0.01518
      5.17773      0.01515
      5.17372      0.01513
      5.16972      0.01510
      5.16572      0.01508
      5.16172      0.01506
      5.15772      0.01503
      5.15372      0.01501
      5.14972      0.01499
      5.14572      0.01496
      5.14171      0.01494
      5.13771      0.01492
      5.13371      0.01490
      5.12971      0.01488
      5.12571      0.01485
      5.12171      0.01483
      5.11771      0.01481
      5.11370      0.01479
      5.10970      0.01477
      5.10570      0.01475
      5.10170      0.01473
      5.09770      0.01471
      5.09370      0.01469
      5.08970      0.01467
      5.08570      0.01465
      5.08169      0.01464
      5.07769      0.01462
      5.07369      0.01460
      5.06969      0.01458
      5.06569      0.01456
      5.06169      0.01455
      5.05769      0.01453
      5.05368      0.01451
      5.04968      0.01450
      5.04568      0.01448
      5.04168      0.01446
      5.03768      0.01445
      5.03368      0.01443
      5.02968      0.01442
      5.02568      0.01440
      5.02167      0.01438
      5.01767      0.01437
      5.01367      0.01436
      5.00967      0.01434
      5.00567      0.01433
      5.00167      0.01431
      4.99767      0.01430
      4.99366      0.01429
      4.98966      0.01427
      4.98566      0.01426
      4.98166      0.01425
      4.97766      0.01423
      4.97366      0.01422
      4.96966      0.01421
      4.96566      0.01420
      4.96165      0.01419
      4.95765      0.01418
      4.95365      0.01416
      4.94965      0.01415
      4.94565      0.01414
      4.94165      0.01413
      4.93765      0.01412
      4.93364      0.01411
      4.92964      0.01410
      4.92564      0.01409
      4.92164      0.01408
      4.91764      0.01407
      4.91364      0.01406
      4.90964      0.01406
      4.90564      0.01405
      4.90163      0.01404
      4.89763      0.01403
      4.89363      0.01402
      4.88963      0.01401
      4.88563      0.01401
      4.88163      0.01400
      4.87763      0.01399
      4.87362      0.01399
      4.86962      0.01398
      4.86562      0.01397
      4.86162      0.01397
      4.85762      0.01396
      4.85362      0.01396
      4.84962      0.01395
      4.84562      0.01394
      4.84161      0.01394
      4.83761      0.01393
      4.83361      0.01393
      4.82961      0.01393
      4.82561      0.01392
      4.82161      0.01392
      4.81761      0.01391
      4.81360      0.01391
      4.80960      0.01391
      4.80560      0.01390
      4.80160      0.01390
      4.79760      0.01390
      4.79360      0.01389
      4.78960      0.01389
      4.78560      0.01389
      4.78159      0.01389
      4.77759      0.01389
      4.77359      0.01389
      4.76959      0.01388
      4.76559      0.01388
      4.76159      0.01388
      4.75759      0.01388
      4.75358      0.01388
      4.74958      0.01388
      4.74558      0.01388
      4.74158      0.01388
      4.73758      0.01388
      4.73358      0.01388
      4.72958      0.01388
      4.72558      0.01388
      4.72157      0.01388
      4.71757      0.01389
      4.71357      0.01389
      4.70957      0.01389
      4.70557      0.01389
      4.70157      0.01389
      4.69757      0.01390
      4.69356      0.01390
      4.68956      0.01390
      4.68556      0.01391
      4.68156      0.01391
      4.67756      0.01391
      4.67356      0.01392
      4.66956      0.01392
      4.66556      0.01393
      4.66155      0.01393
      4.65755      0.01393
      4.65355      0.01394
      4.64955      0.01394
      4.64555      0.01395
      4.64155      0.01396
      4.63755      0.01396
      4.63354      0.01397
      4.62954      0.01397
      4.62554      0.01398
      4.62154      0.01399
      4.61754      0.01399
      4.61354      0.01400
      4.60954      0.01401
      4.60554      0.01402
      4.60153      0.01402
      4.59753      0.01403
      4.59353      0.01404
      4.58953      0.01405
      4.58553      0.01406
      4.58153      0.01407
      4.57753      0.01408
      4.57352      0.01408
      4.56952      0.01409
      4.56552      0.01410
      4.56152      0.01411
      4.55752      0.01412
      4.55352      0.01413
      4.54952      0.01415
      4.54552      0.01416
      4.54151      0.01417
      4.53751      0.01418
      4.53351      0.01419
      4.52951      0.01420
      4.52551      0.01422
      4.52151      0.01423
      4.51751      0.01424
      4.51350      0.01425
      4.50950      0.01427
      4.50550      0.01428
      4.50150      0.01429
      4.49750      0.01431
      4.49350      0.01432
      4.48950      0.01434
      4.48550      0.01435
      4.48149      0.01436
      4.47749      0.01438
      4.47349      0.01439
      4.46949      0.01441
      4.46549      0.01443
      4.46149      0.01444
      4.45749      0.01446
      4.45348      0.01448
      4.44948      0.01449
      4.44548      0.01451
      4.44148      0.01453
      4.43748      0.01454
      4.43348      0.01456
      4.42948      0.01458
      4.42548      0.01460
      4.42147      0.01462
      4.41747      0.01464
      4.41347      0.01465
      4.40947      0.01467
      4.40547      0.01469
      4.40147      0.01471
      4.39747      0.01473
      4.39346      0.01475
      4.38946      0.01478
      4.38546      0.01480
      4.38146      0.01482
      4.37746      0.01484
      4.37346      0.01486
      4.36946      0.01488
      4.36546      0.01491
      4.36145      0.01493
      4.35745      0.01495
      4.35345      0.01497
      4.34945      0.01500
      4.34545      0.01502
      4.34145      0.01505
      4.33745      0.01507
      4.33344      0.01509
      4.32944      0.01512
      4.32544      0.01515
      4.32144      0.01517
      4.31744      0.01520
      4.31344      0.01522
      4.30944      0.01525
      4.30544      0.01528
      4.30143      0.01530
      4.29743      0.01533
      4.29343      0.01536
      4.28943      0.01539
      4.28543      0.01541
      4.28143      0.01544
      4.27743      0.01547
      4.27342      0.01550
      4.26942      0.01553
      4.26542      0.01556
      4.26142      0.01559
      4.25742      0.01562
      4.25342      0.01565
      4.24942      0.01568
      4.24542      0.01571
      4.24141      0.01575
      4.23741      0.01578
      4.23341      0.01581
      4.22941      0.01584
      4.22541      0.01588
      4.22141      0.01591
      4.21741      0.01594
      4.21340      0.01598
      4.20940      0.01601
      4.20540      0.01605
      4.20140      0.01608
      4.19740      0.01612
      4.19340      0.01616
      4.18940      0.01619
      4.18540      0.01623
      4.18139      0.01627
      4.17739      0.01630
      4.17339      0.01634
      4.16939      0.01638
      4.16539      0.01642
      4.16139      0.01646
      4.15739      0.01650
      4.15338      0.01654
      4.14938      0.01658
      4.14538      0.01662
      4.14138      0.01666
      4.13738      0.01670
      4.13338      0.01674
      4.12938      0.01678
      4.12538      0.01683
      4.12137      0.01687
      4.11737      0.01691
      4.11337      0.01696
      4.10937      0.01700
      4.10537      0.01704
      4.10137      0.01709
      4.09737      0.01713
      4.09336      0.01718
      4.08936      0.01723
      4.08536      0.01727
      4.08136      0.01732
      4.07736      0.01737
      4.07336      0.01742
      4.06936      0.01747
      4.06536      0.01751
      4.06135      0.01756
      4.05735      0.01761
      4.05335      0.01766
      4.04935      0.01772
      4.04535      0.01777
      4.04135      0.01782
      4.03735      0.01787
      4.03334      0.01792
      4.02934      0.01798
      4.02534      0.01803
      4.02134      0.01809
      4.01734      0.01814
      4.01334      0.01820
      4.00934      0.01825
      4.00534      0.01831
      4.00133      0.01837
      3.99733      0.01842
      3.99333      0.01848
      3.98933      0.01854
      3.98533      0.01860
      3.98133      0.01866
      3.97733      0.01872
      3.97332      0.01878
      3.96932      0.01884
      3.96532      0.01890
      3.96132      0.01896
      3.95732      0.01903
      3.95332      0.01909
      3.94932      0.01915
      3.94532      0.01922
      3.94131      0.01928
      3.93731      0.01935
      3.93331      0.01942
      3.92931      0.01948
      3.92531      0.01955
      3.92131      0.01962
      3.91731      0.01969
      3.91330      0.01976
      3.90930      0.01983
      3.90530      0.01990
      3.90130      0.01997
      3.89730      0.02004
      3.89330      0.02012
      3.88930      0.02019
      3.88530      0.02027
      3.88129      0.02034
      3.87729      0.02042
      3.87329      0.02049
      3.86929      0.02057
      3.86529      0.02065
      3.86129      0.02073
      3.85729      0.02081
      3.85328      0.02089
      3.84928      0.02097
      3.84528      0.02105
      3.84128      0.02113
      3.83728      0.02121
      3.83328      0.02130
      3.82928      0.02138
      3.82528      0.02147
      3.82127      0.02155
      3.81727      0.02164
      3.81327      0.02173
      3.80927      0.02182
      3.80527      0.02191
      3.80127      0.02200
      3.79727      0.02209
      3.79326      0.02218
      3.78926      0.02227
      3.78526      0.02237
      3.78126      0.02246
      3.77726      0.02256
      3.77326      0.02265
      3.76926      0.02275
      3.76526      0.02285
      3.76125      0.02295
      3.75725      0.02305
      3.75325      0.02315
      3.74925      0.02325
      3.74525      0.02335
      3.74125      0.02346
      3.73725      0.02356
      3.73324      0.02367
      3.72924      0.02378
      3.72524      0.02388
      3.72124      0.02399
      3.71724      0.02410
      3.71324      0.02422
      3.70924      0.02433
      3.70524      0.02444
      3.70123      0.02456
      3.69723      0.02467
      3.69323      0.02479
      3.68923      0.02491
      3.68523      0.02503
      3.68123      0.02515
      3.67723      0.02527
      3.67322      0.02539
      3.66922      0.02551
      3.66522      0.02564
      3.66122      0.02577
      3.65722      0.02589
      3.65322      0.02602
      3.64922      0.02615
      3.64522      0.02628
      3.64121      0.02642
      3.63721      0.02655
      3.63321      0.02669
      3.62921      0.02682
      3.62521      0.02696
      3.62121      0.02710
      3.61721      0.02724
      3.61320      0.02738
      3.60920      0.02753
      3.60520      0.02767
      3.60120      0.02782
      3.59720      0.02797
      3.59320      0.02812
      3.58920      0.02827
      3.58520      0.02842
      3.58119      0.02858
      3.57719      0.02873
      3.57319      0.02889
      3.56919      0.02905
      3.56519      0.02921
      3.56119      0.02938
      3.55719      0.02954
      3.55318      0.02971
      3.54918      0.02987
      3.54518      0.03004
      3.54118      0.03022
      3.53718      0.03039
      3.53318      0.03057
      3.52918      0.03074
      3.52518      0.03092
      3.52117      0.03110
      3.51717      0.03129
      3.51317      0.03147
      3.50917      0.03166
      3.50517      0.03185
      3.50117      0.03204
      3.49717      0.03223
      3.49316      0.03243
      3.48916      0.03262
      3.48516      0.03282
      3.48116      0.03302
      3.47716      0.03323
      3.47316      0.03344
      3.46916      0.03364
      3.46516      0.03385
      3.46115      0.03407
      3.45715      0.03428
      3.45315      0.03450
      3.44915      0.03472
      3.44515      0.03495
      3.44115      0.03517
      3.43715      0.03540
      3.43314      0.03563
      3.42914      0.03586
      3.42514      0.03610
      3.42114      0.03634
      3.41714      0.03658
      3.41314      0.03683
      3.40914      0.03707
      3.40514      0.03732
      3.40113      0.03758
      3.39713      0.03783
      3.39313      0.03809
      3.38913      0.03835
      3.38513      0.03862
      3.38113      0.03889
      3.37713      0.03916
      3.37312      0.03944
      3.36912      0.03971
      3.36512      0.04000
      3.36112      0.04028
      3.35712      0.04057
      3.35312      0.04086
      3.34912      0.04116
      3.34512      0.04146
      3.34111      0.04176
      3.33711      0.04207
      3.33311      0.04238
      3.32911      0.04269
      3.32511      0.04301
      3.32111      0.04334
      3.31711      0.04366
      3.31310      0.04399
      3.30910      0.04433
      3.30510      0.04467
      3.30110      0.04501
      3.29710      0.04536
      3.29310      0.04571
      3.28910      0.04607
      3.28510      0.04643
      3.28109      0.04680
      3.27709      0.04717
      3.27309      0.04755
      3.26909      0.04793
      3.26509      0.04832
      3.26109      0.04871
      3.25709      0.04911
      3.25308      0.04951
      3.24908      0.04992
      3.24508      0.05033
      3.24108      0.05075
      3.23708      0.05118
      3.23308      0.05161
      3.22908      0.05204
      3.22508      0.05249
      3.22107      0.05294
      3.21707      0.05339
      3.21307      0.05385
      3.20907      0.05432
      3.20507      0.05480
      3.20107      0.05528
      3.19707      0.05577
      3.19306      0.05626
      3.18906      0.05676
      3.18506      0.05727
      3.18106      0.05779
      3.17706      0.05832
      3.17306      0.05885
      3.16906      0.05939
      3.16506      0.05994
      3.16105      0.06050
      3.15705      0.06106
      3.15305      0.06164
      3.14905      0.06222
      3.14505      0.06281
      3.14105      0.06341
      3.13705      0.06402
      3.13304      0.06464
      3.12904      0.06527
      3.12504      0.06591
      3.12104      0.06656
      3.11704      0.06721
      3.11304      0.06788
      3.10904      0.06856
      3.10504      0.06925
      3.10103      0.06996
      3.09703      0.07067
      3.09303      0.07139
      3.08903      0.07213
      3.08503      0.07288
      3.08103      0.07364
      3.07703      0.07441
      3.07302      0.07520
      3.06902      0.07600
      3.06502      0.07681
      3.06102      0.07764
      3.05702      0.07848
      3.05302      0.07933
      3.04902      0.08020
      3.04502      0.08109
      3.04101      0.08199
      3.03701      0.08291
      3.03301      0.08384
      3.02901      0.08479
      3.02501      0.08575
      3.02101      0.08674
      3.01701      0.08774
      3.01300      0.08876
      3.00900      0.08979
      3.00500      0.09085
      3.00100      0.09193
      2.99700      0.09302
      2.99300      0.09414
      2.98900      0.09528
      2.98499      0.09644
      2.98099      0.09762
      2.97699      0.09882
      2.97299      0.10005
      2.96899      0.10130
      2.96499      0.10257
      2.96099      0.10387
      2.95699      0.10520
      2.95298      0.10655
      2.94898      0.10793
      2.94498      0.10934
      2.94098      0.11077
      2.93698      0.11224
      2.93298      0.11373
      2.92898      0.11526
      2.92497      0.11682
      2.92097      0.11841
      2.91697      0.12003
      2.91297      0.12169
      2.90897      0.12338
      2.90497      0.12511
      2.90097      0.12688
      2.89697      0.12869
      2.89296      0.13053
      2.88896      0.13242
      2.88496      0.13435
      2.88096      0.13632
      2.87696      0.13834
      2.87296      0.14040
      2.86896      0.14251
      2.86495      0.14467
      2.86095      0.14688
      2.85695      0.14915
      2.85295      0.15146
      2.84895      0.15383
      2.84495      0.15626
      2.84095      0.15875
      2.83695      0.16130
      2.83294      0.16391
      2.82894      0.16659
      2.82494      0.16933
      2.82094      0.17215
      2.81694      0.17503
      2.81294      0.17799
      2.80894      0.18103
      2.80493      0.18414
      2.80093      0.18734
      2.79693      0.19062
      2.79293      0.19399
      2.78893      0.19746
      2.78493      0.20101
      2.78093      0.20467
      2.77693      0.20843
      2.77292      0.21229
      2.76892      0.21626
      2.76492      0.22035
      2.76092      0.22455
      2.75692      0.22888
      2.75292      0.23333
      2.74892      0.23792
      2.74491      0.24264
      2.74091      0.24751
      2.73691      0.25253
      2.73291      0.25770
      2.72891      0.26303
      2.72491      0.26854
      2.72091      0.27421
      2.71691      0.28007
      2.71290      0.28613
      2.70890      0.29238
      2.70490      0.29884
      2.70090      0.30552
      2.69690      0.31242
      2.69290      0.31956
      2.68890      0.32695
      2.68489      0.33461
      2.68089      0.34253
      2.67689      0.35074
      2.67289      0.35925
      2.66889      0.36807
      2.66489      0.37723
      2.66089      0.38673
      2.65689      0.39659
      2.65288      0.40684
      2.64888      0.41749
      2.64488      0.42856
      2.64088      0.44008
      2.63688      0.45207
      2.63288      0.46455
      2.62888      0.47756
      2.62487      0.49112
      2.62087      0.50527
      2.61687      0.52004
      2.61287      0.53546
      2.60887      0.55158
      2.60487      0.56843
      2.60087      0.58606
      2.59687      0.60452
      2.59286      0.62387
      2.58886      0.64415
      2.58486      0.66543
      2.58086      0.68778
      2.57686      0.71127
      2.57286      0.73597
      2.56886      0.76197
      2.56485      0.78936
      2.56085      0.81824
      2.55685      0.84872
      2.55285      0.88092
      2.54885      0.91497
      2.54485      0.95101
      2.54085      0.98919
      2.53685      1.02969
      2.53284      1.07269
      2.52884      1.11841
      2.52484      1.16707
      2.52084      1.21892
      2.51684      1.27424
      2.51284      1.33334
      2.50884      1.39658
      2.50483      1.46433
      2.50083      1.53702
      2.49683      1.61513
      2.49283      1.69920
      2.48883      1.78984
      2.48483      1.88771
      2.48083      1.99360
      2.47683      2.10836
      2.47282      2.23298
      2.46882      2.36856
      2.46482      2.51639
      2.46082      2.67789
      2.45682      2.85474
      2.45282      3.04881
      2.44882      3.26228
      2.44481      3.49765
      2.44081      3.75778
      2.43681      4.04599
      2.43281      4.36609
      2.42881      4.72246
      2.42481      5.12016
      2.42081      5.56498
      2.41681      6.06351
      2.41280      6.62325
      2.40880      7.25253
      2.40480      7.96054
      2.40080      8.75706
      2.39680      9.65205
      2.39280     10.65486
      2.38880     11.77295
      2.38479     13.00987
      2.38079     14.36227
      2.37679     15.81606
      2.37279     17.34160
      2.36879     18.88903
      2.36479     20.38536
      2.36079     21.73585
      2.35679     22.83251
      2.35278     23.57066
      2.34878     23.87078
      2.34478     23.69838
      2.34078     23.07341
      2.33678     22.06481
      2.33278     20.77263
      2.32878     19.30590
      2.32477     17.76417
      2.32077     16.22676
      2.31677     14.74969
      2.31277     13.36765
      2.30877     12.09852
      2.30477     10.94813
      2.30077      9.91448
      2.29677      8.99095
      2.29276      8.16855
      2.28876      7.43737
      2.28476      6.78754
      2.28076      6.20970
      2.27676      5.69524
      2.27276      5.23645
      2.26876      4.82650
      2.26475      4.45938
      2.26075      4.12984
      2.25675      3.83332
      2.25275      3.56587
      2.24875      3.32405
      2.24475      3.10486
      2.24075      2.90572
      2.23675      2.72437
      2.23274      2.55884
      2.22874      2.40743
      2.22474      2.26863
      2.22074      2.14113
      2.21674      2.02378
      2.21274      1.91556
      2.20874      1.81557
      2.20473      1.72302
      2.20073      1.63722
      2.19673      1.55753
      2.19273      1.48340
      2.18873      1.41434
      2.18473      1.34991
      2.18073      1.28971
      2.17673      1.23338
      2.17272      1.18061
      2.16872      1.13110
      2.16472      1.08460
      2.16072      1.04087
      2.15672      0.99970
      2.15272      0.96090
      2.14872      0.92428
      2.14471      0.88970
      2.14071      0.85700
      2.13671      0.82606
      2.13271      0.79675
      2.12871      0.76895
      2.12471      0.74258
      2.12071      0.71752
      2.11671      0.69371
      2.11270      0.67105
      2.10870      0.64948
      2.10470      0.62892
      2.10070      0.60932
      2.09670      0.59061
      2.09270      0.57275
      2.08870      0.55569
      2.08469      0.53937
      2.08069      0.52376
      2.07669      0.50881
      2.07269      0.49449
      2.06869      0.48076
      2.06469      0.46760
      2.06069      0.45497
      2.05669      0.44284
      2.05268      0.43119
      2.04868      0.41999
      2.04468      0.40922
      2.04068      0.39886
      2.03668      0.38889
      2.03268      0.37928
      2.02868      0.37003
      2.02467      0.36111
      2.02067      0.35251
      2.01667      0.34422
      2.01267      0.33621
      2.00867      0.32848
      2.00467      0.32101
      2.00067      0.31379
      1.99667      0.30682
      1.99266      0.30007
      1.98866      0.29355
      1.98466      0.28723
      1.98066      0.28112
      1.97666      0.27520
      1.97266      0.26947
      1.96866      0.26391
      1.96465      0.25853
      1.96065      0.25331
      1.95665      0.24824
      1.95265      0.24333
      1.94865      0.23856
      1.94465      0.23393
      1.94065      0.22943
      1.93665      0.22506
      1.93264      0.22082
      1.92864      0.21669
      1.92464      0.21269
      1.92064      0.20879
      1.91664      0.20499
      1.91264      0.20131
      1.90864      0.19771
      1.90463      0.19422
      1.90063      0.19082
      1.89663      0.18750
      1.89263      0.18428
      1.88863      0.18113
      1.88463      0.17807
      1.88063      0.17508
      1.87663      0.17217
      1.87262      0.16933
      1.86862      0.16656
      1.86462      0.16386
      1.86062      0.16122
      1.85662      0.15865
      1.85262      0.15614
      1.84862      0.15369
      1.84461      0.15130
      1.84061      0.14896
      1.83661      0.14667
      1.83261      0.14444
      1.82861      0.14226
      1.82461      0.14013
      1.82061      0.13805
      1.81661      0.13601
      1.81260      0.13402
      1.80860      0.13207
      1.80460      0.13017
      1.80060      0.12830
      1.79660      0.12648
      1.79260      0.12469
      1.78860      0.12295
      1.78459      0.12124
      1.78059      0.11956
      1.77659      0.11792
      1.77259      0.11632
      1.76859      0.11474
      1.76459      0.11320
      1.76059      0.11169
      1.75659      0.11021
      1.75258      0.10876
      1.74858      0.10734
      1.74458      0.10595
      1.74058      0.10458
      1.73658      0.10324
      1.73258      0.10193
      1.72858      0.10064
      1.72457      0.09938
      1.72057      0.09814
      1.71657      0.09692
      1.71257      0.09572
      1.70857      0.09455
      1.70457      0.09340
      1.70057      0.09227
      1.69657      0.09116
      1.69256      0.09008
      1.68856      0.08901
      1.68456      0.08796
      1.68056      0.08693
      1.67656      0.08591
      1.67256      0.08492
      1.66856      0.08394
      1.66455      0.08298
      1.66055      0.08204
      1.65655      0.08111
      1.65255      0.08020
      1.64855      0.07930
      1.64455      0.07842
      1.64055      0.07755
      1.63655      0.07670
      1.63254      0.07586
      1.62854      0.07504
      1.62454      0.07423
      1.62054      0.07343
      1.61654      0.07265
      1.61254      0.07188
      1.60854      0.07112
      1.60453      0.07037
      1.60053      0.06964
      1.59653      0.06891
      1.59253      0.06820
      1.58853      0.06750
      1.58453      0.06681
      1.58053      0.06613
      1.57653      0.06546
      1.57252      0.06480
      1.56852      0.06415
      1.56452      0.06352
      1.56052      0.06289
      1.55652      0.06227
      1.55252      0.06166
      1.54852      0.06106
      1.54451      0.06046
      1.54051      0.05988
      1.53651      0.05930
      1.53251      0.05874
      1.52851      0.05818
      1.52451      0.05763
      1.52051      0.05709
      1.51651      0.05655
      1.51250      0.05603
      1.50850      0.05551
      1.50450      0.05499
      1.50050      0.05449
      1.49650      0.05399
      1.49250      0.05350
      1.48850      0.05301
      1.48449      0.05254
      1.48049      0.05207
      1.47649      0.05160
      1.47249      0.05114
      1.46849      0.05069
      1.46449      0.05025
      1.46049      0.04981
      1.45649      0.04937
      1.45248      0.04894
      1.44848      0.04852
      1.44448      0.04810
      1.44048      0.04769
      1.43648      0.04728
      1.43248      0.04688
      1.42848      0.04649
      1.42447      0.04610
      1.42047      0.04571
      1.41647      0.04533
      1.41247      0.04495
      1.40847      0.04458
      1.40447      0.04422
      1.40047      0.04386
      1.39647      0.04350
      1.39246      0.04314
      1.38846      0.04280
      1.38446      0.04245
      1.38046      0.04211
      1.37646      0.04178
      1.37246      0.04144
      1.36846      0.04112
      1.36445      0.04079
      1.36045      0.04047
      1.35645      0.04016
      1.35245      0.03984
      1.34845      0.03954
      1.34445      0.03923
      1.34045      0.03893
      1.33645      0.03863
      1.33244      0.03834
      1.32844      0.03805
      1.32444      0.03776
      1.32044      0.03748
      1.31644      0.03719
      1.31244      0.03692
      1.30844      0.03664
      1.30443      0.03637
      1.30043      0.03610
      1.29643      0.03584
      1.29243      0.03558
      1.28843      0.03532
      1.28443      0.03506
      1.28043      0.03481
      1.27643      0.03456
      1.27242      0.03431
      1.26842      0.03406
      1.26442      0.03382
      1.26042      0.03358
      1.25642      0.03334
      1.25242      0.03311
      1.24842      0.03288
      1.24441      0.03265
      1.24041      0.03242
      1.23641      0.03219
      1.23241      0.03197
      1.22841      0.03175
      1.22441      0.03153
      1.22041      0.03132
      1.21641      0.03111
      1.21240      0.03089
      1.20840      0.03069
      1.20440      0.03048
      1.20040      0.03027
      1.19640      0.03007
      1.19240      0.02987
      1.18840      0.02967
      1.18439      0.02948
      1.18039      0.02928
      1.17639      0.02909
      1.17239      0.02890
      1.16839      0.02871
      1.16439      0.02853
      1.16039      0.02834
      1.15639      0.02816
      1.15238      0.02798
      1.14838      0.02780
      1.14438      0.02762
      1.14038      0.02745
      1.13638      0.02727
      1.13238      0.02710
      1.12838      0.02693
      1.12437      0.02676
      1.12037      0.02659
      1.11637      0.02643
      1.11237      0.02626
      1.10837      0.02610
      1.10437      0.02594
      1.10037      0.02578
      1.09637      0.02562
      1.09236      0.02547
      1.08836      0.02531
      1.08436      0.02516
      1.08036      0.02501
      1.07636      0.02486
      1.07236      0.02471
      1.06836      0.02456
      1.06435      0.02441
      1.06035      0.02427
      1.05635      0.02412
      1.05235      0.02398
      1.04835      0.02384
      1.04435      0.02370
      1.04035      0.02356
      1.03635      0.02342
      1.03234      0.02329
      1.02834      0.02315
      1.02434      0.02302
      1.02034      0.02289
      1.01634      0.02276
      1.01234      0.02263
      1.00834      0.02250
      1.00433      0.02237
      1.00033      0.02224
      0.99633      0.02212
      0.99233      0.02199
      0.98833      0.02187
      0.98433      0.02175
      0.98033      0.02163
      0.97633      0.02151
      0.97232      0.02139
      0.96832      0.02127
      0.96432      0.02115
      0.96032      0.02103
      0.95632      0.02092
      0.95232      0.02081
      0.94832      0.02069
      0.94431      0.02058
      0.94031      0.02047
      0.93631      0.02036
      0.93231      0.02025
      0.92831      0.02014
      0.92431      0.02003
      0.92031      0.01993
      0.91631      0.01982
      0.91230      0.01971
      0.90830      0.01961
      0.90430      0.01951
      0.90030      0.01940
      0.89630      0.01930
      0.89230      0.01920
      0.88830      0.01910
      0.88429      0.01900
      0.88029      0.01890
      0.87629      0.01881
      0.87229      0.01871
      0.86829      0.01861
      0.86429      0.01852
      0.86029      0.01842
      0.85629      0.01833
      0.85228      0.01824
      0.84828      0.01815
      0.84428      0.01805
      0.84028      0.01796
      0.83628      0.01787
      0.83228      0.01778
      0.82828      0.01770
      0.82427      0.01761
      0.82027      0.01752
      0.81627      0.01743
      0.81227      0.01735
      0.80827      0.01726
      0.80427      0.01718
      0.80027      0.01709
      0.79627      0.01701
      0.79226      0.01693
      0.78826      0.01685
      0.78426      0.01676
      0.78026      0.01668
      0.77626      0.01660
      0.77226      0.01652
      0.76826      0.01644
      0.76425      0.01637
      0.76025      0.01629
      0.75625      0.01621
      0.75225      0.01613
      0.74825      0.01606
      0.74425      0.01598
      0.74025      0.01591
      0.73625      0.01583
      0.73224      0.01576
      0.72824      0.01568
      0.72424      0.01561
      0.72024      0.01554
      0.71624      0.01547
      0.71224      0.01540
      0.70824      0.01532
      0.70423      0.01525
      0.70023      0.01518
      0.69623      0.01512
      0.69223      0.01505
      0.68823      0.01498
      0.68423      0.01491
      0.68023      0.01484
      0.67623      0.01478
      0.67222      0.01471
      0.66822      0.01464
      0.66422      0.01458
      0.66022      0.01451
      0.65622      0.01445
      0.65222      0.01438
      0.64822      0.01432
      0.64421      0.01426
      0.64021      0.01419
      0.63621      0.01413
      0.63221      0.01407
      0.62821      0.01401
      0.62421      0.01395
      0.62021      0.01389
      0.61621      0.01383
      0.61220      0.01377
      0.60820      0.01371
      0.60420      0.01365
      0.60020      0.01359
      0.59620      0.01353
      0.59220      0.01347
      0.58820      0.01342
      0.58419      0.01336
      0.58019      0.01330
      0.57619      0.01325
      0.57219      0.01319
      0.56819      0.01313
      0.56419      0.01308
      0.56019      0.01302
      0.55619      0.01297
      0.55218      0.01292
      0.54818      0.01286
      0.54418      0.01281
      0.54018      0.01276
      0.53618      0.01270
      0.53218      0.01265
      0.52818      0.01260
      0.52417      0.01255
      0.52017      0.01250
      0.51617      0.01244
      0.51217      0.01239
      0.50817      0.01234
      0.50417      0.01229
      0.50017      0.01224
      0.49617      0.01219
      0.49216      0.01214
      0.48816      0.01210
      0.48416      0.01205
      0.48016      0.01200
      0.47616      0.01195
      0.47216      0.01190
      0.46816      0.01186
      0.46415      0.01181
      0.46015      0.01176
      0.45615      0.01172
      0.45215      0.01167
      0.44815      0.01162
      0.44415      0.01158
      0.44015      0.01153
      0.43615      0.01149
      0.43214      0.01144
      0.42814      0.01140
      0.42414      0.01135
      0.42014      0.01131
      0.41614      0.01127
      0.41214      0.01122
      0.40814      0.01118
      0.40413      0.01114
      0.40013      0.01109
      0.39613      0.01105
      0.39213      0.01101
      0.38813      0.01097
      0.38413      0.01093
      0.38013      0.01089
      0.37613      0.01084
      0.37212      0.01080
      0.36812      0.01076
      0.36412      0.01072
      0.36012      0.01068
      0.35612      0.01064
      0.35212      0.01060
      0.34812      0.01056
      0.34411      0.01052
      0.34011      0.01049
      0.33611      0.01045
      0.33211      0.01041
      0.32811      0.01037
      0.32411      0.01033
      0.32011      0.01029
      0.31611      0.01026
      0.31210      0.01022
      0.30810      0.01018
      0.30410      0.01014
      0.30010      0.01011
      0.29610      0.01007
      0.29210      0.01003
      0.28810      0.01000
      0.28409      0.00996
      0.28009      0.00993
      0.27609      0.00989
      0.27209      0.00986
      0.26809      0.00982
      0.26409      0.00979
      0.26009      0.00975
      0.25609      0.00972
      0.25208      0.00968
      0.24808      0.00965
      0.24408      0.00961
      0.24008      0.00958
      0.23608      0.00955
      0.23208      0.00951
      0.22808      0.00948
      0.22407      0.00945
      0.22007      0.00941
      0.21607      0.00938
      0.21207      0.00935
      0.20807      0.00932
      0.20407      0.00928
      0.20007      0.00925
      0.19607      0.00922
      0.19206      0.00919
      0.18806      0.00916
      0.18406      0.00913
      0.18006      0.00909
      0.17606      0.00906
      0.17206      0.00903
      0.16806      0.00900
      0.16405      0.00897
      0.16005      0.00894
      0.15605      0.00891
      0.15205      0.00888
      0.14805      0.00885
      0.14405      0.00882
      0.14005      0.00879
      0.13605      0.00876
      0.13204      0.00873
      0.12804      0.00870
      0.12404      0.00868
      0.12004      0.00865
      0.11604      0.00862
      0.11204      0.00859
      0.10804      0.00856
      0.10403      0.00853
      0.10003      0.00851
      0.09603      0.00848
      0.09203      0.00845
      0.08803      0.00842
      0.08403      0.00840
      0.08003      0.00837
      0.07603      0.00834
      0.07202      0.00831
      0.06802      0.00829
      0.06402      0.00826
      0.06002      0.00823
      0.05602      0.00821
      0.05202      0.00818
      0.04802      0.00815
      0.04401      0.00813
      0.04001      0.00810
      0.03601      0.00808
      0.03201      0.00805
      0.02801      0.00803
      0.02401      0.00800
      0.02001      0.00797
      0.01601      0.00795
      0.01200      0.00792
      0.00800      0.00790
      0.00400      0.00788
      0.00000      0.00785
