     11.00000      0.02760
     10.99767      0.02771
     10.99533      0.02783
     10.99300      0.02794
     10.99066      0.02806
     10.98833      0.02817
     10.98600      0.02829
     10.98366      0.02841
     10.98133      0.02853
     10.97899      0.02865
     10.97666      0.02877
     10.97432      0.02889
     10.97199      0.02901
     10.96966      0.02913
     10.96732      0.02926
     10.96499      0.02938
     10.96265      0.02951
     10.96032      0.02963
     10.95799      0.02976
     10.95565      0.02989
     10.95332      0.03002
     10.95098      0.03015
     10.94865      0.03028
     10.94632      0.03041
     10.94398      0.03055
     10.94165      0.03068
     10.93931      0.03082
     10.93698      0.03095
     10.93464      0.03109
     10.93231      0.03123
     10.92998      0.03137
     10.92764      0.03151
     10.92531      0.03165
     10.92297      0.03179
     10.92064      0.03194
     10.91831      0.03208
     10.91597      0.03223
     10.91364      0.03238
     10.91130      0.03252
     10.90897      0.03267
     10.90664      0.03283
     10.90430      0.03298
     10.90197      0.03313
     10.89963      0.03328
     10.89730      0.03344
     10.89496      0.03360
     10.89263      0.03375
     10.89030      0.03391
     10.88796      0.03407
     10.88563      0.03424
     10.88329      0.03440
     10.88096      0.03456
     10.87863      0.03473
     10.87629      0.03490
     10.87396      0.03507
     10.87162      0.03523
     10.86929      0.03541
     10.86696      0.03558
     10.86462      0.03575
     10.86229      0.03593
     10.85995      0.03611
     10.85762      0.03628
     10.85529      0.03646
     10.85295      0.03665
     10.85062      0.03683
     10.84828      0.03701
     10.84595      0.03720
     10.84361      0.03739
     10.84128      0.03758
     10.83895      0.03777
     10.83661      0.03796
     10.83428      0.03815
     10.83194      0.03835
     10.82961      0.03855
     10.82728      0.03875
     10.82494      0.03895
     10.82261      0.03915
     10.82027      0.03935
     10.81794      0.03956
     10.81561      0.03977
     10.81327      0.03998
     10.81094      0.04019
     10.80860      0.04040
     10.80627      0.04062
     10.80393      0.04084
     10.80160      0.04106
     10.79927      0.04128
     10.79693      0.04150
     10.79460      0.04173
     10.79226      0.04196
     10.78993      0.04219
     10.78760      0.04242
     10.78526      0.04265
     10.78293      0.04289
     10.78059      0.04313
     10.77826      0.04337
     10.77593      0.04361
     10.77359      0.04385
     10.77126      0.04410
     10.76892      0.04435
     10.76659      0.04460
     10.76425      0.04486
     10.76192      0.04511
     10.75959      0.04537
     10.75725      0.04564
     10.75492      0.04590
     10.75258      0.04617
     10.75025      0.04644
     10.74792      0.04671
     10.74558      0.04698
     10.74325      0.04726
     10.74091      0.04754
     10.73858      0.04782
     10.73625      0.04811
     10.73391      0.04840
     10.73158      0.04869
     10.72924      0.04898
     10.72691      0.04928
     10.72457      0.04958
     10.72224      0.04988
     10.71991      0.05019
     10.71757      0.05050
     10.71524      0.05081
     10.71290      0.05113
     10.71057      0.05145
     10.70824      0.05177
     10.70590      0.05210
     10.70357      0.05243
     10.70123      0.05276
     10.69890      0.05309
     10.69657      0.05343
     10.69423      0.05378
     10.69190      0.05412
     10.68956      0.05447
     10.68723      0.05483
     10.68489      0.05519
     10.68256      0.05555
     10.68023      0.05592
     10.67789      0.05629
     10.67556      0.05666
     10.67322      0.05704
     10.67089      0.05742
     10.66856      0.05781
     10.66622      0.05820
     10.66389      0.05859
     10.66155      0.05899
     10.65922      0.05940
     10.65689      0.05980
     10.65455      0.06022
     10.65222      0.06063
     10.64988      0.06106
     10.64755      0.06148
     10.64522      0.06192
     10.64288      0.06235
     10.64055      0.06280
     10.63821      0.06324
     10.63588      0.06370
     10.63354      0.06415
     10.63121      0.06462
     10.62888      0.06509
     10.62654      0.06556
     10.62421      0.06604
     10.62187      0.06653
     10.61954      0.06702
     10.61721      0.06752
     10.61487      0.06802
     10.61254      0.06853
     10.61020      0.06905
     10.60787      0.06957
     10.60554      0.07010
     10.60320      0.07063
     10.60087      0.07117
     10.59853      0.07172
     10.59620      0.07228
     10.59386      0.07284
     10.59153      0.07341
     10.58920      0.07399
     10.58686      0.07457
     10.58453      0.07516
     10.58219      0.07576
     10.57986      0.07637
     10.57753      0.07698
     10.57519      0.07761
     10.57286      0.07824
     10.57052      0.07888
     10.56819      0.07953
     10.56586      0.08018
     10.56352      0.08085
     10.56119      0.08152
     10.55885      0.08220
     10.55652      0.08290
     10.55418      0.08360
     10.55185      0.08431
     10.54952      0.08503
     10.54718      0.08576
     10.54485      0.08650
     10.54251      0.08726
     10.54018      0.08802
     10.53785      0.08879
     10.53551      0.08957
     10.53318      0.09037
     10.53084      0.09117
     10.52851      0.09199
     10.52618      0.09282
     10.52384      0.09366
     10.52151      0.09452
     10.51917      0.09538
     10.51684      0.09626
     10.51450      0.09715
     10.51217      0.09806
     10.50984      0.09898
     10.50750      0.09991
     10.50517      0.10086
     10.50283      0.10182
     10.50050      0.10279
     10.49817      0.10378
     10.49583      0.10479
     10.49350      0.10581
     10.49116      0.10684
     10.48883      0.10790
     10.48650      0.10897
     10.48416      0.11005
     10.48183      0.11116
     10.47949      0.11228
     10.47716      0.11342
     10.47482      0.11457
     10.47249      0.11575
     10.47016      0.11694
     10.46782      0.11816
     10.46549      0.11939
     10.46315      0.12065
     10.46082      0.12193
     10.45849      0.12322
     10.45615      0.12454
     10.45382      0.12588
     10.45148      0.12725
     10.44915      0.12864
     10.44682      0.13005
     10.44448      0.13148
     10.44215      0.13295
     10.43981      0.13443
     10.43748      0.13595
     10.43515      0.13749
     10.43281      0.13905
     10.43048      0.14065
     10.42814      0.14227
     10.42581      0.14393
     10.42347      0.14561
     10.42114      0.14733
     10.41881      0.14907
     10.41647      0.15085
     10.41414      0.15266
     10.41180      0.15451
     10.40947      0.15639
     10.40714      0.15831
     10.40480      0.16026
     10.40247      0.16225
     10.40013      0.16429
     10.39780      0.16636
     10.39547      0.16847
     10.39313      0.17062
     10.39080      0.17281
     10.38846      0.17505
     10.38613      0.17734
     10.38379      0.17967
     10.38146      0.18205
     10.37913      0.18448
     10.37679      0.18696
     10.37446      0.18949
     10.37212      0.19207
     10.36979      0.19471
     10.36746      0.19740
     10.36512      0.20015
     10.36279      0.20296
     10.36045      0.20584
     10.35812      0.20877
     10.35579      0.21177
     10.35345      0.21484
     10.35112      0.21798
     10.34878      0.22118
     10.34645      0.22446
     10.34411      0.22781
     10.34178      0.23125
     10.33945      0.23476
     10.33711      0.23835
     10.33478      0.24203
     10.33244      0.24579
     10.33011      0.24965
     10.32778      0.25359
     10.32544      0.25764
     10.32311      0.26178
     10.32077      0.26602
     10.31844      0.27037
     10.31611      0.27483
     10.31377      0.27940
     10.31144      0.28409
     10.30910      0.28890
     10.30677      0.29383
     10.30443      0.29889
     10.30210      0.30408
     10.29977      0.30941
     10.29743      0.31489
     10.29510      0.32051
     10.29276      0.32628
     10.29043      0.33221
     10.28810      0.33830
     10.28576      0.34457
     10.28343      0.35101
     10.28109      0.35763
     10.27876      0.36444
     10.27643      0.37145
     10.27409      0.37866
     10.27176      0.38608
     10.26942      0.39372
     10.26709      0.40159
     10.26475      0.40970
     10.26242      0.41805
     10.26009      0.42666
     10.25775      0.43554
     10.25542      0.44469
     10.25308      0.45413
     10.25075      0.46387
     10.24842      0.47392
     10.24608      0.48430
     10.24375      0.49502
     10.24141      0.50609
     10.23908      0.51753
     10.23675      0.52936
     10.23441      0.54158
     10.23208      0.55423
     10.22974      0.56731
     10.22741      0.58085
     10.22508      0.59487
     10.22274      0.60939
     10.22041      0.62443
     10.21807      0.64001
     10.21574      0.65617
     10.21340      0.67292
     10.21107      0.69031
     10.20874      0.70835
     10.20640      0.72707
     10.20407      0.74652
     10.20173      0.76673
     10.19940      0.78772
     10.19707      0.80955
     10.19473      0.83226
     10.19240      0.85588
     10.19006      0.88046
     10.18773      0.90606
     10.18540      0.93273
     10.18306      0.96051
     10.18073      0.98946
     10.17839      1.01966
     10.17606      1.05116
     10.17372      1.08402
     10.17139      1.11833
     10.16906      1.15415
     10.16672      1.19157
     10.16439      1.23066
     10.16205      1.27153
     10.15972      1.31425
     10.15739      1.35893
     10.15505      1.40566
     10.15272      1.45456
     10.15038      1.50574
     10.14805      1.55930
     10.14572      1.61537
     10.14338      1.67407
     10.14105      1.73553
     10.13871      1.79987
     10.13638      1.86722
     10.13404      1.93773
     10.13171      2.01151
     10.12938      2.08869
     10.12704      2.16941
     10.12471      2.25377
     10.12237      2.34189
     10.12004      2.43386
     10.11771      2.52975
     10.11537      2.62963
     10.11304      2.73352
     10.11070      2.84141
     10.10837      2.95326
     10.10604      3.06896
     10.10370      3.18836
     10.10137      3.31123
     10.09903      3.43728
     10.09670      3.56610
     10.09436      3.69723
     10.09203      3.83005
     10.08970      3.96387
     10.08736      4.09786
     10.08503      4.23106
     10.08269      4.36240
     10.08036      4.49071
     10.07803      4.61468
     10.07569      4.73296
     10.07336      4.84411
     10.07102      4.94669
     10.06869      5.03924
     10.06636      5.12040
     10.06402      5.18888
     10.06169      5.24356
     10.05935      5.28349
     10.05702      5.30799
     10.05468      5.31661
     10.05235      5.30919
     10.05002      5.28588
     10.04768      5.24709
     10.04535      5.19350
     10.04301      5.12602
     10.04068      5.04579
     10.03835      4.95405
     10.03601      4.85220
     10.03368      4.74166
     10.03134      4.62389
     10.02901      4.50032
     10.02668      4.37233
     10.02434      4.24121
     10.02201      4.10814
     10.01967      3.97422
     10.01734      3.84040
     10.01501      3.70752
     10.01267      3.57629
     10.01034      3.44731
     10.00800      3.32109
     10.00567      3.19802
     10.00333      3.07840
     10.00100      2.96246
      9.99867      2.85037
      9.99633      2.74223
      9.99400      2.63809
      9.99166      2.53796
      9.98933      2.44182
      9.98700      2.34961
      9.98466      2.26125
      9.98233      2.17666
      9.97999      2.09572
      9.97766      2.01832
      9.97533      1.94434
      9.97299      1.87364
      9.97066      1.80610
      9.96832      1.74159
      9.96599      1.67996
      9.96365      1.62111
      9.96132      1.56489
      9.95899      1.51119
      9.95665      1.45989
      9.95432      1.41087
      9.95198      1.36402
      9.94965      1.31923
      9.94732      1.27641
      9.94498      1.23545
      9.94265      1.19627
      9.94031      1.15878
      9.93798      1.12288
      9.93565      1.08851
      9.93331      1.05558
      9.93098      1.02403
      9.92864      0.99378
      9.92631      0.96478
      9.92397      0.93695
      9.92164      0.91025
      9.91931      0.88462
      9.91697      0.86000
      9.91464      0.83635
      9.91230      0.81362
      9.90997      0.79177
      9.90764      0.77075
      9.90530      0.75053
      9.90297      0.73107
      9.90063      0.71234
      9.89830      0.69429
      9.89597      0.67690
      9.89363      0.66014
      9.89130      0.64398
      9.88896      0.62840
      9.88663      0.61336
      9.88429      0.59884
      9.88196      0.58483
      9.87963      0.57130
      9.87729      0.55822
      9.87496      0.54559
      9.87262      0.53337
      9.87029      0.52156
      9.86796      0.51014
      9.86562      0.49908
      9.86329      0.48838
      9.86095      0.47802
      9.85862      0.46798
      9.85629      0.45826
      9.85395      0.44884
      9.85162      0.43971
      9.84928      0.43085
      9.84695      0.42227
      9.84461      0.41394
      9.84228      0.40586
      9.83995      0.39801
      9.83761      0.39039
      9.83528      0.38300
      9.83294      0.37581
      9.83061      0.36883
      9.82828      0.36205
      9.82594      0.35546
      9.82361      0.34904
      9.82127      0.34281
      9.81894      0.33675
      9.81661      0.33085
      9.81427      0.32510
      9.81194      0.31951
      9.80960      0.31407
      9.80727      0.30877
      9.80493      0.30361
      9.80260      0.29859
      9.80027      0.29369
      9.79793      0.28891
      9.79560      0.28426
      9.79326      0.27972
      9.79093      0.27530
      9.78860      0.27098
      9.78626      0.26678
      9.78393      0.26267
      9.78159      0.25866
      9.77926      0.25475
      9.77693      0.25093
      9.77459      0.24720
      9.77226      0.24356
      9.76992      0.24001
      9.76759      0.23653
      9.76526      0.23314
      9.76292      0.22982
      9.76059      0.22658
      9.75825      0.22341
      9.75592      0.22032
      9.75358      0.21729
      9.75125      0.21433
      9.74892      0.21143
      9.74658      0.20860
      9.74425      0.20582
      9.74191      0.20311
      9.73958      0.20046
      9.73725      0.19786
      9.73491      0.19531
      9.73258      0.19282
      9.73024      0.19039
      9.72791      0.18800
      9.72558      0.18566
      9.72324      0.18337
      9.72091      0.18113
      9.71857      0.17893
      9.71624      0.17677
      9.71390      0.17466
      9.71157      0.17259
      9.70924      0.17056
      9.70690      0.16857
      9.70457      0.16662
      9.70223      0.16471
      9.69990      0.16284
      9.69757      0.16100
      9.69523      0.15919
      9.69290      0.15742
      9.69056      0.15569
      9.68823      0.15398
      9.68590      0.15231
      9.68356      0.15067
      9.68123      0.14906
      9.67889      0.14748
      9.67656      0.14593
      9.67422      0.14441
      9.67189      0.14291
      9.66956      0.14144
      9.66722      0.14000
      9.66489      0.13858
      9.66255      0.13719
      9.66022      0.13582
      9.65789      0.13448
      9.65555      0.13316
      9.65322      0.13186
      9.65088      0.13059
      9.64855      0.12933
      9.64622      0.12810
      9.64388      0.12689
      9.64155      0.12570
      9.63921      0.12453
      9.63688      0.12338
      9.63454      0.12225
      9.63221      0.12114
      9.62988      0.12005
      9.62754      0.11897
      9.62521      0.11792
      9.62287      0.11688
      9.62054      0.11585
      9.61821      0.11485
      9.61587      0.11386
      9.61354      0.11288
      9.61120      0.11192
      9.60887      0.11098
      9.60654      0.11005
      9.60420      0.10914
      9.60187      0.10824
      9.59953      0.10735
      9.59720      0.10648
      9.59486      0.10563
      9.59253      0.10478
      9.59020      0.10395
      9.58786      0.10313
      9.58553      0.10233
      9.58319      0.10153
      9.58086      0.10075
      9.57853      0.09998
      9.57619      0.09923
      9.57386      0.09848
      9.57152      0.09775
      9.56919      0.09702
      9.56686      0.09631
      9.56452      0.09561
      9.56219      0.09491
      9.55985      0.09423
      9.55752      0.09356
      9.55519      0.09290
      9.55285      0.09225
      9.55052      0.09160
      9.54818      0.09097
      9.54585      0.09035
      9.54351      0.08973
      9.54118      0.08913
      9.53885      0.08853
      9.53651      0.08794
      9.53418      0.08736
      9.53184      0.08679
      9.52951      0.08622
      9.52718      0.08567
      9.52484      0.08512
      9.52251      0.08458
      9.52017      0.08405
      9.51784      0.08352
      9.51551      0.08300
      9.51317      0.08249
      9.51084      0.08199
      9.50850      0.08149
      9.50617      0.08100
      9.50383      0.08052
      9.50150      0.08004
      9.49917      0.07957
      9.49683      0.07911
      9.49450      0.07865
      9.49216      0.07820
      9.48983      0.07776
      9.48750      0.07732
      9.48516      0.07689
      9.48283      0.07646
      9.48049      0.07604
      9.47816      0.07563
      9.47583      0.07522
      9.47349      0.07481
      9.47116      0.07442
      9.46882      0.07402
      9.46649      0.07364
      9.46415      0.07325
      9.46182      0.07288
      9.45949      0.07250
      9.45715      0.07214
      9.45482      0.07177
      9.45248      0.07142
      9.45015      0.07106
      9.44782      0.07072
      9.44548      0.07037
      9.44315      0.07003
      9.44081      0.06970
      9.43848      0.06937
      9.43615      0.06904
      9.43381      0.06872
      9.43148      0.06841
      9.42914      0.06809
      9.42681      0.06778
      9.42447      0.06748
      9.42214      0.06718
      9.41981      0.06688
      9.41747      0.06659
      9.41514      0.06630
      9.41280      0.06602
      9.41047      0.06574
      9.40814      0.06546
      9.40580      0.06518
      9.40347      0.06491
      9.40113      0.06465
      9.39880      0.06438
      9.39647      0.06412
      9.39413      0.06387
      9.39180      0.06362
      9.38946      0.06337
      9.38713      0.06312
      9.38479      0.06288
      9.38246      0.06264
      9.38013      0.06240
      9.37779      0.06217
      9.37546      0.06194
      9.37312      0.06171
      9.37079      0.06149
      9.36846      0.06126
      9.36612      0.06105
      9.36379      0.06083
      9.36145      0.06062
      9.35912      0.06041
      9.35679      0.06020
      9.35445      0.06000
      9.35212      0.05980
      9.34978      0.05960
      9.34745      0.05940
      9.34512      0.05921
      9.34278      0.05902
      9.34045      0.05883
      9.33811      0.05864
      9.33578      0.05846
      9.33344      0.05828
      9.33111      0.05810
      9.32878      0.05793
      9.32644      0.05775
      9.32411      0.05758
      9.32177      0.05742
      9.31944      0.05725
      9.31711      0.05709
      9.31477      0.05693
      9.31244      0.05677
      9.31010      0.05661
      9.30777      0.05645
      9.30544      0.05630
      9.30310      0.05615
      9.30077      0.05600
      9.29843      0.05586
      9.29610      0.05571
      9.29376      0.05557
      9.29143      0.05543
      9.28910      0.05530
      9.28676      0.05516
      9.28443      0.05503
      9.28209      0.05490
      9.27976      0.05477
      9.27743      0.05464
      9.27509      0.05451
      9.27276      0.05439
      9.27042      0.05427
      9.26809      0.05415
      9.26576      0.05403
      9.26342      0.05391
      9.26109      0.05380
      9.25875      0.05369
      9.25642      0.05358
      9.25408      0.05347
      9.25175      0.05336
      9.24942      0.05325
      9.24708      0.05315
      9.24475      0.05305
      9.24241      0.05295
      9.24008      0.05285
      9.23775      0.05275
      9.23541      0.05266
      9.23308      0.05256
      9.23074      0.05247
      9.22841      0.05238
      9.22608      0.05229
      9.22374      0.05221
      9.22141      0.05212
      9.21907      0.05204
      9.21674      0.05195
      9.21440      0.05187
      9.21207      0.05179
      9.20974      0.05172
      9.20740      0.05164
      9.20507      0.05157
      9.20273      0.05149
      9.20040      0.05142
      9.19807      0.05135
      9.19573      0.05128
      9.19340      0.05121
      9.19106      0.05115
      9.18873      0.05108
      9.18640      0.05102
      9.18406      0.05096
      9.18173      0.05090
      9.17939      0.05084
      9.17706      0.05078
      9.17472      0.05073
      9.17239      0.05067
      9.17006      0.05062
      9.16772      0.05057
      9.16539      0.05052
      9.16305      0.05047
      9.16072      0.05042
      9.15839      0.05037
      9.15605      0.05033
      9.15372      0.05028
      9.15138      0.05024
      9.14905      0.05020
      9.14672      0.05016
      9.14438      0.05012
      9.14205      0.05008
      9.13971      0.05004
      9.13738      0.05001
      9.13505      0.04997
      9.13271      0.04994
      9.13038      0.04991
      9.12804      0.04988
      9.12571      0.04985
      9.12337      0.04982
      9.12104      0.04980
      9.11871      0.04977
      9.11637      0.04975
      9.11404      0.04972
      9.11170      0.04970
      9.10937      0.04968
      9.10704      0.04966
      9.10470      0.04964
      9.10237      0.04963
      9.10003      0.04961
      9.09770      0.04960
      9.09537      0.04958
      9.09303      0.04957
      9.09070      0.04956
      9.08836      0.04955
      9.08603      0.04954
      9.08369      0.04953
      9.08136      0.04953
      9.07903      0.04952
      9.07669      0.04952
      9.07436      0.04951
      9.07202      0.04951
      9.06969      0.04951
      9.06736      0.04951
      9.06502      0.04951
      9.06269      0.04951
      9.06035      0.04952
      9.05802      0.04952
      9.05569      0.04953
      9.05335      0.04953
      9.05102      0.04954
      9.04868      0.04955
      9.04635      0.04956
      9.04401      0.04957
      9.04168      0.04958
      9.03935      0.04960
      9.03701      0.04961
      9.03468      0.04963
      9.03234      0.04964
      9.03001      0.04966
      9.02768      0.04968
      9.02534      0.04970
      9.02301      0.04972
      9.02067      0.04974
      9.01834      0.04977
      9.01601      0.04979
      9.01367      0.04981
      9.01134      0.04984
      9.00900      0.04987
      9.00667      0.04990
      9.00433      0.04993
      9.00200      0.04996
      8.99967      0.04999
      8.99733      0.05002
      8.99500      0.05006
      8.99266      0.05009
      8.99033      0.05013
      8.98800      0.05016
      8.98566      0.05020
      8.98333      0.05024
      8.98099      0.05028
      8.97866      0.05032
      8.97633      0.05036
      8.97399      0.05041
      8.97166      0.05045
      8.96932      0.05050
      8.96699      0.05055
      8.96465      0.05059
      8.96232      0.05064
      8.95999      0.05069
      8.95765      0.05074
      8.95532      0.05080
      8.95298      0.05085
      8.95065      0.05090
      8.94832      0.05096
      8.94598      0.05102
      8.94365      0.05107
      8.94131      0.05113
      8.93898      0.05119
      8.93665      0.05125
      8.93431      0.05132
      8.93198      0.05138
      8.92964      0.05144
      8.92731      0.05151
      8.92497      0.05157
      8.92264      0.05164
      8.92031      0.05171
      8.91797      0.05178
      8.91564      0.05185
      8.91330      0.05192
      8.91097      0.05200
      8.90864      0.05207
      8.90630      0.05215
      8.90397      0.05222
      8.90163      0.05230
      8.89930      0.05238
      8.89697      0.05246
      8.89463      0.05254
      8.89230      0.05263
      8.88996      0.05271
      8.88763      0.05280
      8.88530      0.05288
      8.88296      0.05297
      8.88063      0.05306
      8.87829      0.05315
      8.87596      0.05324
      8.87362      0.05333
      8.87129      0.05342
      8.86896      0.05352
      8.86662      0.05361
      8.86429      0.05371
      8.86195      0.05381
      8.85962      0.05391
      8.85729      0.05401
      8.85495      0.05411
      8.85262      0.05421
      8.85028      0.05432
      8.84795      0.05442
      8.84562      0.05453
      8.84328      0.05464
      8.84095      0.05475
      8.83861      0.05486
      8.83628      0.05497
      8.83394      0.05509
      8.83161      0.05520
      8.82928      0.05532
      8.82694      0.05544
      8.82461      0.05555
      8.82227      0.05567
      8.81994      0.05580
      8.81761      0.05592
      8.81527      0.05604
      8.81294      0.05617
      8.81060      0.05630
      8.80827      0.05642
      8.80594      0.05655
      8.80360      0.05669
      8.80127      0.05682
      8.79893      0.05695
      8.79660      0.05709
      8.79426      0.05723
      8.79193      0.05736
      8.78960      0.05750
      8.78726      0.05765
      8.78493      0.05779
      8.78259      0.05793
      8.78026      0.05808
      8.77793      0.05823
      8.77559      0.05838
      8.77326      0.05853
      8.77092      0.05868
      8.76859      0.05883
      8.76626      0.05899
      8.76392      0.05915
      8.76159      0.05930
      8.75925      0.05946
      8.75692      0.05963
      8.75458      0.05979
      8.75225      0.05995
      8.74992      0.06012
      8.74758      0.06029
      8.74525      0.06046
      8.74291      0.06063
      8.74058      0.06081
      8.73825      0.06098
      8.73591      0.06116
      8.73358      0.06134
      8.73124      0.06152
      8.72891      0.06170
      8.72658      0.06188
      8.72424      0.06207
      8.72191      0.06226
      8.71957      0.06245
      8.71724      0.06264
      8.71490      0.06283
      8.71257      0.06303
      8.71024      0.06322
      8.70790      0.06342
      8.70557      0.06363
      8.70323      0.06383
      8.70090      0.06403
      8.69857      0.06424
      8.69623      0.06445
      8.69390      0.06466
      8.69156      0.06487
      8.68923      0.06509
      8.68690      0.06531
      8.68456      0.06553
      8.68223      0.06575
      8.67989      0.06597
      8.67756      0.06620
      8.67523      0.06643
      8.67289      0.06666
      8.67056      0.06689
      8.66822      0.06713
      8.66589      0.06736
      8.66355      0.06760
      8.66122      0.06784
      8.65889      0.06809
      8.65655      0.06834
      8.65422      0.06858
      8.65188      0.06884
      8.64955      0.06909
      8.64722      0.06935
      8.64488      0.06961
      8.64255      0.06987
      8.64021      0.07013
      8.63788      0.07040
      8.63555      0.07067
      8.63321      0.07094
      8.63088      0.07122
      8.62854      0.07149
      8.62621      0.07177
      8.62387      0.07206
      8.62154      0.07234
      8.61921      0.07263
      8.61687      0.07292
      8.61454      0.07322
      8.61220      0.07351
      8.60987      0.07381
      8.60754      0.07412
      8.60520      0.07442
      8.60287      0.07473
      8.60053      0.07504
      8.59820      0.07536
      8.59587      0.07568
      8.59353      0.07600
      8.59120      0.07633
      8.58886      0.07665
      8.58653      0.07699
      8.58419      0.07732
      8.58186      0.07766
      8.57953      0.07800
      8.57719      0.07835
      8.57486      0.07870
      8.57252      0.07905
      8.57019      0.07940
      8.56786      0.07976
      8.56552      0.08013
      8.56319      0.08049
      8.56085      0.08087
      8.55852      0.08124
      8.55619      0.08162
      8.55385      0.08200
      8.55152      0.08239
      8.54918      0.08278
      8.54685      0.08317
      8.54451      0.08357
      8.54218      0.08398
      8.53985      0.08438
      8.53751      0.08480
      8.53518      0.08521
      8.53284      0.08563
      8.53051      0.08606
      8.52818      0.08649
      8.52584      0.08692
      8.52351      0.08736
      8.52117      0.08780
      8.51884      0.08825
      8.51651      0.08871
      8.51417      0.08916
      8.51184      0.08963
      8.50950      0.09010
      8.50717      0.09057
      8.50483      0.09105
      8.50250      0.09153
      8.50017      0.09202
      8.49783      0.09252
      8.49550      0.09302
      8.49316      0.09352
      8.49083      0.09403
      8.48850      0.09455
      8.48616      0.09507
      8.48383      0.09560
      8.48149      0.09614
      8.47916      0.09668
      8.47683      0.09723
      8.47449      0.09778
      8.47216      0.09834
      8.46982      0.09891
      8.46749      0.09948
      8.46516      0.10006
      8.46282      0.10065
      8.46049      0.10124
      8.45815      0.10184
      8.45582      0.10245
      8.45348      0.10306
      8.45115      0.10369
      8.44882      0.10431
      8.44648      0.10495
      8.44415      0.10560
      8.44181      0.10625
      8.43948      0.10691
      8.43715      0.10758
      8.43481      0.10826
      8.43248      0.10894
      8.43014      0.10963
      8.42781      0.11034
      8.42548      0.11105
      8.42314      0.11177
      8.42081      0.11250
      8.41847      0.11323
      8.41614      0.11398
      8.41380      0.11474
      8.41147      0.11551
      8.40914      0.11628
      8.40680      0.11707
      8.40447      0.11787
      8.40213      0.11867
      8.39980      0.11949
      8.39747      0.12032
      8.39513      0.12116
      8.39280      0.12201
      8.39046      0.12287
      8.38813      0.12374
      8.38580      0.12463
      8.38346      0.12552
      8.38113      0.12643
      8.37879      0.12735
      8.37646      0.12829
      8.37412      0.12923
      8.37179      0.13019
      8.36946      0.13117
      8.36712      0.13215
      8.36479      0.13315
      8.36245      0.13417
      8.36012      0.13520
      8.35779      0.13624
      8.35545      0.13730
      8.35312      0.13837
      8.35078      0.13946
      8.34845      0.14057
      8.34612      0.14169
      8.34378      0.14283
      8.34145      0.14398
      8.33911      0.14515
      8.33678      0.14634
      8.33444      0.14755
      8.33211      0.14877
      8.32978      0.15002
      8.32744      0.15128
      8.32511      0.15256
      8.32277      0.15386
      8.32044      0.15518
      8.31811      0.15653
      8.31577      0.15789
      8.31344      0.15927
      8.31110      0.16068
      8.30877      0.16211
      8.30644      0.16356
      8.30410      0.16504
      8.30177      0.16653
      8.29943      0.16806
      8.29710      0.16961
      8.29476      0.17118
      8.29243      0.17278
      8.29010      0.17441
      8.28776      0.17606
      8.28543      0.17774
      8.28309      0.17946
      8.28076      0.18120
      8.27843      0.18297
      8.27609      0.18477
      8.27376      0.18660
      8.27142      0.18846
      8.26909      0.19036
      8.26676      0.19229
      8.26442      0.19425
      8.26209      0.19626
      8.25975      0.19829
      8.25742      0.20037
      8.25509      0.20248
      8.25275      0.20463
      8.25042      0.20682
      8.24808      0.20905
      8.24575      0.21132
      8.24341      0.21364
      8.24108      0.21600
      8.23875      0.21841
      8.23641      0.22086
      8.23408      0.22336
      8.23174      0.22591
      8.22941      0.22851
      8.22708      0.23116
      8.22474      0.23387
      8.22241      0.23663
      8.22007      0.23945
      8.21774      0.24232
      8.21541      0.24525
      8.21307      0.24825
      8.21074      0.25130
      8.20840      0.25442
      8.20607      0.25761
      8.20373      0.26086
      8.20140      0.26419
      8.19907      0.26759
      8.19673      0.27106
      8.19440      0.27461
      8.19206      0.27824
      8.18973      0.28194
      8.18740      0.28574
      8.18506      0.28961
      8.18273      0.29358
      8.18039      0.29764
      8.17806      0.30180
      8.17573      0.30605
      8.17339      0.31040
      8.17106      0.31485
      8.16872      0.31942
      8.16639      0.32409
      8.16405      0.32888
      8.16172      0.33378
      8.15939      0.33881
      8.15705      0.34397
      8.15472      0.34925
      8.15238      0.35467
      8.15005      0.36023
      8.14772      0.36593
      8.14538      0.37178
      8.14305      0.37779
      8.14071      0.38396
      8.13838      0.39029
      8.13605      0.39679
      8.13371      0.40347
      8.13138      0.41034
      8.12904      0.41740
      8.12671      0.42465
      8.12437      0.43212
      8.12204      0.43979
      8.11971      0.44769
      8.11737      0.45581
      8.11504      0.46418
      8.11270      0.47280
      8.11037      0.48167
      8.10804      0.49081
      8.10570      0.50023
      8.10337      0.50994
      8.10103      0.51996
      8.09870      0.53029
      8.09637      0.54094
      8.09403      0.55194
      8.09170      0.56330
      8.08936      0.57502
      8.08703      0.58714
      8.08469      0.59966
      8.08236      0.61260
      8.08003      0.62598
      8.07769      0.63982
      8.07536      0.65414
      8.07302      0.66896
      8.07069      0.68431
      8.06836      0.70021
      8.06602      0.71668
      8.06369      0.73375
      8.06135      0.75145
      8.05902      0.76982
      8.05669      0.78887
      8.05435      0.80865
      8.05202      0.82919
      8.04968      0.85052
      8.04735      0.87269
      8.04502      0.89574
      8.04268      0.91971
      8.04035      0.94464
      8.03801      0.97059
      8.03568      0.99761
      8.03334      1.02576
      8.03101      1.05508
      8.02868      1.08564
      8.02634      1.11751
      8.02401      1.15075
      8.02167      1.18544
      8.01934      1.22164
      8.01701      1.25945
      8.01467      1.29894
      8.01234      1.34020
      8.01000      1.38333
      8.00767      1.42841
      8.00534      1.47556
      8.00300      1.52487
      8.00067      1.57647
      7.99833      1.63045
      7.99600      1.68695
      7.99366      1.74609
      7.99133      1.80798
      7.98900      1.87277
      7.98666      1.94057
      7.98433      2.01153
      7.98199      2.08577
      7.97966      2.16342
      7.97733      2.24461
      7.97499      2.32945
      7.97266      2.41805
      7.97032      2.51050
      7.96799      2.60689
      7.96566      2.70727
      7.96332      2.81166
      7.96099      2.92006
      7.95865      3.03241
      7.95632      3.14863
      7.95398      3.26854
      7.95165      3.39194
      7.94932      3.51851
      7.94698      3.64787
      7.94465      3.77952
      7.94231      3.91287
      7.93998      4.04722
      7.93765      4.18174
      7.93531      4.31546
      7.93298      4.44733
      7.93064      4.57616
      7.92831      4.70065
      7.92598      4.81945
      7.92364      4.93111
      7.92131      5.03419
      7.91897      5.12725
      7.91664      5.20891
      7.91430      5.27788
      7.91197      5.33305
      7.90964      5.37349
      7.90730      5.39848
      7.90497      5.40761
      7.90263      5.40070
      7.90030      5.37791
      7.89797      5.33965
      7.89563      5.28660
      7.89330      5.21969
      7.89096      5.14003
      7.88863      5.04889
      7.88630      4.94765
      7.88396      4.83774
      7.88163      4.72062
      7.87929      4.59771
      7.87696      4.47040
      7.87462      4.33998
      7.87229      4.20763
      7.86996      4.07444
      7.86762      3.94137
      7.86529      3.80925
      7.86295      3.67879
      7.86062      3.55061
      7.85829      3.42519
      7.85595      3.30293
      7.85362      3.18413
      7.85128      3.06904
      7.84895      2.95779
      7.84662      2.85051
      7.84428      2.74724
      7.84195      2.64799
      7.83961      2.55273
      7.83728      2.46142
      7.83494      2.37398
      7.83261      2.29031
      7.83028      2.21030
      7.82794      2.13385
      7.82561      2.06082
      7.82327      1.99109
      7.82094      1.92452
      7.81861      1.86099
      7.81627      1.80037
      7.81394      1.74253
      7.81160      1.68734
      7.80927      1.63467
      7.80694      1.58442
      7.80460      1.53646
      7.80227      1.49069
      7.79993      1.44699
      7.79760      1.40528
      7.79527      1.36544
      7.79293      1.32739
      7.79060      1.29104
      7.78826      1.25631
      7.78593      1.22312
      7.78359      1.19139
      7.78126      1.16105
      7.77893      1.13203
      7.77659      1.10427
      7.77426      1.07771
      7.77192      1.05229
      7.76959      1.02796
      7.76726      1.00466
      7.76492      0.98234
      7.76259      0.96097
      7.76025      0.94050
      7.75792      0.92088
      7.75559      0.90208
      7.75325      0.88405
      7.75092      0.86678
      7.74858      0.85021
      7.74625      0.83433
      7.74391      0.81910
      7.74158      0.80449
      7.73925      0.79048
      7.73691      0.77704
      7.73458      0.76415
      7.73224      0.75179
      7.72991      0.73994
      7.72758      0.72857
      7.72524      0.71766
      7.72291      0.70721
      7.72057      0.69719
      7.71824      0.68758
      7.71591      0.67837
      7.71357      0.66955
      7.71124      0.66110
      7.70890      0.65301
      7.70657      0.64526
      7.70423      0.63785
      7.70190      0.63077
      7.69957      0.62399
      7.69723      0.61752
      7.69490      0.61135
      7.69256      0.60546
      7.69023      0.59984
      7.68790      0.59450
      7.68556      0.58942
      7.68323      0.58459
      7.68089      0.58000
      7.67856      0.57566
      7.67623      0.57155
      7.67389      0.56768
      7.67156      0.56402
      7.66922      0.56059
      7.66689      0.55737
      7.66455      0.55436
      7.66222      0.55155
      7.65989      0.54895
      7.65755      0.54655
      7.65522      0.54434
      7.65288      0.54232
      7.65055      0.54049
      7.64822      0.53885
      7.64588      0.53740
      7.64355      0.53612
      7.64121      0.53503
      7.63888      0.53411
      7.63655      0.53337
      7.63421      0.53281
      7.63188      0.53242
      7.62954      0.53221
      7.62721      0.53216
      7.62487      0.53229
      7.62254      0.53260
      7.62021      0.53307
      7.61787      0.53372
      7.61554      0.53454
      7.61320      0.53553
      7.61087      0.53670
      7.60854      0.53804
      7.60620      0.53956
      7.60387      0.54125
      7.60153      0.54313
      7.59920      0.54518
      7.59687      0.54741
      7.59453      0.54983
      7.59220      0.55244
      7.58986      0.55523
      7.58753      0.55822
      7.58520      0.56140
      7.58286      0.56478
      7.58053      0.56836
      7.57819      0.57214
      7.57586      0.57614
      7.57352      0.58034
      7.57119      0.58477
      7.56886      0.58942
      7.56652      0.59430
      7.56419      0.59941
      7.56185      0.60477
      7.55952      0.61037
      7.55719      0.61622
      7.55485      0.62233
      7.55252      0.62871
      7.55018      0.63536
      7.54785      0.64230
      7.54552      0.64953
      7.54318      0.65706
      7.54085      0.66490
      7.53851      0.67307
      7.53618      0.68156
      7.53384      0.69040
      7.53151      0.69960
      7.52918      0.70916
      7.52684      0.71910
      7.52451      0.72944
      7.52217      0.74019
      7.51984      0.75137
      7.51751      0.76299
      7.51517      0.77507
      7.51284      0.78763
      7.51050      0.80069
      7.50817      0.81427
      7.50584      0.82839
      7.50350      0.84307
      7.50117      0.85835
      7.49883      0.87423
      7.49650      0.89076
      7.49416      0.90795
      7.49183      0.92585
      7.48950      0.94448
      7.48716      0.96387
      7.48483      0.98407
      7.48249      1.00510
      7.48016      1.02701
      7.47783      1.04984
      7.47549      1.07364
      7.47316      1.09845
      7.47082      1.12433
      7.46849      1.15132
      7.46616      1.17948
      7.46382      1.20886
      7.46149      1.23954
      7.45915      1.27158
      7.45682      1.30505
      7.45448      1.34001
      7.45215      1.37655
      7.44982      1.41475
      7.44748      1.45469
      7.44515      1.49647
      7.44281      1.54017
      7.44048      1.58590
      7.43815      1.63376
      7.43581      1.68386
      7.43348      1.73630
      7.43114      1.79121
      7.42881      1.84871
      7.42648      1.90892
      7.42414      1.97197
      7.42181      2.03798
      7.41947      2.10710
      7.41714      2.17944
      7.41480      2.25514
      7.41247      2.33434
      7.41014      2.41714
      7.40780      2.50366
      7.40547      2.59402
      7.40313      2.68828
      7.40080      2.78653
      7.39847      2.88880
      7.39613      2.99512
      7.39380      3.10545
      7.39146      3.21973
      7.38913      3.33783
      7.38680      3.45957
      7.38446      3.58470
      7.38213      3.71288
      7.37979      3.84367
      7.37746      3.97654
      7.37513      4.11086
      7.37279      4.24586
      7.37046      4.38067
      7.36812      4.51427
      7.36579      4.64556
      7.36345      4.77330
      7.36112      4.89616
      7.35879      5.01274
      7.35645      5.12161
      7.35412      5.22132
      7.35178      5.31043
      7.34945      5.38762
      7.34712      5.45166
      7.34478      5.50151
      7.34245      5.53632
      7.34011      5.55551
      7.33778      5.55875
      7.33545      5.54603
      7.33311      5.51760
      7.33078      5.47399
      7.32844      5.41599
      7.32611      5.34461
      7.32377      5.26104
      7.32144      5.16661
      7.31911      5.06271
      7.31677      4.95080
      7.31444      4.83233
      7.31210      4.70871
      7.30977      4.58128
      7.30744      4.45130
      7.30510      4.31991
      7.30277      4.18814
      7.30043      4.05691
      7.29810      3.92698
      7.29577      3.79904
      7.29343      3.67364
      7.29110      3.55124
      7.28876      3.43218
      7.28643      3.31674
      7.28409      3.20513
      7.28176      3.09749
      7.27943      2.99388
      7.27709      2.89435
      7.27476      2.79889
      7.27242      2.70747
      7.27009      2.62002
      7.26776      2.53647
      7.26542      2.45671
      7.26309      2.38064
      7.26075      2.30813
      7.25842      2.23906
      7.25609      2.17331
      7.25375      2.11075
      7.25142      2.05124
      7.24908      1.99467
      7.24675      1.94089
      7.24441      1.88980
      7.24208      1.84128
      7.23975      1.79521
      7.23741      1.75147
      7.23508      1.70997
      7.23274      1.67060
      7.23041      1.63327
      7.22808      1.59788
      7.22574      1.56435
      7.22341      1.53259
      7.22107      1.50253
      7.21874      1.47409
      7.21641      1.44721
      7.21407      1.42181
      7.21174      1.39784
      7.20940      1.37524
      7.20707      1.35394
      7.20473      1.33391
      7.20240      1.31510
      7.20007      1.29745
      7.19773      1.28093
      7.19540      1.26549
      7.19306      1.25111
      7.19073      1.23774
      7.18840      1.22536
      7.18606      1.21393
      7.18373      1.20344
      7.18139      1.19385
      7.17906      1.18514
      7.17673      1.17730
      7.17439      1.17030
      7.17206      1.16413
      7.16972      1.15877
      7.16739      1.15421
      7.16506      1.15043
      7.16272      1.14744
      7.16039      1.14522
      7.15805      1.14376
      7.15572      1.14306
      7.15338      1.14311
      7.15105      1.14392
      7.14872      1.14549
      7.14638      1.14781
      7.14405      1.15089
      7.14171      1.15473
      7.13938      1.15935
      7.13705      1.16474
      7.13471      1.17092
      7.13238      1.17789
      7.13004      1.18568
      7.12771      1.19429
      7.12538      1.20375
      7.12304      1.21406
      7.12071      1.22525
      7.11837      1.23735
      7.11604      1.25037
      7.11370      1.26435
      7.11137      1.27930
      7.10904      1.29527
      7.10670      1.31228
      7.10437      1.33037
      7.10203      1.34959
      7.09970      1.36996
      7.09737      1.39153
      7.09503      1.41436
      7.09270      1.43848
      7.09036      1.46397
      7.08803      1.49086
      7.08570      1.51923
      7.08336      1.54913
      7.08103      1.58064
      7.07869      1.61382
      7.07636      1.64876
      7.07402      1.68554
      7.07169      1.72423
      7.06936      1.76494
      7.06702      1.80775
      7.06469      1.85276
      7.06235      1.90009
      7.06002      1.94983
      7.05769      2.00210
      7.05535      2.05702
      7.05302      2.11471
      7.05068      2.17530
      7.04835      2.23891
      7.04602      2.30567
      7.04368      2.37572
      7.04135      2.44918
      7.03901      2.52619
      7.03668      2.60686
      7.03434      2.69131
      7.03201      2.77966
      7.02968      2.87200
      7.02734      2.96840
      7.02501      3.06893
      7.02267      3.17361
      7.02034      3.28243
      7.01801      3.39535
      7.01567      3.51228
      7.01334      3.63305
      7.01100      3.75745
      7.00867      3.88518
      7.00634      4.01585
      7.00400      4.14898
      7.00167      4.28398
      6.99933      4.42014
      6.99700      4.55665
      6.99466      4.69255
      6.99233      4.82678
      6.99000      4.95816
      6.98766      5.08541
      6.98533      5.20716
      6.98299      5.32199
      6.98066      5.42845
      6.97833      5.52511
      6.97599      5.61058
      6.97366      5.68360
      6.97132      5.74303
      6.96899      5.78795
      6.96666      5.81766
      6.96432      5.83172
      6.96199      5.82998
      6.95965      5.81257
      6.95732      5.77992
      6.95498      5.73270
      6.95265      5.67186
      6.95032      5.59849
      6.94798      5.51389
      6.94565      5.41944
      6.94331      5.31657
      6.94098      5.20676
      6.93865      5.09145
      6.93631      4.97202
      6.93398      4.84978
      6.93164      4.72594
      6.92931      4.60160
      6.92698      4.47773
      6.92464      4.35518
      6.92231      4.23469
      6.91997      4.11688
      6.91764      4.00226
      6.91531      3.89125
      6.91297      3.78418
      6.91064      3.68131
      6.90830      3.58280
      6.90597      3.48880
      6.90363      3.39937
      6.90130      3.31456
      6.89897      3.23437
      6.89663      3.15877
      6.89430      3.08772
      6.89196      3.02116
      6.88963      2.95901
      6.88730      2.90119
      6.88496      2.84762
      6.88263      2.79821
      6.88029      2.75287
      6.87796      2.71152
      6.87563      2.67407
      6.87329      2.64044
      6.87096      2.61056
      6.86862      2.58436
      6.86629      2.56178
      6.86395      2.54278
      6.86162      2.52730
      6.85929      2.51531
      6.85695      2.50678
      6.85462      2.50169
      6.85228      2.50003
      6.84995      2.50180
      6.84762      2.50700
      6.84528      2.51564
      6.84295      2.52776
      6.84061      2.54339
      6.83828      2.56255
      6.83595      2.58531
      6.83361      2.61172
      6.83128      2.64184
      6.82894      2.67574
      6.82661      2.71349
      6.82427      2.75518
      6.82194      2.80089
      6.81961      2.85072
      6.81727      2.90473
      6.81494      2.96303
      6.81260      3.02570
      6.81027      3.09281
      6.80794      3.16444
      6.80560      3.24062
      6.80327      3.32141
      6.80093      3.40680
      6.79860      3.49679
      6.79627      3.59132
      6.79393      3.69028
      6.79160      3.79352
      6.78926      3.90083
      6.78693      4.01192
      6.78459      4.12641
      6.78226      4.24385
      6.77993      4.36366
      6.77759      4.48518
      6.77526      4.60761
      6.77292      4.73004
      6.77059      4.85143
      6.76826      4.97063
      6.76592      5.08638
      6.76359      5.19734
      6.76125      5.30208
      6.75892      5.39915
      6.75659      5.48708
      6.75425      5.56446
      6.75192      5.62994
      6.74958      5.68232
      6.74725      5.72057
      6.74491      5.74387
      6.74258      5.75167
      6.74025      5.74367
      6.73791      5.71989
      6.73558      5.68060
      6.73324      5.62639
      6.73091      5.55806
      6.72858      5.47664
      6.72624      5.38333
      6.72391      5.27948
      6.72157      5.16648
      6.71924      5.04578
      6.71691      4.91882
      6.71457      4.78700
      6.71224      4.65165
      6.70990      4.51400
      6.70757      4.37517
      6.70524      4.23618
      6.70290      4.09790
      6.70057      3.96110
      6.69823      3.82643
      6.69590      3.69442
      6.69356      3.56551
      6.69123      3.44003
      6.68890      3.31825
      6.68656      3.20035
      6.68423      3.08646
      6.68189      2.97664
      6.67956      2.87093
      6.67723      2.76930
      6.67489      2.67171
      6.67256      2.57809
      6.67022      2.48836
      6.66789      2.40240
      6.66556      2.32012
      6.66322      2.24137
      6.66089      2.16603
      6.65855      2.09398
      6.65622      2.02507
      6.65388      1.95918
      6.65155      1.89617
      6.64922      1.83592
      6.64688      1.77829
      6.64455      1.72317
      6.64221      1.67044
      6.63988      1.61998
      6.63755      1.57168
      6.63521      1.52544
      6.63288      1.48117
      6.63054      1.43875
      6.62821      1.39810
      6.62588      1.35914
      6.62354      1.32178
      6.62121      1.28595
      6.61887      1.25156
      6.61654      1.21855
      6.61420      1.18685
      6.61187      1.15640
      6.60954      1.12713
      6.60720      1.09900
      6.60487      1.07194
      6.60253      1.04590
      6.60020      1.02085
      6.59787      0.99672
      6.59553      0.97348
      6.59320      0.95109
      6.59086      0.92951
      6.58853      0.90870
      6.58620      0.88862
      6.58386      0.86925
      6.58153      0.85054
      6.57919      0.83249
      6.57686      0.81504
      6.57452      0.79818
      6.57219      0.78189
      6.56986      0.76613
      6.56752      0.75089
      6.56519      0.73614
      6.56285      0.72186
      6.56052      0.70804
      6.55819      0.69465
      6.55585      0.68168
      6.55352      0.66911
      6.55118      0.65692
      6.54885      0.64510
      6.54652      0.63364
      6.54418      0.62252
      6.54185      0.61173
      6.53951      0.60125
      6.53718      0.59107
      6.53484      0.58119
      6.53251      0.57159
      6.53018      0.56226
      6.52784      0.55319
      6.52551      0.54437
      6.52317      0.53579
      6.52084      0.52745
      6.51851      0.51933
      6.51617      0.51143
      6.51384      0.50374
      6.51150      0.49625
      6.50917      0.48896
      6.50684      0.48185
      6.50450      0.47493
      6.50217      0.46819
      6.49983      0.46162
      6.49750      0.45521
      6.49517      0.44896
      6.49283      0.44287
      6.49050      0.43693
      6.48816      0.43113
      6.48583      0.42547
      6.48349      0.41995
      6.48116      0.41456
      6.47883      0.40930
      6.47649      0.40417
      6.47416      0.39915
      6.47182      0.39425
      6.46949      0.38946
      6.46716      0.38479
      6.46482      0.38022
      6.46249      0.37575
      6.46015      0.37139
      6.45782      0.36712
      6.45549      0.36295
      6.45315      0.35887
      6.45082      0.35488
      6.44848      0.35098
      6.44615      0.34716
      6.44381      0.34343
      6.44148      0.33978
      6.43915      0.33620
      6.43681      0.33271
      6.43448      0.32928
      6.43214      0.32593
      6.42981      0.32265
      6.42748      0.31944
      6.42514      0.31630
      6.42281      0.31322
      6.42047      0.31020
      6.41814      0.30725
      6.41581      0.30436
      6.41347      0.30153
      6.41114      0.29875
      6.40880      0.29603
      6.40647      0.29337
      6.40413      0.29076
      6.40180      0.28821
      6.39947      0.28570
      6.39713      0.28325
      6.39480      0.28084
      6.39246      0.27849
      6.39013      0.27618
      6.38780      0.27391
      6.38546      0.27170
      6.38313      0.26952
      6.38079      0.26739
      6.37846      0.26530
      6.37613      0.26325
      6.37379      0.26125
      6.37146      0.25928
      6.36912      0.25735
      6.36679      0.25546
      6.36445      0.25361
      6.36212      0.25179
      6.35979      0.25001
      6.35745      0.24826
      6.35512      0.24655
      6.35278      0.24488
      6.35045      0.24323
      6.34812      0.24162
      6.34578      0.24005
      6.34345      0.23850
      6.34111      0.23698
      6.33878      0.23550
      6.33645      0.23404
      6.33411      0.23262
      6.33178      0.23122
      6.32944      0.22985
      6.32711      0.22851
      6.32477      0.22720
      6.32244      0.22591
      6.32011      0.22466
      6.31777      0.22342
      6.31544      0.22222
      6.31310      0.22104
      6.31077      0.21988
      6.30844      0.21875
      6.30610      0.21764
      6.30377      0.21656
      6.30143      0.21550
      6.29910      0.21447
      6.29677      0.21346
      6.29443      0.21247
      6.29210      0.21150
      6.28976      0.21056
      6.28743      0.20964
      6.28510      0.20874
      6.28276      0.20786
      6.28043      0.20700
      6.27809      0.20617
      6.27576      0.20535
      6.27342      0.20456
      6.27109      0.20378
      6.26876      0.20303
      6.26642      0.20230
      6.26409      0.20158
      6.26175      0.20089
      6.25942      0.20021
      6.25709      0.19956
      6.25475      0.19892
      6.25242      0.19831
      6.25008      0.19771
      6.24775      0.19713
      6.24542      0.19657
      6.24308      0.19603
      6.24075      0.19550
      6.23841      0.19500
      6.23608      0.19451
      6.23374      0.19404
      6.23141      0.19359
      6.22908      0.19316
      6.22674      0.19274
      6.22441      0.19235
      6.22207      0.19197
      6.21974      0.19160
      6.21741      0.19126
      6.21507      0.19093
      6.21274      0.19062
      6.21040      0.19033
      6.20807      0.19006
      6.20574      0.18980
      6.20340      0.18956
      6.20107      0.18934
      6.19873      0.18914
      6.19640      0.18895
      6.19406      0.18878
      6.19173      0.18863
      6.18940      0.18849
      6.18706      0.18837
      6.18473      0.18827
      6.18239      0.18819
      6.18006      0.18813
      6.17773      0.18808
      6.17539      0.18805
      6.17306      0.18804
      6.17072      0.18805
      6.16839      0.18807
      6.16606      0.18811
      6.16372      0.18817
      6.16139      0.18825
      6.15905      0.18835
      6.15672      0.18846
      6.15438      0.18860
      6.15205      0.18875
      6.14972      0.18892
      6.14738      0.18911
      6.14505      0.18932
      6.14271      0.18955
      6.14038      0.18980
      6.13805      0.19006
      6.13571      0.19035
      6.13338      0.19066
      6.13104      0.19098
      6.12871      0.19133
      6.12638      0.19170
      6.12404      0.19209
      6.12171      0.19250
      6.11937      0.19293
      6.11704      0.19338
      6.11470      0.19385
      6.11237      0.19435
      6.11004      0.19487
      6.10770      0.19541
      6.10537      0.19597
      6.10303      0.19656
      6.10070      0.19717
      6.09837      0.19780
      6.09603      0.19846
      6.09370      0.19914
      6.09136      0.19985
      6.08903      0.20058
      6.08670      0.20133
      6.08436      0.20212
      6.08203      0.20293
      6.07969      0.20377
      6.07736      0.20463
      6.07503      0.20552
      6.07269      0.20644
      6.07036      0.20739
      6.06802      0.20837
      6.06569      0.20938
      6.06335      0.21042
      6.06102      0.21149
      6.05869      0.21259
      6.05635      0.21372
      6.05402      0.21489
      6.05168      0.21608
      6.04935      0.21732
      6.04702      0.21859
      6.04468      0.21989
      6.04235      0.22123
      6.04001      0.22261
      6.03768      0.22402
      6.03535      0.22547
      6.03301      0.22697
      6.03068      0.22850
      6.02834      0.23007
      6.02601      0.23169
      6.02367      0.23335
      6.02134      0.23505
      6.01901      0.23680
      6.01667      0.23859
      6.01434      0.24044
      6.01200      0.24233
      6.00967      0.24427
      6.00734      0.24626
      6.00500      0.24830
      6.00267      0.25040
      6.00033      0.25255
      5.99800      0.25475
      5.99567      0.25702
      5.99333      0.25934
      5.99100      0.26173
      5.98866      0.26418
      5.98633      0.26669
      5.98399      0.26926
      5.98166      0.27191
      5.97933      0.27462
      5.97699      0.27741
      5.97466      0.28027
      5.97232      0.28320
      5.96999      0.28621
      5.96766      0.28931
      5.96532      0.29248
      5.96299      0.29574
      5.96065      0.29909
      5.95832      0.30252
      5.95599      0.30605
      5.95365      0.30967
      5.95132      0.31340
      5.94898      0.31722
      5.94665      0.32115
      5.94431      0.32518
      5.94198      0.32933
      5.93965      0.33359
      5.93731      0.33798
      5.93498      0.34248
      5.93264      0.34711
      5.93031      0.35187
      5.92798      0.35677
      5.92564      0.36180
      5.92331      0.36698
      5.92097      0.37231
      5.91864      0.37780
      5.91631      0.38344
      5.91397      0.38926
      5.91164      0.39524
      5.90930      0.40140
      5.90697      0.40775
      5.90463      0.41428
      5.90230      0.42102
      5.89997      0.42796
      5.89763      0.43512
      5.89530      0.44249
      5.89296      0.45010
      5.89063      0.45795
      5.88830      0.46604
      5.88596      0.47440
      5.88363      0.48302
      5.88129      0.49192
      5.87896      0.50111
      5.87663      0.51061
      5.87429      0.52042
      5.87196      0.53055
      5.86962      0.54103
      5.86729      0.55187
      5.86495      0.56307
      5.86262      0.57467
      5.86029      0.58666
      5.85795      0.59908
      5.85562      0.61194
      5.85328      0.62526
      5.85095      0.63906
      5.84862      0.65336
      5.84628      0.66819
      5.84395      0.68356
      5.84161      0.69951
      5.83928      0.71606
      5.83695      0.73324
      5.83461      0.75108
      5.83228      0.76961
      5.82994      0.78887
      5.82761      0.80888
      5.82528      0.82969
      5.82294      0.85134
      5.82061      0.87387
      5.81827      0.89731
      5.81594      0.92173
      5.81360      0.94716
      5.81127      0.97366
      5.80894      1.00128
      5.80660      1.03009
      5.80427      1.06013
      5.80193      1.09148
      5.79960      1.12421
      5.79727      1.15838
      5.79493      1.19407
      5.79260      1.23136
      5.79026      1.27034
      5.78793      1.31109
      5.78560      1.35371
      5.78326      1.39829
      5.78093      1.44494
      5.77859      1.49375
      5.77626      1.54484
      5.77392      1.59834
      5.77159      1.65434
      5.76926      1.71299
      5.76692      1.77439
      5.76459      1.83869
      5.76225      1.90602
      5.75992      1.97650
      5.75759      2.05026
      5.75525      2.12744
      5.75292      2.20815
      5.75058      2.29252
      5.74825      2.38065
      5.74592      2.47264
      5.74358      2.56856
      5.74125      2.66847
      5.73891      2.77238
      5.73658      2.88030
      5.73424      2.99217
      5.73191      3.10789
      5.72958      3.22729
      5.72724      3.35016
      5.72491      3.47619
      5.72257      3.60497
      5.72024      3.73602
      5.71791      3.86874
      5.71557      4.00241
      5.71324      4.13621
      5.71090      4.26916
      5.70857      4.40020
      5.70624      4.52813
      5.70390      4.65166
      5.70157      4.76942
      5.69923      4.87998
      5.69690      4.98189
      5.69456      5.07370
      5.69223      5.15404
      5.68990      5.22164
      5.68756      5.27539
      5.68523      5.31435
      5.68289      5.33784
      5.68056      5.34543
      5.67823      5.33700
      5.67589      5.31268
      5.67356      5.27292
      5.67122      5.21840
      5.66889      5.15005
      5.66656      5.06901
      5.66422      4.97654
      5.66189      4.87402
      5.65955      4.76290
      5.65722      4.64463
      5.65488      4.52064
      5.65255      4.39229
      5.65022      4.26087
      5.64788      4.12758
      5.64555      3.99349
      5.64321      3.85955
      5.64088      3.72658
      5.63855      3.59531
      5.63621      3.46632
      5.63388      3.34010
      5.63154      3.21705
      5.62921      3.09748
      5.62688      2.98159
      5.62454      2.86957
      5.62221      2.76149
      5.61987      2.65742
      5.61754      2.55735
      5.61521      2.46128
      5.61287      2.36913
      5.61054      2.28083
      5.60820      2.19629
      5.60587      2.11540
      5.60353      2.03805
      5.60120      1.96410
      5.59887      1.89343
      5.59653      1.82592
      5.59420      1.76142
      5.59186      1.69981
      5.58953      1.64096
      5.58720      1.58474
      5.58486      1.53103
      5.58253      1.47971
      5.58019      1.43067
      5.57786      1.38380
      5.57553      1.33899
      5.57319      1.29613
      5.57086      1.25514
      5.56852      1.21591
      5.56619      1.17837
      5.56385      1.14243
      5.56152      1.10800
      5.55919      1.07501
      5.55685      1.04340
      5.55452      1.01309
      5.55218      0.98402
      5.54985      0.95612
      5.54752      0.92935
      5.54518      0.90364
      5.54285      0.87895
      5.54051      0.85522
      5.53818      0.83241
      5.53585      0.81048
      5.53351      0.78938
      5.53118      0.76907
      5.52884      0.74952
      5.52651      0.73070
      5.52417      0.71256
      5.52184      0.69508
      5.51951      0.67823
      5.51717      0.66198
      5.51484      0.64630
      5.51250      0.63117
      5.51017      0.61656
      5.50784      0.60245
      5.50550      0.58882
      5.50317      0.57565
      5.50083      0.56291
      5.49850      0.55060
      5.49617      0.53869
      5.49383      0.52716
      5.49150      0.51600
      5.48916      0.50520
      5.48683      0.49474
      5.48449      0.48460
      5.48216      0.47478
      5.47983      0.46525
      5.47749      0.45602
      5.47516      0.44706
      5.47282      0.43837
      5.47049      0.42994
      5.46816      0.42175
      5.46582      0.41381
      5.46349      0.40609
      5.46115      0.39859
      5.45882      0.39130
      5.45649      0.38421
      5.45415      0.37733
      5.45182      0.37063
      5.44948      0.36411
      5.44715      0.35778
      5.44481      0.35161
      5.44248      0.34560
      5.44015      0.33976
      5.43781      0.33406
      5.43548      0.32852
      5.43314      0.32312
      5.43081      0.31785
      5.42848      0.31272
      5.42614      0.30772
      5.42381      0.30284
      5.42147      0.29808
      5.41914      0.29344
      5.41681      0.28892
      5.41447      0.28450
      5.41214      0.28019
      5.40980      0.27598
      5.40747      0.27187
      5.40514      0.26785
      5.40280      0.26393
      5.40047      0.26010
      5.39813      0.25636
      5.39580      0.25270
      5.39346      0.24912
      5.39113      0.24563
      5.38880      0.24221
      5.38646      0.23887
      5.38413      0.23560
      5.38179      0.23240
      5.37946      0.22927
      5.37713      0.22620
      5.37479      0.22321
      5.37246      0.22027
      5.37012      0.21740
      5.36779      0.21459
      5.36546      0.21183
      5.36312      0.20913
      5.36079      0.20649
      5.35845      0.20390
      5.35612      0.20136
      5.35378      0.19887
      5.35145      0.19644
      5.34912      0.19405
      5.34678      0.19170
      5.34445      0.18941
      5.34211      0.18715
      5.33978      0.18494
      5.33745      0.18277
      5.33511      0.18065
      5.33278      0.17856
      5.33044      0.17651
      5.32811      0.17450
      5.32578      0.17253
      5.32344      0.17059
      5.32111      0.16869
      5.31877      0.16682
      5.31644      0.16499
      5.31410      0.16319
      5.31177      0.16142
      5.30944      0.15968
      5.30710      0.15797
      5.30477      0.15630
      5.30243      0.15465
      5.30010      0.15303
      5.29777      0.15144
      5.29543      0.14987
      5.29310      0.14833
      5.29076      0.14682
      5.28843      0.14533
      5.28610      0.14387
      5.28376      0.14243
      5.28143      0.14101
      5.27909      0.13962
      5.27676      0.13825
      5.27442      0.13690
      5.27209      0.13558
      5.26976      0.13427
      5.26742      0.13299
      5.26509      0.13172
      5.26275      0.13048
      5.26042      0.12926
      5.25809      0.12805
      5.25575      0.12686
      5.25342      0.12569
      5.25108      0.12454
      5.24875      0.12341
      5.24642      0.12229
      5.24408      0.12119
      5.24175      0.12011
      5.23941      0.11904
      5.23708      0.11799
      5.23474      0.11695
      5.23241      0.11593
      5.23008      0.11493
      5.22774      0.11393
      5.22541      0.11296
      5.22307      0.11199
      5.22074      0.11104
      5.21841      0.11011
      5.21607      0.10918
      5.21374      0.10827
      5.21140      0.10738
      5.20907      0.10649
      5.20674      0.10562
      5.20440      0.10476
      5.20207      0.10391
      5.19973      0.10307
      5.19740      0.10224
      5.19507      0.10143
      5.19273      0.10062
      5.19040      0.09983
      5.18806      0.09904
      5.18573      0.09827
      5.18339      0.09751
      5.18106      0.09675
      5.17873      0.09601
      5.17639      0.09528
      5.17406      0.09455
      5.17172      0.09384
      5.16939      0.09313
      5.16706      0.09244
      5.16472      0.09175
      5.16239      0.09107
      5.16005      0.09040
      5.15772      0.08973
      5.15539      0.08908
      5.15305      0.08843
      5.15072      0.08779
      5.14838      0.08716
      5.14605      0.08654
      5.14371      0.08592
      5.14138      0.08532
      5.13905      0.08472
      5.13671      0.08412
      5.13438      0.08353
      5.13204      0.08295
      5.12971      0.08238
      5.12738      0.08182
      5.12504      0.08126
      5.12271      0.08070
      5.12037      0.08016
      5.11804      0.07961
      5.11571      0.07908
      5.11337      0.07855
      5.11104      0.07803
      5.10870      0.07751
      5.10637      0.07700
      5.10403      0.07650
      5.10170      0.07600
      5.09937      0.07550
      5.09703      0.07502
      5.09470      0.07453
      5.09236      0.07406
      5.09003      0.07358
      5.08770      0.07312
      5.08536      0.07265
      5.08303      0.07220
      5.08069      0.07174
      5.07836      0.07130
      5.07603      0.07085
      5.07369      0.07042
      5.07136      0.06998
      5.06902      0.06955
      5.06669      0.06913
      5.06435      0.06871
      5.06202      0.06829
      5.05969      0.06788
      5.05735      0.06747
      5.05502      0.06707
      5.05268      0.06667
      5.05035      0.06628
      5.04802      0.06589
      5.04568      0.06550
      5.04335      0.06512
      5.04101      0.06474
      5.03868      0.06436
      5.03635      0.06399
      5.03401      0.06362
      5.03168      0.06326
      5.02934      0.06290
      5.02701      0.06254
      5.02467      0.06219
      5.02234      0.06184
      5.02001      0.06149
      5.01767      0.06115
      5.01534      0.06081
      5.01300      0.06047
      5.01067      0.06013
      5.00834      0.05980
      5.00600      0.05948
      5.00367      0.05915
      5.00133      0.05883
      4.99900      0.05851
      4.99667      0.05820
      4.99433      0.05788
      4.99200      0.05757
      4.98966      0.05727
      4.98733      0.05696
      4.98499      0.05666
      4.98266      0.05636
      4.98033      0.05607
      4.97799      0.05577
      4.97566      0.05548
      4.97332      0.05519
      4.97099      0.05491
      4.96866      0.05463
      4.96632      0.05435
      4.96399      0.05407
      4.96165      0.05379
      4.95932      0.05352
      4.95699      0.05325
      4.95465      0.05298
      4.95232      0.05271
      4.94998      0.05245
      4.94765      0.05219
      4.94532      0.05193
      4.94298      0.05167
      4.94065      0.05142
      4.93831      0.05117
      4.93598      0.05091
      4.93364      0.05067
      4.93131      0.05042
      4.92898      0.05018
      4.92664      0.04993
      4.92431      0.04969
      4.92197      0.04946
      4.91964      0.04922
      4.91731      0.04898
      4.91497      0.04875
      4.91264      0.04852
      4.91030      0.04829
      4.90797      0.04807
      4.90564      0.04784
      4.90330      0.04762
      4.90097      0.04740
      4.89863      0.04718
      4.89630      0.04696
      4.89396      0.04674
      4.89163      0.04653
      4.88930      0.04632
      4.88696      0.04611
      4.88463      0.04590
      4.88229      0.04569
      4.87996      0.04548
      4.87763      0.04528
      4.87529      0.04508
      4.87296      0.04487
      4.87062      0.04467
      4.86829      0.04448
      4.86596      0.04428
      4.86362      0.04408
      4.86129      0.04389
      4.85895      0.04370
      4.85662      0.04351
      4.85428      0.04332
      4.85195      0.04313
      4.84962      0.04294
      4.84728      0.04276
      4.84495      0.04257
      4.84261      0.04239
      4.84028      0.04221
      4.83795      0.04203
      4.83561      0.04185
      4.83328      0.04168
      4.83094      0.04150
      4.82861      0.04133
      4.82628      0.04115
      4.82394      0.04098
      4.82161      0.04081
      4.81927      0.04064
      4.81694      0.04047
      4.81460      0.04030
      4.81227      0.04014
      4.80994      0.03997
      4.80760      0.03981
      4.80527      0.03965
      4.80293      0.03949
      4.80060      0.03933
      4.79827      0.03917
      4.79593      0.03901
      4.79360      0.03885
      4.79126      0.03870
      4.78893      0.03854
      4.78660      0.03839
      4.78426      0.03824
      4.78193      0.03808
      4.77959      0.03793
      4.77726      0.03778
      4.77492      0.03764
      4.77259      0.03749
      4.77026      0.03734
      4.76792      0.03720
      4.76559      0.03705
      4.76325      0.03691
      4.76092      0.03677
      4.75859      0.03662
      4.75625      0.03648
      4.75392      0.03634
      4.75158      0.03620
      4.74925      0.03607
      4.74692      0.03593
      4.74458      0.03579
      4.74225      0.03566
      4.73991      0.03552
      4.73758      0.03539
      4.73525      0.03526
      4.73291      0.03513
      4.73058      0.03500
      4.72824      0.03487
      4.72591      0.03474
      4.72357      0.03461
      4.72124      0.03448
      4.71891      0.03435
      4.71657      0.03423
      4.71424      0.03410
      4.71190      0.03398
      4.70957      0.03385
      4.70724      0.03373
      4.70490      0.03361
      4.70257      0.03349
      4.70023      0.03337
      4.69790      0.03325
      4.69557      0.03313
      4.69323      0.03301
      4.69090      0.03289
      4.68856      0.03278
      4.68623      0.03266
      4.68389      0.03254
      4.68156      0.03243
      4.67923      0.03232
      4.67689      0.03220
      4.67456      0.03209
      4.67222      0.03198
      4.66989      0.03187
      4.66756      0.03175
      4.66522      0.03164
      4.66289      0.03154
      4.66055      0.03143
      4.65822      0.03132
      4.65589      0.03121
      4.65355      0.03110
      4.65122      0.03100
      4.64888      0.03089
      4.64655      0.03079
      4.64421      0.03068
      4.64188      0.03058
      4.63955      0.03048
      4.63721      0.03037
      4.63488      0.03027
      4.63254      0.03017
      4.63021      0.03007
      4.62788      0.02997
      4.62554      0.02987
      4.62321      0.02977
      4.62087      0.02967
      4.61854      0.02957
      4.61621      0.02948
      4.61387      0.02938
      4.61154      0.02928
      4.60920      0.02919
      4.60687      0.02909
      4.60453      0.02900
      4.60220      0.02890
      4.59987      0.02881
      4.59753      0.02872
      4.59520      0.02863
      4.59286      0.02853
      4.59053      0.02844
      4.58820      0.02835
      4.58586      0.02826
      4.58353      0.02817
      4.58119      0.02808
      4.57886      0.02799
      4.57653      0.02790
      4.57419      0.02781
      4.57186      0.02773
      4.56952      0.02764
      4.56719      0.02755
      4.56485      0.02747
      4.56252      0.02738
      4.56019      0.02730
      4.55785      0.02721
      4.55552      0.02713
      4.55318      0.02704
      4.55085      0.02696
      4.54852      0.02688
      4.54618      0.02679
      4.54385      0.02671
      4.54151      0.02663
      4.53918      0.02655
      4.53685      0.02647
      4.53451      0.02639
      4.53218      0.02631
      4.52984      0.02623
      4.52751      0.02615
      4.52518      0.02607
      4.52284      0.02599
      4.52051      0.02591
      4.51817      0.02583
      4.51584      0.02576
      4.51350      0.02568
      4.51117      0.02560
      4.50884      0.02553
      4.50650      0.02545
      4.50417      0.02538
      4.50183      0.02530
      4.49950      0.02523
      4.49717      0.02515
      4.49483      0.02508
      4.49250      0.02501
      4.49016      0.02493
      4.48783      0.02486
      4.48550      0.02479
      4.48316      0.02472
      4.48083      0.02464
      4.47849      0.02457
      4.47616      0.02450
      4.47382      0.02443
      4.47149      0.02436
      4.46916      0.02429
      4.46682      0.02422
      4.46449      0.02415
      4.46215      0.02408
      4.45982      0.02402
      4.45749      0.02395
      4.45515      0.02388
      4.45282      0.02381
      4.45048      0.02375
      4.44815      0.02368
      4.44582      0.02361
      4.44348      0.02355
      4.44115      0.02348
      4.43881      0.02341
      4.43648      0.02335
      4.43414      0.02328
      4.43181      0.02322
      4.42948      0.02315
      4.42714      0.02309
      4.42481      0.02303
      4.42247      0.02296
      4.42014      0.02290
      4.41781      0.02284
      4.41547      0.02277
      4.41314      0.02271
      4.41080      0.02265
      4.40847      0.02259
      4.40614      0.02253
      4.40380      0.02247
      4.40147      0.02240
      4.39913      0.02234
      4.39680      0.02228
      4.39446      0.02222
      4.39213      0.02216
      4.38980      0.02210
      4.38746      0.02205
      4.38513      0.02199
      4.38279      0.02193
      4.38046      0.02187
      4.37813      0.02181
      4.37579      0.02175
      4.37346      0.02170
      4.37112      0.02164
      4.36879      0.02158
      4.36646      0.02152
      4.36412      0.02147
      4.36179      0.02141
      4.35945      0.02136
      4.35712      0.02130
      4.35478      0.02124
      4.35245      0.02119
      4.35012      0.02113
      4.34778      0.02108
      4.34545      0.02102
      4.34311      0.02097
      4.34078      0.02092
      4.33845      0.02086
      4.33611      0.02081
      4.33378      0.02075
      4.33144      0.02070
      4.32911      0.02065
      4.32678      0.02060
      4.32444      0.02054
      4.32211      0.02049
      4.31977      0.02044
      4.31744      0.02039
      4.31511      0.02033
      4.31277      0.02028
      4.31044      0.02023
      4.30810      0.02018
      4.30577      0.02013
      4.30343      0.02008
      4.30110      0.02003
      4.29877      0.01998
      4.29643      0.01993
      4.29410      0.01988
      4.29176      0.01983
      4.28943      0.01978
      4.28710      0.01973
      4.28476      0.01968
      4.28243      0.01963
      4.28009      0.01959
      4.27776      0.01954
      4.27543      0.01949
      4.27309      0.01944
      4.27076      0.01939
      4.26842      0.01935
      4.26609      0.01930
      4.26375      0.01925
      4.26142      0.01921
      4.25909      0.01916
      4.25675      0.01911
      4.25442      0.01907
      4.25208      0.01902
      4.24975      0.01897
      4.24742      0.01893
      4.24508      0.01888
      4.24275      0.01884
      4.24041      0.01879
      4.23808      0.01875
      4.23575      0.01870
      4.23341      0.01866
      4.23108      0.01861
      4.22874      0.01857
      4.22641      0.01852
      4.22407      0.01848
      4.22174      0.01844
      4.21941      0.01839
      4.21707      0.01835
      4.21474      0.01831
      4.21240      0.01826
      4.21007      0.01822
      4.20774      0.01818
      4.20540      0.01814
      4.20307      0.01809
      4.20073      0.01805
      4.19840      0.01801
      4.19607      0.01797
      4.19373      0.01793
      4.19140      0.01788
      4.18906      0.01784
      4.18673      0.01780
      4.18439      0.01776
      4.18206      0.01772
      4.17973      0.01768
      4.17739      0.01764
      4.17506      0.01760
      4.17272      0.01756
      4.17039      0.01752
      4.16806      0.01748
      4.16572      0.01744
      4.16339      0.01740
      4.16105      0.01736
      4.15872      0.01732
      4.15639      0.01728
      4.15405      0.01724
      4.15172      0.01720
      4.14938      0.01716
      4.14705      0.01712
      4.14471      0.01708
      4.14238      0.01705
      4.14005      0.01701
      4.13771      0.01697
      4.13538      0.01693
      4.13304      0.01689
      4.13071      0.01686
      4.12838      0.01682
      4.12604      0.01678
      4.12371      0.01674
      4.12137      0.01671
      4.11904      0.01667
      4.11671      0.01663
      4.11437      0.01660
      4.11204      0.01656
      4.10970      0.01652
      4.10737      0.01649
      4.10504      0.01645
      4.10270      0.01642
      4.10037      0.01638
      4.09803      0.01634
      4.09570      0.01631
      4.09336      0.01627
      4.09103      0.01624
      4.08870      0.01620
      4.08636      0.01617
      4.08403      0.01613
      4.08169      0.01610
      4.07936      0.01606
      4.07703      0.01603
      4.07469      0.01599
      4.07236      0.01596
      4.07002      0.01592
      4.06769      0.01589
      4.06536      0.01586
      4.06302      0.01582
      4.06069      0.01579
      4.05835      0.01576
      4.05602      0.01572
      4.05368      0.01569
      4.05135      0.01566
      4.04902      0.01562
      4.04668      0.01559
      4.04435      0.01556
      4.04201      0.01552
      4.03968      0.01549
      4.03735      0.01546
      4.03501      0.01543
      4.03268      0.01539
      4.03034      0.01536
      4.02801      0.01533
      4.02568      0.01530
      4.02334      0.01527
      4.02101      0.01523
      4.01867      0.01520
      4.01634      0.01517
      4.01400      0.01514
      4.01167      0.01511
      4.00934      0.01508
      4.00700      0.01504
      4.00467      0.01501
      4.00233      0.01498
      4.00000      0.01495
