        1.000000    0.000000
        1.001167    0.000000
        1.002334    0.000000
        1.003501    0.000000
        1.004668    0.000000
        1.005835    0.000000
        1.007002    0.000000
        1.008169    0.000000
        1.009336    0.000000
        1.010504    0.000000
        1.011671    0.000000
        1.012838    0.000000
        1.014005    0.000000
        1.015172    0.000000
        1.016339    0.000000
        1.017506    0.000000
        1.018673    0.000000
        1.019840    0.000000
        1.021007    0.000000
        1.022174    0.000000
        1.023341    0.000000
        1.024508    0.000000
        1.025675    0.000000
        1.026842    0.000000
        1.028009    0.000000
        1.029176    0.000000
        1.030343    0.000000
        1.031511    0.000000
        1.032678    0.000000
        1.033845    0.000000
        1.035012    0.000000
        1.036179    0.000000
        1.037346    0.000000
        1.038513    0.000000
        1.039680    0.000000
        1.040847    0.000000
        1.042014    0.000000
        1.043181    0.000000
        1.044348    0.000000
        1.045515    0.000000
        1.046682    0.000000
        1.047849    0.000000
        1.049016    0.000000
        1.050183    0.000000
        1.051350    0.000000
        1.052518    0.000000
        1.053685    0.000000
        1.054852    0.000000
        1.056019    0.000000
        1.057186    0.000000
        1.058353    0.000000
        1.059520    0.000000
        1.060687    0.000000
        1.061854    0.000000
        1.063021    0.000000
        1.064188    0.000000
        1.065355    0.000000
        1.066522    0.000000
        1.067689    0.000000
        1.068856    0.000000
        1.070023    0.000000
        1.071190    0.000000
        1.072357    0.000000
        1.073525    0.000000
        1.074692    0.000000
        1.075859    0.000000
        1.077026    0.000000
        1.078193    0.000000
        1.079360    0.000000
        1.080527    0.000000
        1.081694    0.000000
        1.082861    0.000000
        1.084028    0.000000
        1.085195    0.000000
        1.086362    0.000000
        1.087529    0.000000
        1.088696    0.000000
        1.089863    0.000000
        1.091030    0.000000
        1.092197    0.000000
        1.093364    0.000000
        1.094532    0.000000
        1.095699    0.000000
        1.096866    0.000000
        1.098033    0.000000
        1.099200    0.000000
        1.100367    0.000000
        1.101534    0.000000
        1.102701    0.000000
        1.103868    0.000000
        1.105035    0.000000
        1.106202    0.000000
        1.107369    0.000000
        1.108536    0.000000
        1.109703    0.000000
        1.110870    0.000000
        1.112037    0.000000
        1.113204    0.000000
        1.114371    0.000000
        1.115539    0.000000
        1.116706    0.000000
        1.117873    0.000000
        1.119040    0.000000
        1.120207    0.000000
        1.121374    0.000000
        1.122541    0.000000
        1.123708    0.000000
        1.124875    0.000000
        1.126042    0.000000
        1.127209    0.000000
        1.128376    0.000000
        1.129543    0.000000
        1.130710    0.000000
        1.131877    0.000000
        1.133044    0.000000
        1.134211    0.000000
        1.135378    0.000000
        1.136546    0.000000
        1.137713    0.000000
        1.138880    0.000000
        1.140047    0.000000
        1.141214    0.000000
        1.142381    0.000000
        1.143548    0.000000
        1.144715    0.000000
        1.145882    0.000000
        1.147049    0.000000
        1.148216    0.000000
        1.149383    0.000000
        1.150550    0.000000
        1.151717    0.000000
        1.152884    0.000000
        1.154051    0.000000
        1.155218    0.000000
        1.156385    0.000000
        1.157553    0.000000
        1.158720    0.000000
        1.159887    0.000000
        1.161054    0.000000
        1.162221    0.000000
        1.163388    0.000000
        1.164555    0.000000
        1.165722    0.000000
        1.166889    0.000000
        1.168056    0.000000
        1.169223    0.000000
        1.170390    0.000000
        1.171557    0.000000
        1.172724    0.000000
        1.173891    0.000000
        1.175058    0.000000
        1.176225    0.000000
        1.177392    0.000000
        1.178560    0.000000
        1.179727    0.000000
        1.180894    0.000000
        1.182061    0.000000
        1.183228    0.000000
        1.184395    0.000000
        1.185562    0.000000
        1.186729    0.000000
        1.187896    0.000000
        1.189063    0.000000
        1.190230    0.000000
        1.191397    0.000000
        1.192564    0.000000
        1.193731    0.000000
        1.194898    0.000000
        1.196065    0.000000
        1.197232    0.000000
        1.198399    0.000000
        1.199567    0.000000
        1.200734    0.000000
        1.201901    0.000000
        1.203068    0.000000
        1.204235    0.000000
        1.205402    0.000000
        1.206569    0.000000
        1.207736    0.000000
        1.208903    0.000000
        1.210070    0.000000
        1.211237    0.000000
        1.212404    0.000000
        1.213571    0.000000
        1.214738    0.000000
        1.215905    0.000000
        1.217072    0.000000
        1.218239    0.000000
        1.219406    0.000000
        1.220574    0.000000
        1.221741    0.000000
        1.222908    0.000000
        1.224075    0.000000
        1.225242    0.000000
        1.226409    0.000000
        1.227576    0.000000
        1.228743    0.000000
        1.229910    0.000000
        1.231077    0.000000
        1.232244    0.000000
        1.233411    0.000000
        1.234578    0.000000
        1.235745    0.000000
        1.236912    0.000000
        1.238079    0.000000
        1.239246    0.000000
        1.240413    0.000000
        1.241581    0.000000
        1.242748    0.000000
        1.243915    0.000000
        1.245082    0.000000
        1.246249    0.000000
        1.247416    0.000000
        1.248583    0.000000
        1.249750    0.000000
        1.250917    0.000000
        1.252084    0.000000
        1.253251    0.000000
        1.254418    0.000000
        1.255585    0.000000
        1.256752    0.000000
        1.257919    0.000000
        1.259086    0.000000
        1.260253    0.000000
        1.261420    0.000000
        1.262588    0.000000
        1.263755    0.000000
        1.264922    0.000000
        1.266089    0.000000
        1.267256    0.000000
        1.268423    0.000000
        1.269590    0.000000
        1.270757    0.000000
        1.271924    0.000000
        1.273091    0.000000
        1.274258    0.000000
        1.275425    0.000000
        1.276592    0.000000
        1.277759    0.000000
        1.278926    0.000000
        1.280093    0.000000
        1.281260    0.000000
        1.282427    0.000000
        1.283595    0.000000
        1.284762    0.000000
        1.285929    0.000000
        1.287096    0.000000
        1.288263    0.000000
        1.289430    0.000000
        1.290597    0.000000
        1.291764    0.000000
        1.292931    0.000000
        1.294098    0.000000
        1.295265    0.000000
        1.296432    0.000000
        1.297599    0.000000
        1.298766    0.000000
        1.299933    0.000000
        1.301100    0.000000
        1.302267    0.000000
        1.303434    0.000000
        1.304602    0.000000
        1.305769    0.000000
        1.306936    0.000000
        1.308103    0.000000
        1.309270    0.000000
        1.310437    0.000000
        1.311604    0.000000
        1.312771    0.000000
        1.313938    0.000000
        1.315105    0.000000
        1.316272    0.000000
        1.317439    0.000000
        1.318606    0.000000
        1.319773    0.000000
        1.320940    0.000000
        1.322107    0.000000
        1.323274    0.000000
        1.324441    0.000000
        1.325609    0.000000
        1.326776    0.000000
        1.327943    0.000000
        1.329110    0.000000
        1.330277    0.000000
        1.331444    0.000000
        1.332611    0.000000
        1.333778    0.000000
        1.334945    0.000000
        1.336112    0.000000
        1.337279    0.000000
        1.338446    0.000000
        1.339613    0.000000
        1.340780    0.000000
        1.341947    0.000000
        1.343114    0.000000
        1.344281    0.000000
        1.345448    0.000000
        1.346616    0.000000
        1.347783    0.000000
        1.348950    0.000000
        1.350117    0.000000
        1.351284    0.000000
        1.352451    0.000000
        1.353618    0.000000
        1.354785    0.000000
        1.355952    0.000000
        1.357119    0.000000
        1.358286    0.000000
        1.359453    0.000000
        1.360620    0.000000
        1.361787    0.000000
        1.362954    0.000000
        1.364121    0.000000
        1.365288    0.000000
        1.366455    0.000000
        1.367623    0.000000
        1.368790    0.000000
        1.369957    0.000000
        1.371124    0.000000
        1.372291    0.000000
        1.373458    0.000000
        1.374625    0.000000
        1.375792    0.000000
        1.376959    0.000000
        1.378126    0.000000
        1.379293    0.000000
        1.380460    0.000000
        1.381627    0.000000
        1.382794    0.000000
        1.383961    0.000000
        1.385128    0.000000
        1.386295    0.000000
        1.387462    0.000000
        1.388630    0.000000
        1.389797    0.000000
        1.390964    0.000000
        1.392131    0.000000
        1.393298    0.000000
        1.394465    0.000000
        1.395632    0.000000
        1.396799    0.000000
        1.397966    0.000000
        1.399133    0.000000
        1.400300    0.000000
        1.401467    0.000000
        1.402634    0.000000
        1.403801    0.000000
        1.404968    0.000000
        1.406135    0.000000
        1.407302    0.000000
        1.408469    0.000000
        1.409637    0.000000
        1.410804    0.000000
        1.411971    0.000000
        1.413138    0.000000
        1.414305    0.000000
        1.415472    0.000000
        1.416639    0.000000
        1.417806    0.000000
        1.418973    0.000000
        1.420140    0.000000
        1.421307    0.000000
        1.422474    0.000000
        1.423641    0.000000
        1.424808    0.000000
        1.425975    0.000000
        1.427142    0.000000
        1.428309    0.000000
        1.429476    0.000000
        1.430644    0.000000
        1.431811    0.000000
        1.432978    0.000000
        1.434145    0.000000
        1.435312    0.000000
        1.436479    0.000000
        1.437646    0.000000
        1.438813    0.000000
        1.439980    0.000000
        1.441147    0.000000
        1.442314    0.000000
        1.443481    0.000000
        1.444648    0.000000
        1.445815    0.000000
        1.446982    0.000000
        1.448149    0.000000
        1.449316    0.000000
        1.450483    0.000000
        1.451651    0.000000
        1.452818    0.000000
        1.453985    0.000000
        1.455152    0.000000
        1.456319    0.000000
        1.457486    0.000000
        1.458653    0.000000
        1.459820    0.000000
        1.460987    0.000000
        1.462154    0.000000
        1.463321    0.000000
        1.464488    0.000000
        1.465655    0.000000
        1.466822    0.000000
        1.467989    0.000000
        1.469156    0.000000
        1.470323    0.000000
        1.471490    0.000000
        1.472658    0.000000
        1.473825    0.000000
        1.474992    0.000000
        1.476159    0.000000
        1.477326    0.000000
        1.478493    0.000000
        1.479660    0.000000
        1.480827    0.000000
        1.481994    0.000000
        1.483161    0.000000
        1.484328    0.000000
        1.485495    0.000000
        1.486662    0.000000
        1.487829    0.000000
        1.488996    0.000000
        1.490163    0.000000
        1.491330    0.000000
        1.492497    0.000000
        1.493665    0.000000
        1.494832    0.000000
        1.495999    0.000000
        1.497166    0.000000
        1.498333    0.000000
        1.499500    0.000000
        1.500667    0.000000
        1.501834    0.000000
        1.503001    0.000000
        1.504168    0.000000
        1.505335    0.000000
        1.506502    0.000000
        1.507669    0.000000
        1.508836    0.000000
        1.510003    0.000000
        1.511170    0.000000
        1.512337    0.000000
        1.513505    0.000000
        1.514672    0.000000
        1.515839    0.000000
        1.517006    0.000000
        1.518173    0.000000
        1.519340    0.000000
        1.520507    0.000000
        1.521674    0.000000
        1.522841    0.000000
        1.524008    0.000000
        1.525175    0.000000
        1.526342    0.000000
        1.527509    0.000000
        1.528676    0.000000
        1.529843    0.000000
        1.531010    0.000000
        1.532177    0.000000
        1.533344    0.000000
        1.534512    0.000000
        1.535679    0.000000
        1.536846    0.000000
        1.538013    0.000000
        1.539180    0.000000
        1.540347    0.000000
        1.541514    0.000000
        1.542681    0.000000
        1.543848    0.000000
        1.545015    0.000000
        1.546182    0.000000
        1.547349    0.000000
        1.548516    0.000000
        1.549683    0.000000
        1.550850    0.000000
        1.552017    0.000000
        1.553184    0.000000
        1.554351    0.000000
        1.555519    0.000000
        1.556686    0.000000
        1.557853    0.000000
        1.559020    0.000000
        1.560187    0.000000
        1.561354    0.000000
        1.562521    0.000000
        1.563688    0.000000
        1.564855    0.000000
        1.566022    0.000000
        1.567189    0.000000
        1.568356    0.000000
        1.569523    0.000000
        1.570690    0.000000
        1.571857    0.000000
        1.573024    0.000000
        1.574191    0.000000
        1.575358    0.000000
        1.576526    0.000000
        1.577693    0.000000
        1.578860    0.000000
        1.580027    0.000000
        1.581194    0.000000
        1.582361    0.000000
        1.583528    0.000000
        1.584695    0.000000
        1.585862    0.000000
        1.587029    0.000000
        1.588196    0.000000
        1.589363    0.000000
        1.590530    0.000000
        1.591697    0.000000
        1.592864    0.000000
        1.594031    0.000000
        1.595198    0.000000
        1.596365    0.000000
        1.597533    0.000000
        1.598700    0.000000
        1.599867    0.000000
        1.601034    0.000000
        1.602201    0.000000
        1.603368    0.000000
        1.604535    0.000000
        1.605702    0.000000
        1.606869    0.000000
        1.608036    0.000000
        1.609203    0.000000
        1.610370    0.000000
        1.611537    0.000000
        1.612704    0.000000
        1.613871    0.000000
        1.615038    0.000000
        1.616205    0.000000
        1.617372    0.000000
        1.618540    0.000000
        1.619707    0.000000
        1.620874    0.000000
        1.622041    0.000000
        1.623208    0.000000
        1.624375    0.000000
        1.625542    0.000000
        1.626709    0.000000
        1.627876    0.000000
        1.629043    0.000000
        1.630210    0.000000
        1.631377    0.000000
        1.632544    0.000000
        1.633711    0.000000
        1.634878    0.000000
        1.636045    0.000000
        1.637212    0.000000
        1.638379    0.000000
        1.639547    0.000000
        1.640714    0.000000
        1.641881    0.000000
        1.643048    0.000000
        1.644215    0.000000
        1.645382    0.000000
        1.646549    0.000000
        1.647716    0.000000
        1.648883    0.000000
        1.650050    0.000000
        1.651217    0.000000
        1.652384    0.000000
        1.653551    0.000000
        1.654718    0.000000
        1.655885    0.000000
        1.657052    0.000000
        1.658219    0.000000
        1.659386    0.000000
        1.660554    0.000000
        1.661721    0.000000
        1.662888    0.000000
        1.664055    0.000000
        1.665222    0.000000
        1.666389    0.000000
        1.667556    0.000000
        1.668723    0.000000
        1.669890    0.000000
        1.671057    0.000000
        1.672224    0.000000
        1.673391    0.000000
        1.674558    0.000000
        1.675725    0.000000
        1.676892    0.000000
        1.678059    0.000000
        1.679226    0.000000
        1.680393    0.000000
        1.681561    0.000000
        1.682728    0.000000
        1.683895    0.000000
        1.685062    0.000000
        1.686229    0.000000
        1.687396    0.000000
        1.688563    0.000000
        1.689730    0.000000
        1.690897    0.000000
        1.692064    0.000000
        1.693231    0.000000
        1.694398    0.000000
        1.695565    0.000000
        1.696732    0.000000
        1.697899    0.000000
        1.699066    0.000000
        1.700233    0.000000
        1.701400    0.000000
        1.702568    0.000000
        1.703735    0.000000
        1.704902    0.000000
        1.706069    0.000000
        1.707236    0.000000
        1.708403    0.000000
        1.709570    0.000000
        1.710737    0.000000
        1.711904    0.000000
        1.713071    0.000000
        1.714238    0.000000
        1.715405    0.000000
        1.716572    0.000000
        1.717739    0.000000
        1.718906    0.000000
        1.720073    0.000000
        1.721240    0.000000
        1.722407    0.000000
        1.723575    0.000000
        1.724742    0.000000
        1.725909    0.000000
        1.727076    0.000000
        1.728243    0.000000
        1.729410    0.000000
        1.730577    0.000000
        1.731744    0.000000
        1.732911    0.000000
        1.734078    0.000000
        1.735245    0.000000
        1.736412    0.000000
        1.737579    0.000000
        1.738746    0.000000
        1.739913    0.000000
        1.741080    0.000000
        1.742247    0.000000
        1.743414    0.000000
        1.744582    0.000000
        1.745749    0.000000
        1.746916    0.000000
        1.748083    0.000000
        1.749250    0.000000
        1.750417    0.000000
        1.751584    0.000000
        1.752751    0.000000
        1.753918    0.000000
        1.755085    0.000000
        1.756252    0.000000
        1.757419    0.000000
        1.758586    0.000000
        1.759753    0.000000
        1.760920    0.000000
        1.762087    0.000000
        1.763254    0.000000
        1.764421    0.000000
        1.765589    0.000000
        1.766756    0.000000
        1.767923    0.000000
        1.769090    0.000000
        1.770257    0.000000
        1.771424    0.000000
        1.772591    0.000000
        1.773758    0.000000
        1.774925    0.000000
        1.776092    0.000000
        1.777259    0.000000
        1.778426    0.000000
        1.779593    0.000000
        1.780760    0.000000
        1.781927    0.000000
        1.783094    0.000000
        1.784261    0.000000
        1.785428    0.000000
        1.786596    0.000000
        1.787763    0.000000
        1.788930    0.000000
        1.790097    0.000000
        1.791264    0.000000
        1.792431    0.000000
        1.793598    0.000000
        1.794765    0.000000
        1.795932    0.000000
        1.797099    0.000000
        1.798266    0.000000
        1.799433    0.000000
        1.800600    0.000000
        1.801767    0.000000
        1.802934    0.000000
        1.804101    0.000000
        1.805268    0.000000
        1.806435    0.000000
        1.807603    0.000000
        1.808770    0.000000
        1.809937    0.000000
        1.811104    0.000000
        1.812271    0.000000
        1.813438    0.000000
        1.814605    0.000000
        1.815772    0.000000
        1.816939    0.000000
        1.818106    0.000000
        1.819273    0.000000
        1.820440    0.000000
        1.821607    0.000000
        1.822774    0.000000
        1.823941    0.000000
        1.825108    0.000000
        1.826275    0.000000
        1.827442    0.000000
        1.828610    0.000000
        1.829777    0.000000
        1.830944    0.000000
        1.832111    0.000000
        1.833278    0.000000
        1.834445    0.000000
        1.835612    0.000000
        1.836779    0.000000
        1.837946    0.000000
        1.839113    0.000000
        1.840280    0.000000
        1.841447    0.000000
        1.842614    0.000000
        1.843781    0.000000
        1.844948    0.000000
        1.846115    0.000000
        1.847282    0.000000
        1.848449    0.000000
        1.849617    0.000000
        1.850784    0.000000
        1.851951    0.000000
        1.853118    0.000000
        1.854285    0.000000
        1.855452    0.000000
        1.856619    0.000000
        1.857786    0.000000
        1.858953    0.000000
        1.860120    0.000000
        1.861287    0.000000
        1.862454    0.000000
        1.863621    0.000000
        1.864788    0.000000
        1.865955    0.000000
        1.867122    0.000000
        1.868289    0.000000
        1.869456    0.000000
        1.870624    0.000000
        1.871791    0.000000
        1.872958    0.000000
        1.874125    0.000000
        1.875292    0.000000
        1.876459    0.000000
        1.877626    0.000000
        1.878793    0.000000
        1.879960    0.000000
        1.881127    0.000000
        1.882294    0.000000
        1.883461    0.000000
        1.884628    0.000000
        1.885795    0.000000
        1.886962    0.000000
        1.888129    0.000000
        1.889296    0.000000
        1.890463    0.000000
        1.891631    0.000000
        1.892798    0.000000
        1.893965    0.000000
        1.895132    0.000000
        1.896299    0.000000
        1.897466    0.000000
        1.898633    0.000000
        1.899800    0.000000
        1.900967    0.000000
        1.902134    0.000000
        1.903301    0.000000
        1.904468    0.000000
        1.905635    0.000000
        1.906802    0.000000
        1.907969    0.000000
        1.909136    0.000000
        1.910303    0.000000
        1.911470    0.000000
        1.912638    0.000000
        1.913805    0.000000
        1.914972    0.000000
        1.916139    0.000000
        1.917306    0.000000
        1.918473    0.000000
        1.919640    0.000000
        1.920807    0.000000
        1.921974    0.000000
        1.923141    0.000000
        1.924308    0.000000
        1.925475    0.000000
        1.926642    0.000000
        1.927809    0.000000
        1.928976    0.000000
        1.930143    0.000000
        1.931310    0.000000
        1.932477    0.000000
        1.933645    0.000000
        1.934812    0.000000
        1.935979    0.000000
        1.937146    0.000000
        1.938313    0.000000
        1.939480    0.000000
        1.940647    0.000000
        1.941814    0.000000
        1.942981    0.000000
        1.944148    0.000000
        1.945315    0.000000
        1.946482    0.000000
        1.947649    0.000000
        1.948816    0.000000
        1.949983    0.000000
        1.951150    0.000000
        1.952317    0.000000
        1.953484    0.000000
        1.954652    0.000000
        1.955819    0.000000
        1.956986    0.000000
        1.958153    0.000000
        1.959320    0.000000
        1.960487    0.000000
        1.961654    0.000000
        1.962821    0.000000
        1.963988    0.000000
        1.965155    0.000000
        1.966322    0.000000
        1.967489    0.000000
        1.968656    0.000000
        1.969823    0.000000
        1.970990    0.000000
        1.972157    0.000000
        1.973324    0.000000
        1.974491    0.000000
        1.975659    0.000000
        1.976826    0.000000
        1.977993    0.000000
        1.979160    0.000000
        1.980327    0.000000
        1.981494    0.000000
        1.982661    0.000000
        1.983828    0.000000
        1.984995    0.000000
        1.986162    0.000000
        1.987329    0.000000
        1.988496    0.000000
        1.989663    0.000000
        1.990830    0.000000
        1.991997    0.000000
        1.993164    0.000000
        1.994331    0.000000
        1.995498    0.000000
        1.996666    0.000000
        1.997833    0.000000
        1.999000    0.000000
        2.000167    0.000000
        2.001334    0.000000
        2.002501    0.000000
        2.003668    0.000000
        2.004835    0.000000
        2.006002    0.000000
        2.007169    0.000000
        2.008336    0.000000
        2.009503    0.000000
        2.010670    0.000000
        2.011837    0.000000
        2.013004    0.000000
        2.014171    0.000000
        2.015338    0.000000
        2.016506    0.000000
        2.017673    0.000000
        2.018840    0.000000
        2.020007    0.000000
        2.021174    0.000000
        2.022341    0.000000
        2.023508    0.000000
        2.024675    0.000000
        2.025842    0.000000
        2.027009    0.000000
        2.028176    0.000000
        2.029343    0.000000
        2.030510    0.000000
        2.031677    0.000000
        2.032844    0.000000
        2.034011    0.000000
        2.035178    0.000000
        2.036345    0.000000
        2.037513    0.000000
        2.038680    0.000000
        2.039847    0.000000
        2.041014    0.000000
        2.042181    0.000000
        2.043348    0.000000
        2.044515    0.000000
        2.045682    0.000000
        2.046849    0.000000
        2.048016    0.000000
        2.049183    0.000000
        2.050350    0.000000
        2.051517    0.000000
        2.052684    0.000000
        2.053851    0.000000
        2.055018    0.000000
        2.056185    0.000000
        2.057352    0.000000
        2.058520    0.000000
        2.059687    0.000000
        2.060854    0.000000
        2.062021    0.000000
        2.063188    0.000000
        2.064355    0.000000
        2.065522    0.000000
        2.066689    0.000000
        2.067856    0.000000
        2.069023    0.000000
        2.070190    0.000000
        2.071357    0.000000
        2.072524    0.000000
        2.073691    0.000000
        2.074858    0.000000
        2.076025    0.000000
        2.077192    0.000000
        2.078359    0.000000
        2.079527    0.000000
        2.080694    0.000000
        2.081861    0.000000
        2.083028    0.000000
        2.084195    0.000000
        2.085362    0.000000
        2.086529    0.000000
        2.087696    0.000000
        2.088863    0.000000
        2.090030    0.000000
        2.091197    0.000000
        2.092364    0.000000
        2.093531    0.000000
        2.094698    0.000000
        2.095865    0.000000
        2.097032    0.000001
        2.098199    0.000001
        2.099366    0.000001
        2.100534    0.000001
        2.101701    0.000001
        2.102868    0.000001
        2.104035    0.000001
        2.105202    0.000001
        2.106369    0.000001
        2.107536    0.000001
        2.108703    0.000001
        2.109870    0.000001
        2.111037    0.000001
        2.112204    0.000001
        2.113371    0.000002
        2.114538    0.000002
        2.115705    0.000002
        2.116872    0.000002
        2.118039    0.000002
        2.119206    0.000002
        2.120373    0.000002
        2.121541    0.000003
        2.122708    0.000003
        2.123875    0.000003
        2.125042    0.000003
        2.126209    0.000003
        2.127376    0.000004
        2.128543    0.000004
        2.129710    0.000004
        2.130877    0.000004
        2.132044    0.000005
        2.133211    0.000005
        2.134378    0.000005
        2.135545    0.000006
        2.136712    0.000006
        2.137879    0.000007
        2.139046    0.000007
        2.140213    0.000008
        2.141380    0.000008
        2.142548    0.000009
        2.143715    0.000009
        2.144882    0.000010
        2.146049    0.000011
        2.147216    0.000012
        2.148383    0.000012
        2.149550    0.000013
        2.150717    0.000014
        2.151884    0.000015
        2.153051    0.000016
        2.154218    0.000017
        2.155385    0.000018
        2.156552    0.000020
        2.157719    0.000021
        2.158886    0.000022
        2.160053    0.000024
        2.161220    0.000026
        2.162387    0.000027
        2.163555    0.000029
        2.164722    0.000031
        2.165889    0.000033
        2.167056    0.000035
        2.168223    0.000038
        2.169390    0.000040
        2.170557    0.000043
        2.171724    0.000046
        2.172891    0.000049
        2.174058    0.000052
        2.175225    0.000055
        2.176392    0.000059
        2.177559    0.000063
        2.178726    0.000067
        2.179893    0.000071
        2.181060    0.000075
        2.182227    0.000080
        2.183394    0.000085
        2.184562    0.000091
        2.185729    0.000096
        2.186896    0.000102
        2.188063    0.000109
        2.189230    0.000116
        2.190397    0.000123
        2.191564    0.000130
        2.192731    0.000138
        2.193898    0.000147
        2.195065    0.000156
        2.196232    0.000166
        2.197399    0.000176
        2.198566    0.000186
        2.199733    0.000198
        2.200900    0.000210
        2.202067    0.000222
        2.203234    0.000236
        2.204401    0.000250
        2.205569    0.000265
        2.206736    0.000281
        2.207903    0.000297
        2.209070    0.000315
        2.210237    0.000333
        2.211404    0.000353
        2.212571    0.000373
        2.213738    0.000395
        2.214905    0.000418
        2.216072    0.000442
        2.217239    0.000468
        2.218406    0.000495
        2.219573    0.000523
        2.220740    0.000553
        2.221907    0.000584
        2.223074    0.000617
        2.224241    0.000652
        2.225408    0.000689
        2.226576    0.000728
        2.227743    0.000768
        2.228910    0.000811
        2.230077    0.000856
        2.231244    0.000903
        2.232411    0.000953
        2.233578    0.001006
        2.234745    0.001060
        2.235912    0.001118
        2.237079    0.001179
        2.238246    0.001243
        2.239413    0.001310
        2.240580    0.001380
        2.241747    0.001454
        2.242914    0.001531
        2.244081    0.001613
        2.245248    0.001698
        2.246415    0.001787
        2.247583    0.001881
        2.248750    0.001980
        2.249917    0.002083
        2.251084    0.002191
        2.252251    0.002304
        2.253418    0.002423
        2.254585    0.002547
        2.255752    0.002677
        2.256919    0.002814
        2.258086    0.002956
        2.259253    0.003106
        2.260420    0.003262
        2.261587    0.003425
        2.262754    0.003596
        2.263921    0.003775
        2.265088    0.003962
        2.266255    0.004157
        2.267422    0.004362
        2.268590    0.004575
        2.269757    0.004798
        2.270924    0.005031
        2.272091    0.005274
        2.273258    0.005528
        2.274425    0.005793
        2.275592    0.006069
        2.276759    0.006358
        2.277926    0.006659
        2.279093    0.006973
        2.280260    0.007300
        2.281427    0.007641
        2.282594    0.007997
        2.283761    0.008368
        2.284928    0.008754
        2.286095    0.009156
        2.287262    0.009575
        2.288429    0.010011
        2.289597    0.010465
        2.290764    0.010938
        2.291931    0.011430
        2.293098    0.011942
        2.294265    0.012474
        2.295432    0.013028
        2.296599    0.013603
        2.297766    0.014202
        2.298933    0.014824
        2.300100    0.015470
        2.301267    0.016141
        2.302434    0.016838
        2.303601    0.017562
        2.304768    0.018314
        2.305935    0.019094
        2.307102    0.019904
        2.308269    0.020744
        2.309436    0.021616
        2.310604    0.022520
        2.311771    0.023457
        2.312938    0.024429
        2.314105    0.025436
        2.315272    0.026480
        2.316439    0.027561
        2.317606    0.028681
        2.318773    0.029841
        2.319940    0.031042
        2.321107    0.032285
        2.322274    0.033572
        2.323441    0.034903
        2.324608    0.036281
        2.325775    0.037705
        2.326942    0.039178
        2.328109    0.040701
        2.329276    0.042275
        2.330443    0.043902
        2.331611    0.045583
        2.332778    0.047319
        2.333945    0.049112
        2.335112    0.050963
        2.336279    0.052874
        2.337446    0.054847
        2.338613    0.056882
        2.339780    0.058982
        2.340947    0.061147
        2.342114    0.063381
        2.343281    0.065683
        2.344448    0.068056
        2.345615    0.070502
        2.346782    0.073021
        2.347949    0.075617
        2.349116    0.078290
        2.350283    0.081042
        2.351450    0.083874
        2.352618    0.086790
        2.353785    0.089790
        2.354952    0.092876
        2.356119    0.096050
        2.357286    0.099314
        2.358453    0.102669
        2.359620    0.106118
        2.360787    0.109662
        2.361954    0.113302
        2.363121    0.117042
        2.364288    0.120882
        2.365455    0.124824
        2.366622    0.128871
        2.367789    0.133024
        2.368956    0.137285
        2.370123    0.141655
        2.371290    0.146137
        2.372457    0.150732
        2.373625    0.155443
        2.374792    0.160270
        2.375959    0.165216
        2.377126    0.170283
        2.378293    0.175472
        2.379460    0.180784
        2.380627    0.186223
        2.381794    0.191789
        2.382961    0.197484
        2.384128    0.203309
        2.385295    0.209267
        2.386462    0.215359
        2.387629    0.221587
        2.388796    0.227951
        2.389963    0.234454
        2.391130    0.241097
        2.392297    0.247881
        2.393464    0.254809
        2.394632    0.261880
        2.395799    0.269097
        2.396966    0.276460
        2.398133    0.283971
        2.399300    0.291632
        2.400467    0.299442
        2.401634    0.307403
        2.402801    0.315517
        2.403968    0.323784
        2.405135    0.332204
        2.406302    0.340779
        2.407469    0.349510
        2.408636    0.358396
        2.409803    0.367439
        2.410970    0.376639
        2.412137    0.385996
        2.413304    0.395512
        2.414471    0.405185
        2.415639    0.415017
        2.416806    0.425006
        2.417973    0.435155
        2.419140    0.445461
        2.420307    0.455925
        2.421474    0.466547
        2.422641    0.477327
        2.423808    0.488263
        2.424975    0.499355
        2.426142    0.510604
        2.427309    0.522006
        2.428476    0.533563
        2.429643    0.545273
        2.430810    0.557134
        2.431977    0.569146
        2.433144    0.581308
        2.434311    0.593617
        2.435478    0.606072
        2.436646    0.618671
        2.437813    0.631414
        2.438980    0.644297
        2.440147    0.657319
        2.441314    0.670477
        2.442481    0.683770
        2.443648    0.697195
        2.444815    0.710749
        2.445982    0.724430
        2.447149    0.738234
        2.448316    0.752160
        2.449483    0.766204
        2.450650    0.780362
        2.451817    0.794632
        2.452984    0.809011
        2.454151    0.823494
        2.455318    0.838078
        2.456485    0.852759
        2.457653    0.867533
        2.458820    0.882397
        2.459987    0.897347
        2.461154    0.912377
        2.462321    0.927484
        2.463488    0.942662
        2.464655    0.957909
        2.465822    0.973218
        2.466989    0.988585
        2.468156    1.004006
        2.469323    1.019474
        2.470490    1.034985
        2.471657    1.050534
        2.472824    1.066115
        2.473991    1.081723
        2.475158    1.097352
        2.476325    1.112997
        2.477492    1.128651
        2.478660    1.144310
        2.479827    1.159967
        2.480994    1.175617
        2.482161    1.191252
        2.483328    1.206868
        2.484495    1.222457
        2.485662    1.238014
        2.486829    1.253532
        2.487996    1.269005
        2.489163    1.284427
        2.490330    1.299790
        2.491497    1.315089
        2.492664    1.330317
        2.493831    1.345467
        2.494998    1.360533
        2.496165    1.375508
        2.497332    1.390385
        2.498499    1.405157
        2.499667    1.419819
        2.500834    1.434362
        2.502001    1.448781
        2.503168    1.463068
        2.504335    1.477218
        2.505502    1.491223
        2.506669    1.505076
        2.507836    1.518771
        2.509003    1.532302
        2.510170    1.545661
        2.511337    1.558842
        2.512504    1.571839
        2.513671    1.584645
        2.514838    1.597253
        2.516005    1.609658
        2.517172    1.621853
        2.518339    1.633832
        2.519507    1.645589
        2.520674    1.657118
        2.521841    1.668412
        2.523008    1.679466
        2.524175    1.690274
        2.525342    1.700830
        2.526509    1.711129
        2.527676    1.721166
        2.528843    1.730934
        2.530010    1.740430
        2.531177    1.749647
        2.532344    1.758580
        2.533511    1.767226
        2.534678    1.775579
        2.535845    1.783634
        2.537012    1.791388
        2.538179    1.798836
        2.539346    1.805974
        2.540514    1.812798
        2.541681    1.819304
        2.542848    1.825488
        2.544015    1.831348
        2.545182    1.836880
        2.546349    1.842081
        2.547516    1.846948
        2.548683    1.851477
        2.549850    1.855668
        2.551017    1.859517
        2.552184    1.863022
        2.553351    1.866181
        2.554518    1.868993
        2.555685    1.871456
        2.556852    1.873568
        2.558019    1.875328
        2.559186    1.876735
        2.560353    1.877790
        2.561521    1.878489
        2.562688    1.878835
        2.563855    1.878825
        2.565022    1.878461
        2.566189    1.877743
        2.567356    1.876670
        2.568523    1.875244
        2.569690    1.873465
        2.570857    1.871334
        2.572024    1.868853
        2.573191    1.866023
        2.574358    1.862846
        2.575525    1.859322
        2.576692    1.855455
        2.577859    1.851247
        2.579026    1.846699
        2.580193    1.841815
        2.581360    1.836597
        2.582528    1.831047
        2.583695    1.825170
        2.584862    1.818969
        2.586029    1.812446
        2.587196    1.805605
        2.588363    1.798451
        2.589530    1.790987
        2.590697    1.783217
        2.591864    1.775146
        2.593031    1.766777
        2.594198    1.758116
        2.595365    1.749167
        2.596532    1.739936
        2.597699    1.730426
        2.598866    1.720643
        2.600033    1.710592
        2.601200    1.700279
        2.602367    1.689710
        2.603535    1.678889
        2.604702    1.667822
        2.605869    1.656515
        2.607036    1.644975
        2.608203    1.633206
        2.609370    1.621215
        2.610537    1.609009
        2.611704    1.596593
        2.612871    1.583974
        2.614038    1.571158
        2.615205    1.558151
        2.616372    1.544960
        2.617539    1.531592
        2.618706    1.518053
        2.619873    1.504349
        2.621040    1.490488
        2.622207    1.476475
        2.623374    1.462318
        2.624542    1.448023
        2.625709    1.433598
        2.626876    1.419048
        2.628043    1.404381
        2.629210    1.389602
        2.630377    1.374720
        2.631544    1.359741
        2.632711    1.344670
        2.633878    1.329516
        2.635045    1.314284
        2.636212    1.298982
        2.637379    1.283615
        2.638546    1.268190
        2.639713    1.252715
        2.640880    1.237194
        2.642047    1.221635
        2.643214    1.206044
        2.644381    1.190428
        2.645549    1.174791
        2.646716    1.159142
        2.647883    1.143484
        2.649050    1.127825
        2.650217    1.112171
        2.651384    1.096527
        2.652551    1.080899
        2.653718    1.065292
        2.654885    1.049713
        2.656052    1.034166
        2.657219    1.018657
        2.658386    1.003191
        2.659553    0.987773
        2.660720    0.972409
        2.661887    0.957103
        2.663054    0.941860
        2.664221    0.926685
        2.665388    0.911582
        2.666556    0.896556
        2.667723    0.881611
        2.668890    0.866752
        2.670057    0.851982
        2.671224    0.837306
        2.672391    0.822727
        2.673558    0.808250
        2.674725    0.793877
        2.675892    0.779613
        2.677059    0.765460
        2.678226    0.751422
        2.679393    0.737503
        2.680560    0.723705
        2.681727    0.710031
        2.682894    0.696483
        2.684061    0.683066
        2.685228    0.669780
        2.686395    0.656629
        2.687563    0.643614
        2.688730    0.630738
        2.689897    0.618003
        2.691064    0.605411
        2.692231    0.592964
        2.693398    0.580662
        2.694565    0.568509
        2.695732    0.556505
        2.696899    0.544651
        2.698066    0.532950
        2.699233    0.521401
        2.700400    0.510006
        2.701567    0.498766
        2.702734    0.487682
        2.703901    0.476754
        2.705068    0.465983
        2.706235    0.455369
        2.707402    0.444913
        2.708570    0.434615
        2.709737    0.424475
        2.710904    0.414494
        2.712071    0.404671
        2.713238    0.395006
        2.714405    0.385499
        2.715572    0.376150
        2.716739    0.366958
        2.717906    0.357923
        2.719073    0.349045
        2.720240    0.340323
        2.721407    0.331756
        2.722574    0.323344
        2.723741    0.315085
        2.724908    0.306980
        2.726075    0.299026
        2.727242    0.291224
        2.728409    0.283571
        2.729577    0.276068
        2.730744    0.268712
        2.731911    0.261503
        2.733078    0.254440
        2.734245    0.247520
        2.735412    0.240743
        2.736579    0.234108
        2.737746    0.227612
        2.738913    0.221255
        2.740080    0.215035
        2.741247    0.208950
        2.742414    0.202999
        2.743581    0.197180
        2.744748    0.191492
        2.745915    0.185933
        2.747082    0.180501
        2.748249    0.175195
        2.749416    0.170012
        2.750584    0.164952
        2.751751    0.160013
        2.752918    0.155191
        2.754085    0.150487
        2.755252    0.145898
        2.756419    0.141422
        2.757586    0.137057
        2.758753    0.132802
        2.759920    0.128655
        2.761087    0.124614
        2.762254    0.120677
        2.763421    0.116842
        2.764588    0.113108
        2.765755    0.109472
        2.766922    0.105934
        2.768089    0.102490
        2.769256    0.099140
        2.770423    0.095881
        2.771591    0.092711
        2.772758    0.089630
        2.773925    0.086634
        2.775092    0.083723
        2.776259    0.080895
        2.777426    0.078147
        2.778593    0.075478
        2.779760    0.072887
        2.780927    0.070371
        2.782094    0.067929
        2.783261    0.065560
        2.784428    0.063262
        2.785595    0.061032
        2.786762    0.058870
        2.787929    0.056774
        2.789096    0.054742
        2.790263    0.052773
        2.791430    0.050865
        2.792598    0.049017
        2.793765    0.047227
        2.794932    0.045494
        2.796099    0.043816
        2.797266    0.042192
        2.798433    0.040621
        2.799600    0.039100
        2.800767    0.037630
        2.801934    0.036208
        2.803101    0.034833
        2.804268    0.033504
        2.805435    0.032220
        2.806602    0.030979
        2.807769    0.029781
        2.808936    0.028623
        2.810103    0.027505
        2.811270    0.026426
        2.812437    0.025384
        2.813605    0.024379
        2.814772    0.023410
        2.815939    0.022474
        2.817106    0.021572
        2.818273    0.020703
        2.819440    0.019864
        2.820607    0.019056
        2.821774    0.018278
        2.822941    0.017528
        2.824108    0.016806
        2.825275    0.016110
        2.826442    0.015441
        2.827609    0.014796
        2.828776    0.014176
        2.829943    0.013579
        2.831110    0.013006
        2.832277    0.012454
        2.833444    0.011923
        2.834612    0.011413
        2.835779    0.010923
        2.836946    0.010452
        2.838113    0.009999
        2.839280    0.009565
        2.840447    0.009147
        2.841614    0.008747
        2.842781    0.008363
        2.843948    0.007994
        2.845115    0.007640
        2.846282    0.007300
        2.847449    0.006975
        2.848616    0.006663
        2.849783    0.006364
        2.850950    0.006078
        2.852117    0.005804
        2.853284    0.005541
        2.854451    0.005289
        2.855619    0.005049
        2.856786    0.004819
        2.857953    0.004598
        2.859120    0.004388
        2.860287    0.004186
        2.861454    0.003994
        2.862621    0.003810
        2.863788    0.003635
        2.864955    0.003468
        2.866122    0.003308
        2.867289    0.003155
        2.868456    0.003010
        2.869623    0.002872
        2.870790    0.002740
        2.871957    0.002615
        2.873124    0.002495
        2.874291    0.002382
        2.875458    0.002274
        2.876626    0.002172
        2.877793    0.002075
        2.878960    0.001984
        2.880127    0.001897
        2.881294    0.001815
        2.882461    0.001737
        2.883628    0.001664
        2.884795    0.001595
        2.885962    0.001530
        2.887129    0.001470
        2.888296    0.001413
        2.889463    0.001360
        2.890630    0.001311
        2.891797    0.001265
        2.892964    0.001222
        2.894131    0.001183
        2.895298    0.001148
        2.896465    0.001115
        2.897633    0.001086
        2.898800    0.001060
        2.899967    0.001037
        2.901134    0.001016
        2.902301    0.000999
        2.903468    0.000985
        2.904635    0.000973
        2.905802    0.000965
        2.906969    0.000959
        2.908136    0.000956
        2.909303    0.000956
        2.910470    0.000958
        2.911637    0.000964
        2.912804    0.000972
        2.913971    0.000983
        2.915138    0.000997
        2.916305    0.001014
        2.917472    0.001033
        2.918640    0.001056
        2.919807    0.001082
        2.920974    0.001111
        2.922141    0.001143
        2.923308    0.001178
        2.924475    0.001216
        2.925642    0.001258
        2.926809    0.001304
        2.927976    0.001352
        2.929143    0.001405
        2.930310    0.001461
        2.931477    0.001521
        2.932644    0.001585
        2.933811    0.001654
        2.934978    0.001726
        2.936145    0.001803
        2.937312    0.001885
        2.938479    0.001971
        2.939647    0.002062
        2.940814    0.002158
        2.941981    0.002259
        2.943148    0.002366
        2.944315    0.002479
        2.945482    0.002597
        2.946649    0.002722
        2.947816    0.002853
        2.948983    0.002990
        2.950150    0.003135
        2.951317    0.003286
        2.952484    0.003445
        2.953651    0.003611
        2.954818    0.003785
        2.955985    0.003968
        2.957152    0.004159
        2.958319    0.004359
        2.959486    0.004569
        2.960654    0.004788
        2.961821    0.005017
        2.962988    0.005256
        2.964155    0.005506
        2.965322    0.005767
        2.966489    0.006040
        2.967656    0.006325
        2.968823    0.006623
        2.969990    0.006933
        2.971157    0.007257
        2.972324    0.007594
        2.973491    0.007947
        2.974658    0.008314
        2.975825    0.008696
        2.976992    0.009095
        2.978159    0.009510
        2.979326    0.009943
        2.980493    0.010394
        2.981661    0.010863
        2.982828    0.011351
        2.983995    0.011859
        2.985162    0.012387
        2.986329    0.012937
        2.987496    0.013509
        2.988663    0.014103
        2.989830    0.014721
        2.990997    0.015363
        2.992164    0.016031
        2.993331    0.016724
        2.994498    0.017444
        2.995665    0.018191
        2.996832    0.018967
        2.997999    0.019773
        2.999166    0.020609
        3.000333    0.021476
        3.001501    0.022376
        3.002668    0.023309
        3.003835    0.024276
        3.005002    0.025279
        3.006169    0.026318
        3.007336    0.027395
        3.008503    0.028511
        3.009670    0.029667
        3.010837    0.030863
        3.012004    0.032102
        3.013171    0.033384
        3.014338    0.034712
        3.015505    0.036085
        3.016672    0.037505
        3.017839    0.038974
        3.019006    0.040493
        3.020173    0.042064
        3.021340    0.043687
        3.022508    0.045364
        3.023675    0.047097
        3.024842    0.048887
        3.026009    0.050735
        3.027176    0.052644
        3.028343    0.054614
        3.029510    0.056647
        3.030677    0.058745
        3.031844    0.060909
        3.033011    0.063141
        3.034178    0.065443
        3.035345    0.067816
        3.036512    0.070261
        3.037679    0.072782
        3.038846    0.075379
        3.040013    0.078054
        3.041180    0.080808
        3.042347    0.083645
        3.043515    0.086564
        3.044682    0.089569
        3.045849    0.092661
        3.047016    0.095842
        3.048183    0.099114
        3.049350    0.102478
        3.050517    0.105936
        3.051684    0.109491
        3.052851    0.113144
        3.054018    0.116898
        3.055185    0.120753
        3.056352    0.124712
        3.057519    0.128778
        3.058686    0.132951
        3.059853    0.137233
        3.061020    0.141628
        3.062187    0.146136
        3.063354    0.150759
        3.064522    0.155500
        3.065689    0.160361
        3.066856    0.165342
        3.068023    0.170447
        3.069190    0.175677
        3.070357    0.181034
        3.071524    0.186520
        3.072691    0.192136
        3.073858    0.197885
        3.075025    0.203768
        3.076192    0.209788
        3.077359    0.215945
        3.078526    0.222242
        3.079693    0.228681
        3.080860    0.235263
        3.082027    0.241990
        3.083194    0.248863
        3.084361    0.255885
        3.085529    0.263056
        3.086696    0.270379
        3.087863    0.277854
        3.089030    0.285484
        3.090197    0.293270
        3.091364    0.301212
        3.092531    0.309314
        3.093698    0.317575
        3.094865    0.325997
        3.096032    0.334581
        3.097199    0.343329
        3.098366    0.352241
        3.099533    0.361318
        3.100700    0.370562
        3.101867    0.379974
        3.103034    0.389554
        3.104201    0.399302
        3.105368    0.409221
        3.106536    0.419310
        3.107703    0.429570
        3.108870    0.440001
        3.110037    0.450604
        3.111204    0.461379
        3.112371    0.472327
        3.113538    0.483447
        3.114705    0.494741
        3.115872    0.506207
        3.117039    0.517846
        3.118206    0.529657
        3.119373    0.541641
        3.120540    0.553797
        3.121707    0.566124
        3.122874    0.578623
        3.124041    0.591292
        3.125208    0.604131
        3.126375    0.617139
        3.127543    0.630315
        3.128710    0.643658
        3.129877    0.657168
        3.131044    0.670843
        3.132211    0.684681
        3.133378    0.698682
        3.134545    0.712843
        3.135712    0.727164
        3.136879    0.741643
        3.138046    0.756277
        3.139213    0.771066
        3.140380    0.786007
        3.141547    0.801097
        3.142714    0.816336
        3.143881    0.831720
        3.145048    0.847248
        3.146215    0.862916
        3.147382    0.878723
        3.148550    0.894666
        3.149717    0.910741
        3.150884    0.926947
        3.152051    0.943279
        3.153218    0.959736
        3.154385    0.976314
        3.155552    0.993010
        3.156719    1.009820
        3.157886    1.026742
        3.159053    1.043772
        3.160220    1.060906
        3.161387    1.078141
        3.162554    1.095472
        3.163721    1.112898
        3.164888    1.130412
        3.166055    1.148013
        3.167222    1.165695
        3.168389    1.183454
        3.169557    1.201288
        3.170724    1.219191
        3.171891    1.237159
        3.173058    1.255188
        3.174225    1.273274
        3.175392    1.291413
        3.176559    1.309600
        3.177726    1.327830
        3.178893    1.346100
        3.180060    1.364405
        3.181227    1.382740
        3.182394    1.401101
        3.183561    1.419484
        3.184728    1.437883
        3.185895    1.456294
        3.187062    1.474713
        3.188229    1.493136
        3.189396    1.511556
        3.190564    1.529971
        3.191731    1.548376
        3.192898    1.566765
        3.194065    1.585135
        3.195232    1.603481
        3.196399    1.621798
        3.197566    1.640082
        3.198733    1.658329
        3.199900    1.676535
        3.201067    1.694694
        3.202234    1.712803
        3.203401    1.730857
        3.204568    1.748853
        3.205735    1.766786
        3.206902    1.784653
        3.208069    1.802448
        3.209236    1.820169
        3.210403    1.837812
        3.211571    1.855372
        3.212738    1.872846
        3.213905    1.890231
        3.215072    1.907523
        3.216239    1.924718
        3.217406    1.941814
        3.218573    1.958806
        3.219740    1.975693
        3.220907    1.992471
        3.222074    2.009137
        3.223241    2.025688
        3.224408    2.042121
        3.225575    2.058435
        3.226742    2.074626
        3.227909    2.090693
        3.229076    2.106633
        3.230243    2.122444
        3.231410    2.138123
        3.232578    2.153670
        3.233745    2.169083
        3.234912    2.184359
        3.236079    2.199498
        3.237246    2.214499
        3.238413    2.229359
        3.239580    2.244078
        3.240747    2.258655
        3.241914    2.273090
        3.243081    2.287381
        3.244248    2.301528
        3.245415    2.315530
        3.246582    2.329388
        3.247749    2.343102
        3.248916    2.356671
        3.250083    2.370095
        3.251250    2.383375
        3.252417    2.396511
        3.253585    2.409503
        3.254752    2.422353
        3.255919    2.435060
        3.257086    2.447627
        3.258253    2.460053
        3.259420    2.472340
        3.260587    2.484489
        3.261754    2.496502
        3.262921    2.508379
        3.264088    2.520123
        3.265255    2.531735
        3.266422    2.543216
        3.267589    2.554570
        3.268756    2.565796
        3.269923    2.576898
        3.271090    2.587878
        3.272257    2.598737
        3.273424    2.609479
        3.274592    2.620104
        3.275759    2.630616
        3.276926    2.641017
        3.278093    2.651310
        3.279260    2.661497
        3.280427    2.671580
        3.281594    2.681563
        3.282761    2.691447
        3.283928    2.701237
        3.285095    2.710933
        3.286262    2.720540
        3.287429    2.730060
        3.288596    2.739495
        3.289763    2.748849
        3.290930    2.758125
        3.292097    2.767324
        3.293264    2.776451
        3.294431    2.785507
        3.295599    2.794495
        3.296766    2.803420
        3.297933    2.812282
        3.299100    2.821085
        3.300267    2.829831
        3.301434    2.838523
        3.302601    2.847164
        3.303768    2.855757
        3.304935    2.864303
        3.306102    2.872805
        3.307269    2.881266
        3.308436    2.889687
        3.309603    2.898072
        3.310770    2.906422
        3.311937    2.914739
        3.313104    2.923026
        3.314271    2.931284
        3.315438    2.939515
        3.316606    2.947721
        3.317773    2.955904
        3.318940    2.964065
        3.320107    2.972205
        3.321274    2.980326
        3.322441    2.988430
        3.323608    2.996516
        3.324775    3.004587
        3.325942    3.012643
        3.327109    3.020685
        3.328276    3.028714
        3.329443    3.036730
        3.330610    3.044733
        3.331777    3.052724
        3.332944    3.060703
        3.334111    3.068670
        3.335278    3.076625
        3.336445    3.084568
        3.337613    3.092498
        3.338780    3.100415
        3.339947    3.108318
        3.341114    3.116206
        3.342281    3.124079
        3.343448    3.131935
        3.344615    3.139774
        3.345782    3.147594
        3.346949    3.155394
        3.348116    3.163171
        3.349283    3.170926
        3.350450    3.178654
        3.351617    3.186356
        3.352784    3.194028
        3.353951    3.201668
        3.355118    3.209274
        3.356285    3.216845
        3.357452    3.224376
        3.358620    3.231865
        3.359787    3.239311
        3.360954    3.246709
        3.362121    3.254057
        3.363288    3.261351
        3.364455    3.268589
        3.365622    3.275767
        3.366789    3.282881
        3.367956    3.289929
        3.369123    3.296906
        3.370290    3.303809
        3.371457    3.310634
        3.372624    3.317377
        3.373791    3.324034
        3.374958    3.330602
        3.376125    3.337076
        3.377292    3.343451
        3.378459    3.349724
        3.379627    3.355891
        3.380794    3.361947
        3.381961    3.367887
        3.383128    3.373708
        3.384295    3.379404
        3.385462    3.384972
        3.386629    3.390407
        3.387796    3.395703
        3.388963    3.400857
        3.390130    3.405864
        3.391297    3.410719
        3.392464    3.415418
        3.393631    3.419955
        3.394798    3.424327
        3.395965    3.428528
        3.397132    3.432554
        3.398299    3.436401
        3.399466    3.440063
        3.400634    3.443536
        3.401801    3.446815
        3.402968    3.449896
        3.404135    3.452774
        3.405302    3.455445
        3.406469    3.457905
        3.407636    3.460148
        3.408803    3.462171
        3.409970    3.463969
        3.411137    3.465537
        3.412304    3.466873
        3.413471    3.467971
        3.414638    3.468828
        3.415805    3.469439
        3.416972    3.469801
        3.418139    3.469910
        3.419306    3.469761
        3.420473    3.469353
        3.421641    3.468680
        3.422808    3.467739
        3.423975    3.466528
        3.425142    3.465042
        3.426309    3.463279
        3.427476    3.461236
        3.428643    3.458909
        3.429810    3.456296
        3.430977    3.453394
        3.432144    3.450201
        3.433311    3.446714
        3.434478    3.442930
        3.435645    3.438848
        3.436812    3.434466
        3.437979    3.429781
        3.439146    3.424792
        3.440313    3.419497
        3.441480    3.413895
        3.442648    3.407984
        3.443815    3.401762
        3.444982    3.395230
        3.446149    3.388386
        3.447316    3.381229
        3.448483    3.373758
        3.449650    3.365973
        3.450817    3.357874
        3.451984    3.349461
        3.453151    3.340733
        3.454318    3.331691
        3.455485    3.322335
        3.456652    3.312665
        3.457819    3.302682
        3.458986    3.292387
        3.460153    3.281781
        3.461320    3.270864
        3.462487    3.259639
        3.463655    3.248105
        3.464822    3.236266
        3.465989    3.224123
        3.467156    3.211677
        3.468323    3.198930
        3.469490    3.185886
        3.470657    3.172546
        3.471824    3.158912
        3.472991    3.144988
        3.474158    3.130775
        3.475325    3.116278
        3.476492    3.101499
        3.477659    3.086442
        3.478826    3.071110
        3.479993    3.055506
        3.481160    3.039634
        3.482327    3.023498
        3.483494    3.007103
        3.484662    2.990452
        3.485829    2.973549
        3.486996    2.956399
        3.488163    2.939006
        3.489330    2.921376
        3.490497    2.903513
        3.491664    2.885421
        3.492831    2.867107
        3.493998    2.848574
        3.495165    2.829829
        3.496332    2.810877
        3.497499    2.791723
        3.498666    2.772374
        3.499833    2.752834
        3.501000    2.733109
        3.502167    2.713207
        3.503334    2.693131
        3.504502    2.672890
        3.505669    2.652489
        3.506836    2.631934
        3.508003    2.611231
        3.509170    2.590388
        3.510337    2.569411
        3.511504    2.548306
        3.512671    2.527080
        3.513838    2.505739
        3.515005    2.484292
        3.516172    2.462744
        3.517339    2.441102
        3.518506    2.419374
        3.519673    2.397567
        3.520840    2.375687
        3.522007    2.353741
        3.523174    2.331737
        3.524341    2.309682
        3.525509    2.287584
        3.526676    2.265448
        3.527843    2.243283
        3.529010    2.221096
        3.530177    2.198894
        3.531344    2.176683
        3.532511    2.154473
        3.533678    2.132269
        3.534845    2.110079
        3.536012    2.087910
        3.537179    2.065769
        3.538346    2.043663
        3.539513    2.021601
        3.540680    1.999587
        3.541847    1.977631
        3.543014    1.955738
        3.544181    1.933916
        3.545348    1.912172
        3.546516    1.890512
        3.547683    1.868944
        3.548850    1.847474
        3.550017    1.826108
        3.551184    1.804854
        3.552351    1.783718
        3.553518    1.762707
        3.554685    1.741827
        3.555852    1.721083
        3.557019    1.700484
        3.558186    1.680034
        3.559353    1.659739
        3.560520    1.639606
        3.561687    1.619641
        3.562854    1.599849
        3.564021    1.580236
        3.565188    1.560808
        3.566355    1.541569
        3.567523    1.522525
        3.568690    1.503682
        3.569857    1.485044
        3.571024    1.466617
        3.572191    1.448404
        3.573358    1.430412
        3.574525    1.412644
        3.575692    1.395105
        3.576859    1.377799
        3.578026    1.360730
        3.579193    1.343902
        3.580360    1.327320
        3.581527    1.310986
        3.582694    1.294905
        3.583861    1.279079
        3.585028    1.263513
        3.586195    1.248209
        3.587362    1.233169
        3.588530    1.218398
        3.589697    1.203898
        3.590864    1.189670
        3.592031    1.175718
        3.593198    1.162044
        3.594365    1.148649
        3.595532    1.135535
        3.596699    1.122705
        3.597866    1.110159
        3.599033    1.097900
        3.600200    1.085928
        3.601367    1.074244
        3.602534    1.062849
        3.603701    1.051745
        3.604868    1.040930
        3.606035    1.030407
        3.607202    1.020175
        3.608369    1.010234
        3.609537    1.000584
        3.610704    0.991226
        3.611871    0.982157
        3.613038    0.973379
        3.614205    0.964890
        3.615372    0.956689
        3.616539    0.948775
        3.617706    0.941148
        3.618873    0.933805
        3.620040    0.926746
        3.621207    0.919969
        3.622374    0.913471
        3.623541    0.907252
        3.624708    0.901308
        3.625875    0.895638
        3.627042    0.890240
        3.628209    0.885110
        3.629376    0.880246
        3.630544    0.875646
        3.631711    0.871307
        3.632878    0.867225
        3.634045    0.863397
        3.635212    0.859821
        3.636379    0.856493
        3.637546    0.853408
        3.638713    0.850564
        3.639880    0.847957
        3.641047    0.845583
        3.642214    0.843438
        3.643381    0.841518
        3.644548    0.839819
        3.645715    0.838337
        3.646882    0.837066
        3.648049    0.836003
        3.649216    0.835144
        3.650383    0.834483
        3.651551    0.834015
        3.652718    0.833737
        3.653885    0.833643
        3.655052    0.833729
        3.656219    0.833988
        3.657386    0.834417
        3.658553    0.835010
        3.659720    0.835762
        3.660887    0.836668
        3.662054    0.837722
        3.663221    0.838919
        3.664388    0.840254
        3.665555    0.841721
        3.666722    0.843316
        3.667889    0.845031
        3.669056    0.846863
        3.670223    0.848805
        3.671390    0.850852
        3.672558    0.852999
        3.673725    0.855239
        3.674892    0.857568
        3.676059    0.859980
        3.677226    0.862468
        3.678393    0.865029
        3.679560    0.867656
        3.680727    0.870343
        3.681894    0.873085
        3.683061    0.875878
        3.684228    0.878714
        3.685395    0.881589
        3.686562    0.884498
        3.687729    0.887435
        3.688896    0.890394
        3.690063    0.893371
        3.691230    0.896361
        3.692397    0.899357
        3.693565    0.902356
        3.694732    0.905352
        3.695899    0.908340
        3.697066    0.911315
        3.698233    0.914273
        3.699400    0.917208
        3.700567    0.920116
        3.701734    0.922992
        3.702901    0.925832
        3.704068    0.928632
        3.705235    0.931386
        3.706402    0.934092
        3.707569    0.936744
        3.708736    0.939339
        3.709903    0.941872
        3.711070    0.944341
        3.712237    0.946740
        3.713404    0.949067
        3.714572    0.951318
        3.715739    0.953490
        3.716906    0.955579
        3.718073    0.957582
        3.719240    0.959497
        3.720407    0.961319
        3.721574    0.963048
        3.722741    0.964679
        3.723908    0.966211
        3.725075    0.967640
        3.726242    0.968966
        3.727409    0.970184
        3.728576    0.971295
        3.729743    0.972295
        3.730910    0.973184
        3.732077    0.973959
        3.733244    0.974619
        3.734411    0.975163
        3.735579    0.975589
        3.736746    0.975898
        3.737913    0.976087
        3.739080    0.976156
        3.740247    0.976105
        3.741414    0.975932
        3.742581    0.975639
        3.743748    0.975225
        3.744915    0.974689
        3.746082    0.974032
        3.747249    0.973254
        3.748416    0.972355
        3.749583    0.971337
        3.750750    0.970200
        3.751917    0.968944
        3.753084    0.967571
        3.754251    0.966082
        3.755418    0.964479
        3.756586    0.962761
        3.757753    0.960932
        3.758920    0.958992
        3.760087    0.956944
        3.761254    0.954790
        3.762421    0.952531
        3.763588    0.950170
        3.764755    0.947708
        3.765922    0.945150
        3.767089    0.942496
        3.768256    0.939750
        3.769423    0.936914
        3.770590    0.933992
        3.771757    0.930986
        3.772924    0.927899
        3.774091    0.924736
        3.775258    0.921498
        3.776425    0.918189
        3.777593    0.914814
        3.778760    0.911375
        3.779927    0.907876
        3.781094    0.904322
        3.782261    0.900715
        3.783428    0.897060
        3.784595    0.893360
        3.785762    0.889621
        3.786929    0.885846
        3.788096    0.882039
        3.789263    0.878205
        3.790430    0.874348
        3.791597    0.870472
        3.792764    0.866582
        3.793931    0.862682
        3.795098    0.858777
        3.796265    0.854872
        3.797432    0.850971
        3.798600    0.847079
        3.799767    0.843200
        3.800934    0.839340
        3.802101    0.835502
        3.803268    0.831693
        3.804435    0.827916
        3.805602    0.824176
        3.806769    0.820479
        3.807936    0.816828
        3.809103    0.813229
        3.810270    0.809687
        3.811437    0.806206
        3.812604    0.802792
        3.813771    0.799448
        3.814938    0.796180
        3.816105    0.792992
        3.817272    0.789890
        3.818439    0.786877
        3.819607    0.783958
        3.820774    0.781138
        3.821941    0.778422
        3.823108    0.775814
        3.824275    0.773318
        3.825442    0.770939
        3.826609    0.768682
        3.827776    0.766549
        3.828943    0.764546
        3.830110    0.762677
        3.831277    0.760946
        3.832444    0.759357
        3.833611    0.757913
        3.834778    0.756619
        3.835945    0.755479
        3.837112    0.754495
        3.838279    0.753672
        3.839446    0.753013
        3.840614    0.752521
        3.841781    0.752201
        3.842948    0.752054
        3.844115    0.752084
        3.845282    0.752294
        3.846449    0.752686
        3.847616    0.753265
        3.848783    0.754031
        3.849950    0.754988
        3.851117    0.756138
        3.852284    0.757484
        3.853451    0.759027
        3.854618    0.760769
        3.855785    0.762713
        3.856952    0.764860
        3.858119    0.767211
        3.859286    0.769769
        3.860453    0.772534
        3.861621    0.775508
        3.862788    0.778692
        3.863955    0.782086
        3.865122    0.785692
        3.866289    0.789510
        3.867456    0.793541
        3.868623    0.797784
        3.869790    0.802241
        3.870957    0.806911
        3.872124    0.811794
        3.873291    0.816889
        3.874458    0.822197
        3.875625    0.827717
        3.876792    0.833448
        3.877959    0.839390
        3.879126    0.845540
        3.880293    0.851899
        3.881460    0.858464
        3.882628    0.865235
        3.883795    0.872209
        3.884962    0.879385
        3.886129    0.886761
        3.887296    0.894335
        3.888463    0.902105
        3.889630    0.910068
        3.890797    0.918221
        3.891964    0.926563
        3.893131    0.935089
        3.894298    0.943798
        3.895465    0.952686
        3.896632    0.961750
        3.897799    0.970986
        3.898966    0.980391
        3.900133    0.989961
        3.901300    0.999693
        3.902467    1.009582
        3.903635    1.019625
        3.904802    1.029816
        3.905969    1.040153
        3.907136    1.050629
        3.908303    1.061242
        3.909470    1.071985
        3.910637    1.082855
        3.911804    1.093846
        3.912971    1.104953
        3.914138    1.116171
        3.915305    1.127494
        3.916472    1.138918
        3.917639    1.150437
        3.918806    1.162045
        3.919973    1.173737
        3.921140    1.185506
        3.922307    1.197347
        3.923474    1.209255
        3.924642    1.221222
        3.925809    1.233244
        3.926976    1.245313
        3.928143    1.257424
        3.929310    1.269570
        3.930477    1.281744
        3.931644    1.293942
        3.932811    1.306155
        3.933978    1.318378
        3.935145    1.330604
        3.936312    1.342826
        3.937479    1.355039
        3.938646    1.367234
        3.939813    1.379406
        3.940980    1.391547
        3.942147    1.403652
        3.943314    1.415714
        3.944481    1.427725
        3.945649    1.439679
        3.946816    1.451569
        3.947983    1.463389
        3.949150    1.475132
        3.950317    1.486791
        3.951484    1.498360
        3.952651    1.509832
        3.953818    1.521200
        3.954985    1.532459
        3.956152    1.543601
        3.957319    1.554620
        3.958486    1.565510
        3.959653    1.576264
        3.960820    1.586876
        3.961987    1.597340
        3.963154    1.607650
        3.964321    1.617800
        3.965488    1.627784
        3.966656    1.637596
        3.967823    1.647231
        3.968990    1.656682
        3.970157    1.665944
        3.971324    1.675012
        3.972491    1.683880
        3.973658    1.692544
        3.974825    1.700997
        3.975992    1.709236
        3.977159    1.717255
        3.978326    1.725049
        3.979493    1.732615
        3.980660    1.739947
        3.981827    1.747042
        3.982994    1.753895
        3.984161    1.760502
        3.985328    1.766860
        3.986495    1.772965
        3.987663    1.778813
        3.988830    1.784401
        3.989997    1.789726
        3.991164    1.794785
        3.992331    1.799576
        3.993498    1.804095
        3.994665    1.808340
        3.995832    1.812309
        3.996999    1.816001
        3.998166    1.819412
        3.999333    1.822542
        4.000500    1.825389
        4.001667    1.827952
        4.002834    1.830230
        4.004001    1.832221
        4.005168    1.833926
        4.006335    1.835343
        4.007503    1.836473
        4.008670    1.837316
        4.009837    1.837871
        4.011004    1.838139
        4.012171    1.838121
        4.013338    1.837817
        4.014505    1.837229
        4.015672    1.836357
        4.016839    1.835204
        4.018006    1.833770
        4.019173    1.832058
        4.020340    1.830070
        4.021507    1.827808
        4.022674    1.825274
        4.023841    1.822472
        4.025008    1.819403
        4.026175    1.816072
        4.027342    1.812481
        4.028510    1.808634
        4.029677    1.804535
        4.030844    1.800188
        4.032011    1.795597
        4.033178    1.790765
        4.034345    1.785699
        4.035512    1.780402
        4.036679    1.774879
        4.037846    1.769136
        4.039013    1.763177
        4.040180    1.757009
        4.041347    1.750637
        4.042514    1.744066
        4.043681    1.737304
        4.044848    1.730355
        4.046015    1.723227
        4.047182    1.715926
        4.048349    1.708458
        4.049517    1.700831
        4.050684    1.693051
        4.051851    1.685127
        4.053018    1.677064
        4.054185    1.668871
        4.055352    1.660555
        4.056519    1.652125
        4.057686    1.643587
        4.058853    1.634951
        4.060020    1.626223
        4.061187    1.617414
        4.062354    1.608530
        4.063521    1.599581
        4.064688    1.590575
        4.065855    1.581521
        4.067022    1.572428
        4.068189    1.563305
        4.069356    1.554161
        4.070524    1.545006
        4.071691    1.535848
        4.072858    1.526697
        4.074025    1.517562
        4.075192    1.508453
        4.076359    1.499380
        4.077526    1.490352
        4.078693    1.481379
        4.079860    1.472470
        4.081027    1.463636
        4.082194    1.454887
        4.083361    1.446232
        4.084528    1.437682
        4.085695    1.429246
        4.086862    1.420934
        4.088029    1.412757
        4.089196    1.404725
        4.090363    1.396848
        4.091531    1.389136
        4.092698    1.381599
        4.093865    1.374247
        4.095032    1.367091
        4.096199    1.360141
        4.097366    1.353407
        4.098533    1.346899
        4.099700    1.340627
        4.100867    1.334601
        4.102034    1.328832
        4.103201    1.323329
        4.104368    1.318103
        4.105535    1.313163
        4.106702    1.308520
        4.107869    1.304184
        4.109036    1.300163
        4.110203    1.296469
        4.111370    1.293111
        4.112538    1.290098
        4.113705    1.287440
        4.114872    1.285148
        4.116039    1.283229
        4.117206    1.281694
        4.118373    1.280552
        4.119540    1.279812
        4.120707    1.279484
        4.121874    1.279575
        4.123041    1.280097
        4.124208    1.281056
        4.125375    1.282462
        4.126542    1.284324
        4.127709    1.286650
        4.128876    1.289448
        4.130043    1.292727
        4.131210    1.296495
        4.132377    1.300760
        4.133545    1.305529
        4.134712    1.310811
        4.135879    1.316613
        4.137046    1.322943
        4.138213    1.329807
        4.139380    1.337213
        4.140547    1.345169
        4.141714    1.353680
        4.142881    1.362753
        4.144048    1.372396
        4.145215    1.382613
        4.146382    1.393412
        4.147549    1.404799
        4.148716    1.416779
        4.149883    1.429357
        4.151050    1.442539
        4.152217    1.456331
        4.153384    1.470738
        4.154552    1.485763
        4.155719    1.501412
        4.156886    1.517690
        4.158053    1.534600
        4.159220    1.552146
        4.160387    1.570332
        4.161554    1.589163
        4.162721    1.608640
        4.163888    1.628767
        4.165055    1.649547
        4.166222    1.670983
        4.167389    1.693077
        4.168556    1.715831
        4.169723    1.739247
        4.170890    1.763327
        4.172057    1.788073
        4.173224    1.813485
        4.174391    1.839564
        4.175559    1.866311
        4.176726    1.893727
        4.177893    1.921812
        4.179060    1.950565
        4.180227    1.979987
        4.181394    2.010076
        4.182561    2.040833
        4.183728    2.072255
        4.184895    2.104342
        4.186062    2.137092
        4.187229    2.170502
        4.188396    2.204571
        4.189563    2.239297
        4.190730    2.274676
        4.191897    2.310706
        4.193064    2.347383
        4.194231    2.384705
        4.195398    2.422666
        4.196566    2.461263
        4.197733    2.500493
        4.198900    2.540349
        4.200067    2.580828
        4.201234    2.621923
        4.202401    2.663631
        4.203568    2.705945
        4.204735    2.748859
        4.205902    2.792367
        4.207069    2.836463
        4.208236    2.881140
        4.209403    2.926391
        4.210570    2.972209
        4.211737    3.018586
        4.212904    3.065515
        4.214071    3.112987
        4.215238    3.160995
        4.216405    3.209530
        4.217573    3.258584
        4.218740    3.308147
        4.219907    3.358211
        4.221074    3.408766
        4.222241    3.459802
        4.223408    3.511310
        4.224575    3.563280
        4.225742    3.615701
        4.226909    3.668564
        4.228076    3.721857
        4.229243    3.775570
        4.230410    3.829692
        4.231577    3.884211
        4.232744    3.939117
        4.233911    3.994398
        4.235078    4.050041
        4.236245    4.106037
        4.237412    4.162371
        4.238580    4.219033
        4.239747    4.276009
        4.240914    4.333289
        4.242081    4.390858
        4.243248    4.448705
        4.244415    4.506817
        4.245582    4.565181
        4.246749    4.623784
        4.247916    4.682612
        4.249083    4.741654
        4.250250    4.800895
        4.251417    4.860323
        4.252584    4.919924
        4.253751    4.979685
        4.254918    5.039593
        4.256085    5.099633
        4.257252    5.159793
        4.258419    5.220060
        4.259587    5.280419
        4.260754    5.340857
        4.261921    5.401361
        4.263088    5.461918
        4.264255    5.522513
        4.265422    5.583134
        4.266589    5.643767
        4.267756    5.704399
        4.268923    5.765016
        4.270090    5.825606
        4.271257    5.886155
        4.272424    5.946650
        4.273591    6.007078
        4.274758    6.067426
        4.275925    6.127682
        4.277092    6.187832
        4.278259    6.247865
        4.279426    6.307768
        4.280594    6.367527
        4.281761    6.427132
        4.282928    6.486571
        4.284095    6.545830
        4.285262    6.604898
        4.286429    6.663765
        4.287596    6.722417
        4.288763    6.780845
        4.289930    6.839036
        4.291097    6.896981
        4.292264    6.954667
        4.293431    7.012085
        4.294598    7.069224
        4.295765    7.126074
        4.296932    7.182624
        4.298099    7.238866
        4.299266    7.294789
        4.300433    7.350385
        4.301601    7.405643
        4.302768    7.460555
        4.303935    7.515112
        4.305102    7.569305
        4.306269    7.623127
        4.307436    7.676569
        4.308603    7.729622
        4.309770    7.782281
        4.310937    7.834536
        4.312104    7.886381
        4.313271    7.937809
        4.314438    7.988813
        4.315605    8.039387
        4.316772    8.089523
        4.317939    8.139217
        4.319106    8.188461
        4.320273    8.237251
        4.321440    8.285581
        4.322608    8.333446
        4.323775    8.380840
        4.324942    8.427759
        4.326109    8.474198
        4.327276    8.520152
        4.328443    8.565619
        4.329610    8.610593
        4.330777    8.655070
        4.331944    8.699048
        4.333111    8.742522
        4.334278    8.785490
        4.335445    8.827947
        4.336612    8.869893
        4.337779    8.911323
        4.338946    8.952235
        4.340113    8.992626
        4.341280    9.032496
        4.342447    9.071840
        4.343615    9.110658
        4.344782    9.148947
        4.345949    9.186707
        4.347116    9.223935
        4.348283    9.260629
        4.349450    9.296790
        4.350617    9.332415
        4.351784    9.367503
        4.352951    9.402054
        4.354118    9.436067
        4.355285    9.469540
        4.356452    9.502474
        4.357619    9.534866
        4.358786    9.566718
        4.359953    9.598029
        4.361120    9.628797
        4.362287    9.659024
        4.363454    9.688707
        4.364622    9.717848
        4.365789    9.746446
        4.366956    9.774501
        4.368123    9.802012
        4.369290    9.828980
        4.370457    9.855404
        4.371624    9.881285
        4.372791    9.906622
        4.373958    9.931415
        4.375125    9.955665
        4.376292    9.979370
        4.377459   10.002532
        4.378626   10.025149
        4.379793   10.047223
        4.380960   10.068752
        4.382127   10.089737
        4.383294   10.110177
        4.384461   10.130072
        4.385629   10.149423
        4.386796   10.168228
        4.387963   10.186488
        4.389130   10.204202
        4.390297   10.221369
        4.391464   10.237990
        4.392631   10.254064
        4.393798   10.269590
        4.394965   10.284568
        4.396132   10.298998
        4.397299   10.312877
        4.398466   10.326207
        4.399633   10.338986
        4.400800   10.351213
        4.401967   10.362888
        4.403134   10.374009
        4.404301   10.384575
        4.405468   10.394586
        4.406636   10.404041
        4.407803   10.412938
        4.408970   10.421277
        4.410137   10.429055
        4.411304   10.436272
        4.412471   10.442927
        4.413638   10.449018
        4.414805   10.454543
        4.415972   10.459502
        4.417139   10.463893
        4.418306   10.467715
        4.419473   10.470965
        4.420640   10.473643
        4.421807   10.475747
        4.422974   10.477275
        4.424141   10.478226
        4.425308   10.478598
        4.426475   10.478390
        4.427643   10.477599
        4.428810   10.476225
        4.429977   10.474266
        4.431144   10.471719
        4.432311   10.468584
        4.433478   10.464859
        4.434645   10.460543
        4.435812   10.455633
        4.436979   10.450129
        4.438146   10.444028
        4.439313   10.437329
        4.440480   10.430032
        4.441647   10.422134
        4.442814   10.413634
        4.443981   10.404531
        4.445148   10.394824
        4.446315   10.384512
        4.447482   10.373593
        4.448650   10.362066
        4.449817   10.349931
        4.450984   10.337186
        4.452151   10.323832
        4.453318   10.309866
        4.454485   10.295289
        4.455652   10.280100
        4.456819   10.264299
        4.457986   10.247885
        4.459153   10.230857
        4.460320   10.213217
        4.461487   10.194964
        4.462654   10.176098
        4.463821   10.156619
        4.464988   10.136528
        4.466155   10.115825
        4.467322   10.094511
        4.468489   10.072587
        4.469657   10.050053
        4.470824   10.026910
        4.471991   10.003160
        4.473158    9.978805
        4.474325    9.953844
        4.475492    9.928281
        4.476659    9.902117
        4.477826    9.875353
        4.478993    9.847993
        4.480160    9.820037
        4.481327    9.791489
        4.482494    9.762350
        4.483661    9.732625
        4.484828    9.702314
        4.485995    9.671423
        4.487162    9.639953
        4.488329    9.607908
        4.489496    9.575292
        4.490664    9.542108
        4.491831    9.508360
        4.492998    9.474052
        4.494165    9.439188
        4.495332    9.403772
        4.496499    9.367810
        4.497666    9.331305
        4.498833    9.294263
        4.500000    9.256688
