    100.00000   0.00000000E+000
    100.10003   0.00000000E+000
    100.20007   0.00000000E+000
    100.30010   0.00000000E+000
    100.40013   0.00000000E+000
    100.50017   0.00000000E+000
    100.60020   0.00000000E+000
    100.70023   0.00000000E+000
    100.80027   0.00000000E+000
    100.90030   0.00000000E+000
    101.00033   0.00000000E+000
    101.10037   0.00000000E+000
    101.20040   0.00000000E+000
    101.30043   0.00000000E+000
    101.40047   0.00000000E+000
    101.50050   0.00000000E+000
    101.60053   0.00000000E+000
    101.70057   0.00000000E+000
    101.80060   0.00000000E+000
    101.90063   0.00000000E+000
    102.00067   0.00000000E+000
    102.10070   0.00000000E+000
    102.20073   0.00000000E+000
    102.30077   0.00000000E+000
    102.40080   0.00000000E+000
    102.50083   0.00000000E+000
    102.60087   6.57338515E-307
    102.70090   4.12107056E-305
    102.80093   2.53169138E-303
    102.90097   1.52416663E-301
    103.00100   8.99323866E-300
    103.10103   5.20118815E-298
    103.20107   2.94871201E-296
    103.30110   1.63887511E-294
    103.40113   8.93065295E-293
    103.50117   4.77182319E-291
    103.60120   2.50028186E-289
    103.70123   1.28480317E-287
    103.80127   6.47539887E-286
    103.90130   3.20123706E-284
    104.00133   1.55249215E-282
    104.10137   7.38652089E-281
    104.20140   3.44816356E-279
    104.30143   1.57947029E-277
    104.40147   7.09984398E-276
    104.50150   3.13211539E-274
    104.60153   1.35617573E-272
    104.70157   5.76395947E-271
    104.80160   2.40486038E-269
    104.90163   9.85053664E-268
    105.00167   3.96157482E-266
    105.10170   1.56440959E-264
    105.20173   6.06658374E-263
    105.30177   2.31039028E-261
    105.40180   8.64191584E-260
    105.50183   3.17507632E-258
    105.60187   1.14591786E-256
    105.70190   4.06296929E-255
    105.80193   1.41533641E-253
    105.90197   4.84436754E-252
    106.00200   1.62933635E-250
    106.10203   5.38536910E-249
    106.20207   1.74938701E-247
    106.30210   5.58542804E-246
    106.40213   1.75291734E-244
    106.50217   5.40797800E-243
    106.60220   1.64025289E-241
    106.70223   4.89128381E-240
    106.80227   1.43418320E-238
    106.90230   4.13513326E-237
    107.00233   1.17249423E-235
    107.10237   3.26965016E-234
    107.20240   8.96796918E-233
    107.30243   2.41947911E-231
    107.40247   6.42121384E-230
    107.50250   1.67653354E-228
    107.60253   4.30664837E-227
    107.70257   1.08850562E-225
    107.80260   2.70718482E-224
    107.90263   6.62571588E-223
    108.00267   1.59590461E-221
    108.10270   3.78330760E-220
    108.20273   8.82791619E-219
    108.30277   2.02767169E-217
    108.40280   4.58480496E-216
    108.50283   1.02060721E-214
    108.60287   2.23687401E-213
    108.70290   4.82725203E-212
    108.80293   1.02580370E-210
    108.90297   2.14666616E-209
    109.00300   4.42415859E-208
    109.10303   8.98033651E-207
    109.20307   1.79547742E-205
    109.30310   3.53608105E-204
    109.40313   6.86038941E-203
    109.50317   1.31126006E-201
    109.60320   2.46928646E-200
    109.70323   4.58168909E-199
    109.80327   8.37683627E-198
    109.90330   1.50925749E-196
    110.00333   2.67981021E-195
    110.10337   4.68954235E-194
    110.20340   8.08855251E-193
    110.30343   1.37515970E-191
    110.40347   2.30465198E-190
    110.50350   3.80763436E-189
    110.60353   6.20198084E-188
    110.70357   9.95997844E-187
    110.80360   1.57712649E-185
    110.90363   2.46253282E-184
    111.00367   3.79168263E-183
    111.10370   5.75762443E-182
    111.20373   8.62269250E-181
    111.30377   1.27367128E-179
    111.40380   1.85572342E-178
    111.50383   2.66708581E-177
    111.60387   3.78141948E-176
    111.70390   5.28923671E-175
    111.80393   7.29923666E-174
    111.90397   9.93880274E-173
    112.00400   1.33533011E-171
    112.10403   1.77038121E-170
    112.20407   2.31629582E-169
    112.30410   2.99085746E-168
    112.40413   3.81151050E-167
    112.50417   4.79427967E-166
    112.60420   5.95250064E-165
    112.70423   7.29541930E-164
    112.80427   8.82674419E-163
    112.90430   1.05432604E-161
    113.00433   1.24336302E-160
    113.10437   1.44775132E-159
    113.20440   1.66451333E-158
    113.30443   1.88973982E-157
    113.40447   2.11866463E-156
    113.50450   2.34580438E-155
    113.60453   2.56516049E-154
    113.70457   2.77047441E-153
    113.80460   2.95552173E-152
    113.90463   3.11442610E-151
    114.00467   3.24197076E-150
    114.10470   3.33388463E-149
    114.20473   3.38708077E-148
    114.30477   3.39982875E-147
    114.40480   3.37184740E-146
    114.50483   3.30431109E-145
    114.60487   3.19976989E-144
    114.70490   3.06199103E-143
    114.80493   2.89573532E-142
    114.90497   2.70648684E-141
    115.00500   2.50015710E-140
    115.10504   2.28278553E-139
    115.20507   2.06025681E-138
    115.30510   1.83805259E-137
    115.40514   1.62105079E-136
    115.50517   1.41338055E-135
    115.60520   1.21833571E-134
    115.70524   1.03834502E-133
    115.80527   8.74993063E-133
    115.90530   7.29083077E-132
    116.00534   6.00731036E-131
    116.10537   4.89479859E-130
    116.20540   3.94423012E-129
    116.30544   3.14328083E-128
    116.40547   2.47752702E-127
    116.50550   1.93147260E-126
    116.60554   1.48940975E-125
    116.70557   1.13609797E-124
    116.80560   8.57262222E-124
    116.90564   6.39923649E-123
    117.00567   4.72584391E-122
    117.10570   3.45292697E-121
    117.20574   2.49615869E-120
    117.30577   1.78547447E-119
    117.40580   1.26372197E-118
    117.50584   8.85086163E-118
    117.60587   6.13444509E-117
    117.70590   4.20765605E-116
    117.80594   2.85627357E-115
    117.90597   1.91899263E-114
    118.00600   1.27608608E-113
    118.10604   8.39921933E-113
    118.20607   5.47229120E-112
    118.30610   3.52930956E-111
    118.40614   2.25330219E-110
    118.50617   1.42421982E-109
    118.60620   8.91212351E-109
    118.70624   5.52141690E-108
    118.80627   3.38690924E-107
    118.90630   2.05711547E-106
    119.00634   1.23718373E-105
    119.10637   7.36797924E-105
    119.20640   4.34529637E-104
    119.30644   2.53784620E-103
    119.40647   1.46792567E-102
    119.50650   8.40917912E-102
    119.60654   4.77124510E-101
    119.70657   2.68136643E-100
    119.80660   1.49260390E-099
    119.90664   8.23027807E-099
    120.00667   4.49555647E-098
    120.10670   2.43258944E-097
    120.20674   1.30403098E-096
    120.30677   6.92560904E-096
    120.40680   3.64414927E-095
    120.50684   1.89985102E-094
    120.60687   9.81397919E-094
    120.70690   5.02330832E-093
    120.80694   2.54783025E-092
    120.90697   1.28057157E-091
    121.00700   6.37832462E-091
    121.10704   3.14843967E-090
    121.20707   1.54023383E-089
    121.30710   7.46787278E-089
    121.40714   3.58874424E-088
    121.50717   1.70938444E-087
    121.60720   8.07058188E-087
    121.70724   3.77706063E-086
    121.80727   1.75227854E-085
    121.90730   8.05876334E-085
    122.00734   3.67422424E-084
    122.10737   1.66077485E-083
    122.20740   7.44251089E-083
    122.30744   3.30679689E-082
    122.40747   1.45676840E-081
    122.50750   6.36332367E-081
    122.60754   2.75615419E-080
    122.70757   1.18376206E-079
    122.80760   5.04175890E-079
    122.90764   2.12947113E-078
    123.00767   8.91966758E-078
    123.10770   3.70533896E-077
    123.20774   1.52659783E-076
    123.30777   6.23812049E-076
    123.40780   2.52830942E-075
    123.50784   1.01640990E-074
    123.60787   4.05307413E-074
    123.70790   1.60321556E-073
    123.80794   6.29079686E-073
    123.90797   2.44872695E-072
    124.00800   9.45606693E-072
    124.10804   3.62268563E-071
    124.20807   1.37694021E-070
    124.30810   5.19251984E-070
    124.40814   1.94282710E-069
    124.50817   7.21268960E-069
    124.60820   2.65693888E-068
    124.70824   9.71183245E-068
    124.80827   3.52265489E-067
    124.90830   1.26795037E-066
    125.00834   4.52909600E-066
    125.10837   1.60550523E-065
    125.20840   5.64828505E-065
    125.30844   1.97214960E-064
    125.40847   6.83431674E-064
    125.50850   2.35069300E-063
    125.60854   8.02519874E-063
    125.70857   2.71949456E-062
    125.80860   9.14758581E-062
    125.90864   3.05438667E-061
    126.00867   1.01240442E-060
    126.10870   3.33126934E-060
    126.20874   1.08818894E-059
    126.30877   3.52899307E-059
    126.40880   1.13621958E-058
    126.50884   3.63204879E-058
    126.60887   1.15274151E-057
    126.70890   3.63258603E-057
    126.80894   1.13662290E-056
    126.90897   3.53139383E-056
    127.00900   1.08947648E-055
    127.10904   3.33767578E-055
    127.20907   1.01540103E-054
    127.30910   3.06768481E-054
    127.40914   9.20398760E-054
    127.50917   2.74249523E-053
    127.60920   8.11582480E-053
    127.70924   2.38533113E-052
    127.80927   6.96315676E-052
    127.90930   2.01891182E-051
    128.00934   5.81425877E-051
    128.10937   1.66321841E-050
    128.20940   4.72600497E-050
    128.30944   1.33395450E-049
    128.40947   3.74025961E-049
    128.50950   1.04180937E-048
    128.60954   2.88278583E-048
    128.70957   7.92475601E-048
    128.80960   2.16431543E-047
    128.90964   5.87256767E-047
    129.00967   1.58314233E-046
    129.10970   4.24041083E-046
    129.20974   1.12850501E-045
    129.30977   2.98413261E-045
    129.40980   7.84085208E-045
    129.50984   2.04715304E-044
    129.60987   5.31117505E-044
    129.70990   1.36929012E-043
    129.80994   3.50813375E-043
    129.90997   8.93189948E-043
    130.01000   2.26000650E-042
    130.11004   5.68309401E-042
    130.21007   1.42030088E-041
    130.31010   3.52782684E-041
    130.41014   8.70916533E-041
    130.51017   2.13697340E-040
    130.61020   5.21177789E-040
    130.71024   1.26341996E-039
    130.81027   3.04435592E-039
    130.91030   7.29188382E-039
    131.01034   1.73616662E-038
    131.11037   4.10923609E-038
    131.21040   9.66850778E-038
    131.31044   2.26150252E-037
    131.41047   5.25877422E-037
    131.51050   1.21571652E-036
    131.61054   2.79415784E-036
    131.71057   6.38485169E-036
    131.81060   1.45058224E-035
    131.91064   3.27669428E-035
    132.01067   7.35939039E-035
    132.11070   1.64350261E-034
    132.21074   3.64948718E-034
    132.31077   8.05816932E-034
    132.41080   1.76927041E-033
    132.51084   3.86291777E-033
    132.61087   8.38706947E-033
    132.71090   1.81087561E-032
    132.81094   3.88830781E-032
    132.91097   8.30302414E-032
    133.01100   1.76329745E-031
    133.11104   3.72424646E-031
    133.21107   7.82320498E-031
    133.31110   1.63446017E-030
    133.41114   3.39638690E-030
    133.51117   7.01977136E-030
    133.61120   1.44311705E-029
    133.71124   2.95095563E-029
    133.81127   6.00227737E-029
    133.91130   1.21442696E-028
    134.01134   2.44420914E-028
    134.11137   4.89357892E-028
    134.21140   9.74643330E-028
    134.31144   1.93110242E-027
    134.41147   3.80640452E-027
    134.51150   7.46421522E-027
    134.61154   1.45620481E-026
    134.71157   2.82643732E-026
    134.81160   5.45813550E-026
    134.91164   1.04868915E-025
    135.01167   2.00473127E-025
    135.11170   3.81313246E-025
    135.21174   7.21661173E-025
    135.31177   1.35900131E-024
    135.41180   2.54654198E-024
    135.51184   4.74827176E-024
    135.61187   8.81015122E-024
    135.71190   1.62668522E-023
    135.81194   2.98885826E-023
    135.91197   5.46509881E-023
    136.01200   9.94468116E-023
    136.11204   1.80091447E-022
    136.21207   3.24574134E-022
    136.31210   5.82187032E-022
    136.41214   1.03931726E-021
    136.51217   1.84663018E-021
    136.61220   3.26563062E-021
    136.71224   5.74802559E-021
    136.81227   1.00703364E-020
    136.91230   1.75611136E-020
    137.01234   3.04826029E-020
    137.11237   5.26687595E-020
    137.21240   9.05866687E-020
    137.31244   1.55093913E-019
    137.41247   2.64334341E-019
    137.51250   4.48487024E-019
    137.61254   7.57517602E-019
    137.71257   1.27377057E-018
    137.81260   2.13232993E-018
    137.91264   3.55378690E-018
    138.01267   5.89672966E-018
    138.11270   9.74143584E-018
    138.21274   1.60227004E-017
    138.31277   2.62396774E-017
    138.41280   4.27858696E-017
    138.51284   6.94656937E-017
    138.61287   1.12299437E-016
    138.71290   1.80771938E-016
    138.81294   2.89760858E-016
    138.91297   4.62501055E-016
    139.01300   7.35121407E-016
    139.11304   1.16355729E-015
    139.21307   1.83403597E-015
    139.31310   2.87891154E-015
    139.41314   4.50047332E-015
    139.51317   7.00658607E-015
    139.61320   1.08638090E-014
    139.71324   1.67762218E-014
    139.81327   2.58018915E-014
    139.91330   3.95242140E-014
    140.01334   6.03029003E-014
    140.11337   9.16400583E-014
    140.21340   1.38711872E-013
    140.31344   2.09137512E-013
    140.41347   3.14086416E-013
    140.51350   4.69866144E-013
    140.61354   7.00189801E-013
    140.71357   1.03940035E-012
    140.81360   1.53703652E-012
    140.91364   2.26427167E-012
    141.01367   3.32295635E-012
    141.11370   4.85826508E-012
    141.21374   7.07631107E-012
    141.31377   1.02685802E-011
    141.41380   1.48456854E-011
    141.51384   2.13838073E-011
    141.61387   3.06883292E-011
    141.71390   4.38806800E-011
    141.81394   6.25163706E-011
    141.91397   8.87447814E-011
    142.01400   1.25524601E-010
    142.11404   1.76913132E-010
    142.21407   2.48453243E-010
    142.31410   3.47688843E-010
    142.41414   4.84848850E-010
    142.51417   6.73751101E-010
    142.61420   9.32992185E-010
    142.71424   1.28750743E-009
    142.81427   1.77060810E-009
    142.91430   2.42663114E-009
    143.01434   3.31437223E-009
    143.11437   4.51151573E-009
    143.21440   6.12032868E-009
    143.31444   8.27495031E-009
    143.41447   1.11506872E-008
    143.51450   1.49758186E-008
    143.61454   2.00465310E-008
    143.71457   2.67457341E-008
    143.81460   3.55666748E-008
    143.91464   4.71424524E-008
    144.01467   6.22827607E-008
    144.11470   8.20194443E-008
    144.21474   1.07662753E-007
    144.31477   1.40870524E-007
    144.41480   1.83732916E-007
    144.51484   2.38875766E-007
    144.61487   3.09586129E-007
    144.71490   3.99964151E-007
    144.81494   5.15105993E-007
    144.91497   6.61323260E-007
    145.01501   8.46405060E-007
    145.11504   1.07992966E-006
    145.21507   1.37363347E-006
    145.31511   1.74184605E-006
    145.41514   2.20200054E-006
    145.51517   2.77523006E-006
    145.61521   3.48706114E-006
    145.71524   4.36821645E-006
    145.81527   5.45553952E-006
    145.91531   6.79305477E-006
    146.01534   8.43317697E-006
    146.11537   1.04380839E-005
    146.21541   1.28812664E-005
    146.31544   1.58492698E-005
    146.41547   1.94436389E-005
    146.51551   2.37830793E-005
    146.61554   2.90058448E-005
    146.71557   3.52723578E-005
    146.81561   4.27680701E-005
    146.91564   5.17065635E-005
    147.01567   6.23328887E-005
    147.11571   7.49271356E-005
    147.21574   8.98082214E-005
    147.31577   1.07337879E-004
    147.41581   1.27924821E-004
    147.51584   1.52029041E-004
    147.61587   1.80166223E-004
    147.71591   2.12912205E-004
    147.81594   2.50907439E-004
    147.91597   2.94861396E-004
    148.01601   3.45556837E-004
    148.11604   4.03853884E-004
    148.21607   4.70693810E-004
    148.31611   5.47102466E-004
    148.41614   6.34193268E-004
    148.51617   7.33169662E-004
    148.61621   8.45326993E-004
    148.71624   9.72053710E-004
    148.81627   1.11483186E-003
    148.91631   1.27523683E-003
    149.01634   1.45493628E-003
    149.11637   1.65568838E-003
    149.21641   1.87933920E-003
    149.31644   2.12781952E-003
    149.41647   2.40314099E-003
    149.51651   2.70739187E-003
    149.61654   3.04273249E-003
    149.71657   3.41139063E-003
    149.81661   3.81565715E-003
    149.91664   4.25788201E-003
    150.01667   4.74047120E-003
    150.11671   5.26588483E-003
    150.21674   5.83663683E-003
    150.31677   6.45529656E-003
    150.41681   7.12449297E-003
    150.51684   7.84692152E-003
    150.61687   8.62535440E-003
    150.71691   9.46265441E-003
    150.81694   1.03617928E-002
    150.91697   1.13258714E-002
    151.01701   1.23581493E-002
    151.11704   1.34620738E-002
    151.21707   1.46413167E-002
    151.31711   1.58998137E-002
    151.41714   1.72418097E-002
    151.51717   1.86719061E-002
    151.61721   2.01951125E-002
    151.71724   2.18168999E-002
    151.81727   2.35432553E-002
    151.91731   2.53807372E-002
    152.01734   2.73365287E-002
    152.11737   2.94184887E-002
    152.21741   3.16351983E-002
    152.31744   3.39960014E-002
    152.41747   3.65110362E-002
    152.51751   3.91912579E-002
    152.61754   4.20484477E-002
    152.71757   4.50952085E-002
    152.81761   4.83449445E-002
    152.91764   5.18118218E-002
    153.01767   5.55107099E-002
    153.11771   5.94571018E-002
    153.21774   6.36670110E-002
    153.31777   6.81568461E-002
    153.41781   7.29432599E-002
    153.51784   7.80429759E-002
    153.61787   8.34725900E-002
    153.71791   8.92483497E-002
    153.81794   9.53859119E-002
    153.91797   1.01900081E-001
    154.01801   1.08804530E-001
    154.11804   1.16111508E-001
    154.21807   1.23831535E-001
    154.31811   1.31973094E-001
    154.41814   1.40542321E-001
    154.51817   1.49542690E-001
    154.61821   1.58974721E-001
    154.71824   1.68835687E-001
    154.81827   1.79119347E-001
    154.91831   1.89815707E-001
    155.01834   2.00910806E-001
    155.11837   2.12386537E-001
    155.21841   2.24220516E-001
    155.31844   2.36385990E-001
    155.41847   2.48851794E-001
    155.51851   2.61582371E-001
    155.61854   2.74537835E-001
    155.71857   2.87674098E-001
    155.81861   3.00943063E-001
    155.91864   3.14292859E-001
    156.01867   3.27668152E-001
    156.11871   3.41010502E-001
    156.21874   3.54258778E-001
    156.31877   3.67349619E-001
    156.41881   3.80217943E-001
    156.51884   3.92797495E-001
    156.61887   4.05021426E-001
    156.71891   4.16822898E-001
    156.81894   4.28135709E-001
    156.91897   4.38894925E-001
    157.01901   4.49037511E-001
    157.11904   4.58502963E-001
    157.21907   4.67233910E-001
    157.31911   4.75176707E-001
    157.41914   4.82281980E-001
    157.51917   4.88505136E-001
    157.61921   4.93806831E-001
    157.71924   4.98153371E-001
    157.81927   5.01517062E-001
    157.91931   5.03876490E-001
    158.01934   5.05216735E-001
    158.11937   5.05529510E-001
    158.21941   5.04813232E-001
    158.31944   5.03073014E-001
    158.41947   5.00320591E-001
    158.51951   4.96574164E-001
    158.61954   4.91858193E-001
    158.71957   4.86203107E-001
    158.81961   4.79644970E-001
    158.91964   4.72225086E-001
    159.01967   4.63989555E-001
    159.11971   4.54988797E-001
    159.21974   4.45277028E-001
    159.31977   4.34911728E-001
    159.41981   4.23953074E-001
    159.51984   4.12463374E-001
    159.61987   4.00506495E-001
    159.71991   3.88147291E-001
    159.81994   3.75451047E-001
    159.91997   3.62482943E-001
    160.02001   3.49307537E-001
    160.12004   3.35988279E-001
    160.22007   3.22587065E-001
    160.32011   3.09163819E-001
    160.42014   2.95776128E-001
    160.52017   2.82478911E-001
    160.62021   2.69324144E-001
    160.72024   2.56360624E-001
    160.82027   2.43633785E-001
    160.92031   2.31185556E-001
    161.02034   2.19054275E-001
    161.12037   2.07274633E-001
    161.22041   1.95877674E-001
    161.32044   1.84890823E-001
    161.42047   1.74337956E-001
    161.52051   1.64239506E-001
    161.62054   1.54612587E-001
    161.72057   1.45471159E-001
    161.82061   1.36826200E-001
    161.92064   1.28685904E-001
    162.02067   1.21055891E-001
    162.12071   1.13939425E-001
    162.22074   1.07337641E-001
    162.32077   1.01249771E-001
    162.42081   9.56733708E-002
    162.52084   9.06045449E-002
    162.62087   8.60381597E-002
    162.72091   8.19680516E-002
    162.82094   7.83872207E-002
    162.92097   7.52880124E-002
    163.02101   7.26622828E-002
    163.12104   7.05015475E-002
    163.22107   6.87971129E-002
    163.32111   6.75401890E-002
    163.42114   6.67219834E-002
    163.52117   6.63337758E-002
    163.62121   6.63669742E-002
    163.72124   6.68131518E-002
    163.82127   6.76640664E-002
    163.92131   6.89116621E-002
    164.02134   7.05480544E-002
    164.12137   7.25655012E-002
    164.22141   7.49563580E-002
    164.32144   7.77130225E-002
    164.42147   8.08278667E-002
    164.52151   8.42931605E-002
    164.62154   8.81009867E-002
    164.72157   9.22431516E-002
    164.82161   9.67110896E-002
    164.92164   1.01495767E-001
    165.02167   1.06587585E-001
    165.12171   1.11976284E-001
    165.22174   1.17650850E-001
    165.32177   1.23599430E-001
    165.42181   1.29809248E-001
    165.52184   1.36266537E-001
    165.62187   1.42956474E-001
    165.72191   1.49863130E-001
    165.82194   1.56969431E-001
    165.92197   1.64257140E-001
    166.02201   1.71706841E-001
    166.12204   1.79297950E-001
    166.22207   1.87008737E-001
    166.32211   1.94816370E-001
    166.42214   2.02696969E-001
    166.52217   2.10625684E-001
    166.62221   2.18576785E-001
    166.72224   2.26523777E-001
    166.82227   2.34439516E-001
    166.92231   2.42296361E-001
    167.02234   2.50066321E-001
    167.12237   2.57721226E-001
    167.22241   2.65232909E-001
    167.32244   2.72573392E-001
    167.42247   2.79715089E-001
    167.52251   2.86631005E-001
    167.62254   2.93294952E-001
    167.72257   2.99681751E-001
    167.82261   3.05767450E-001
    167.92264   3.11529531E-001
    168.02267   3.16947109E-001
    168.12271   3.22001136E-001
    168.22274   3.26674581E-001
    168.32277   3.30952611E-001
    168.42281   3.34822753E-001
    168.52284   3.38275039E-001
    168.62287   3.41302139E-001
    168.72291   3.43899466E-001
    168.82294   3.46065276E-001
    168.92297   3.47800728E-001
    169.02301   3.49109935E-001
    169.12304   3.49999985E-001
    169.22307   3.50480944E-001
    169.32311   3.50565824E-001
    169.42314   3.50270537E-001
    169.52317   3.49613822E-001
    169.62321   3.48617144E-001
    169.72324   3.47304577E-001
    169.82327   3.45702656E-001
    169.92331   3.43840217E-001
    170.02334   3.41748213E-001
    170.12337   3.39459507E-001
    170.22341   3.37008659E-001
    170.32344   3.34431686E-001
    170.42347   3.31765822E-001
    170.52351   3.29049254E-001
    170.62354   3.26320858E-001
    170.72357   3.23619926E-001
    170.82361   3.20985884E-001
    170.92364   3.18458019E-001
    171.02367   3.16075189E-001
    171.12371   3.13875553E-001
    171.22374   3.11896290E-001
    171.32377   3.10173335E-001
    171.42381   3.08741116E-001
    171.52384   3.07632302E-001
    171.62387   3.06877572E-001
    171.72391   3.06505381E-001
    171.82394   3.06541755E-001
    171.92397   3.07010099E-001
    172.02401   3.07931015E-001
    172.12404   3.09322152E-001
    172.22407   3.11198067E-001
    172.32411   3.13570105E-001
    172.42414   3.16446310E-001
    172.52417   3.19831351E-001
    172.62421   3.23726467E-001
    172.72424   3.28129446E-001
    172.82427   3.33034617E-001
    172.92431   3.38432867E-001
    173.02434   3.44311681E-001
    173.12437   3.50655209E-001
    173.22441   3.57444344E-001
    173.32444   3.64656830E-001
    173.42447   3.72267387E-001
    173.52451   3.80247857E-001
    173.62454   3.88567362E-001
    173.72457   3.97192490E-001
    173.82461   4.06087489E-001
    173.92464   4.15214477E-001
    174.02467   4.24533667E-001
    174.12471   4.34003601E-001
    174.22474   4.43581401E-001
    174.32477   4.53223017E-001
    174.42481   4.62883493E-001
    174.52484   4.72517231E-001
    174.62487   4.82078262E-001
    174.72491   4.91520516E-001
    174.82494   5.00798094E-001
    174.92497   5.09865534E-001
    175.02501   5.18678078E-001
    175.12504   5.27191931E-001
    175.22508   5.35364510E-001
    175.32511   5.43154689E-001
    175.42514   5.50523030E-001
    175.52518   5.57432002E-001
    175.62521   5.63846188E-001
    175.72524   5.69732477E-001
    175.82528   5.75060239E-001
    175.92531   5.79801481E-001
    176.02534   5.83930994E-001
    176.12538   5.87426469E-001
    176.22541   5.90268603E-001
    176.32544   5.92441183E-001
    176.42548   5.93931146E-001
    176.52551   5.94728628E-001
    176.62554   5.94826983E-001
    176.72558   5.94222790E-001
    176.82561   5.92915835E-001
    176.92564   5.90909080E-001
    177.02568   5.88208607E-001
    177.12571   5.84823552E-001
    177.22574   5.80766016E-001
    177.32578   5.76050967E-001
    177.42581   5.70696119E-001
    177.52584   5.64721809E-001
    177.62588   5.58150853E-001
    177.72591   5.51008398E-001
    177.82594   5.43321760E-001
    177.92598   5.35120259E-001
    178.02601   5.26435048E-001
    178.12604   5.17298933E-001
    178.22608   5.07746195E-001
    178.32611   4.97812407E-001
    178.42614   4.87534258E-001
    178.52618   4.76949366E-001
    178.62621   4.66096107E-001
    178.72624   4.55013440E-001
    178.82628   4.43740736E-001
    178.92631   4.32317621E-001
    179.02634   4.20783817E-001
    179.12638   4.09178998E-001
    179.22641   3.97542649E-001
    179.32644   3.85913937E-001
    179.42648   3.74331594E-001
    179.52651   3.62833802E-001
    179.62654   3.51458099E-001
    179.72658   3.40241285E-001
    179.82661   3.29219345E-001
    179.92664   3.18427378E-001
    180.02668   3.07899540E-001
    180.12671   2.97668994E-001
    180.22674   2.87767864E-001
    180.32678   2.78227209E-001
    180.42681   2.69076995E-001
    180.52684   2.60346077E-001
    180.62688   2.52062190E-001
    180.72691   2.44251939E-001
    180.82694   2.36940805E-001
    180.92698   2.30153142E-001
    181.02701   2.23912186E-001
    181.12704   2.18240064E-001
    181.22708   2.13157802E-001
    181.32711   2.08685338E-001
    181.42714   2.04841529E-001
    181.52718   2.01644164E-001
    181.62721   1.99109970E-001
    181.72724   1.97254616E-001
    181.82728   1.96092720E-001
    181.92731   1.95637842E-001
    182.02734   1.95902487E-001
    182.12738   1.96898090E-001
    182.22741   1.98635007E-001
    182.32744   2.01122498E-001
    182.42748   2.04368703E-001
    182.52751   2.08380618E-001
    182.62754   2.13164064E-001
    182.72758   2.18723652E-001
    182.82761   2.25062744E-001
    182.92764   2.32183416E-001
    183.02768   2.40086406E-001
    183.12771   2.48771073E-001
    183.22774   2.58235345E-001
    183.32778   2.68475670E-001
    183.42781   2.79486965E-001
    183.52784   2.91262567E-001
    183.62788   3.03794183E-001
    183.72791   3.17071841E-001
    183.82794   3.31083849E-001
    183.92798   3.45816751E-001
    184.02801   3.61255291E-001
    184.12804   3.77382384E-001
    184.22808   3.94179084E-001
    184.32811   4.11624569E-001
    184.42814   4.29696130E-001
    184.52818   4.48369162E-001
    184.62821   4.67617173E-001
    184.72824   4.87411792E-001
    184.82828   5.07722796E-001
    184.92831   5.28518139E-001
    185.02834   5.49763995E-001
    185.12838   5.71424808E-001
    185.22841   5.93463357E-001
    185.32844   6.15840825E-001
    185.42848   6.38516882E-001
    185.52851   6.61449777E-001
    185.62854   6.84596440E-001
    185.72858   7.07912590E-001
    185.82861   7.31352855E-001
    185.92864   7.54870901E-001
    186.02868   7.78419560E-001
    186.12871   8.01950980E-001
    186.22874   8.25416764E-001
    186.32878   8.48768126E-001
    186.42881   8.71956049E-001
    186.52884   8.94931439E-001
    186.62888   9.17645295E-001
    186.72891   9.40048867E-001
    186.82894   9.62093824E-001
    186.92898   9.83732418E-001
    187.02901   1.00491764E+000
    187.12904   1.02560341E+000
    187.22908   1.04574467E+000
    187.32911   1.06529762E+000
    187.42914   1.08421981E+000
    187.52918   1.10247030E+000
    187.62921   1.12000979E+000
    187.72924   1.13680077E+000
    187.82928   1.15280763E+000
    187.92931   1.16799676E+000
    188.02934   1.18233667E+000
    188.12938   1.19579810E+000
    188.22941   1.20835407E+000
    188.32944   1.21998000E+000
    188.42948   1.23065374E+000
    188.52951   1.24035564E+000
    188.62954   1.24906861E+000
    188.72958   1.25677814E+000
    188.82961   1.26347233E+000
    188.92964   1.26914191E+000
    189.02968   1.27378024E+000
    189.12971   1.27738332E+000
    189.22974   1.27994977E+000
    189.32978   1.28148081E+000
    189.42981   1.28198022E+000
    189.52984   1.28145432E+000
    189.62988   1.27991193E+000
    189.72991   1.27736428E+000
    189.82994   1.27382501E+000
    189.92998   1.26931004E+000
    190.03001   1.26383755E+000
    190.13004   1.25742790E+000
    190.23008   1.25010350E+000
    190.33011   1.24188881E+000
    190.43014   1.23281016E+000
    190.53018   1.22289573E+000
    190.63021   1.21217544E+000
    190.73024   1.20068081E+000
    190.83028   1.18844494E+000
    190.93031   1.17550235E+000
    191.03034   1.16188890E+000
    191.13038   1.14764169E+000
    191.23041   1.13279898E+000
    191.33044   1.11740007E+000
    191.43048   1.10148518E+000
    191.53051   1.08509540E+000
    191.63054   1.06827256E+000
    191.73058   1.05105915E+000
    191.83061   1.03349821E+000
    191.93064   1.01563325E+000
    192.03068   9.97508148E-001
    192.13071   9.79167072E-001
    192.23074   9.60654382E-001
    192.33078   9.42014547E-001
    192.43081   9.23292062E-001
    192.53084   9.04531364E-001
    192.63088   8.85776751E-001
    192.73091   8.67072306E-001
    192.83094   8.48461817E-001
    192.93098   8.29988703E-001
    193.03101   8.11695941E-001
    193.13104   7.93625992E-001
    193.23108   7.75820737E-001
    193.33111   7.58321398E-001
    193.43114   7.41168481E-001
    193.53118   7.24401702E-001
    193.63121   7.08059928E-001
    193.73124   6.92181109E-001
    193.83128   6.76802217E-001
    193.93131   6.61959184E-001
    194.03134   6.47686844E-001
    194.13138   6.34018867E-001
    194.23141   6.20987706E-001
    194.33144   6.08624534E-001
    194.43148   5.96959190E-001
    194.53151   5.86020121E-001
    194.63154   5.75834323E-001
    194.73158   5.66427292E-001
    194.83161   5.57822962E-001
    194.93164   5.50043658E-001
    195.03168   5.43110040E-001
    195.13171   5.37041052E-001
    195.23174   5.31853873E-001
    195.33178   5.27563866E-001
    195.43181   5.24184533E-001
    195.53184   5.21727470E-001
    195.63188   5.20202319E-001
    195.73191   5.19616733E-001
    195.83194   5.19976331E-001
    195.93198   5.21284669E-001
    196.03201   5.23543198E-001
    196.13204   5.26751243E-001
    196.23208   5.30905969E-001
    196.33211   5.36002363E-001
    196.43214   5.42033218E-001
    196.53218   5.48989112E-001
    196.63221   5.56858407E-001
    196.73224   5.65627240E-001
    196.83228   5.75279529E-001
    196.93231   5.85796976E-001
    197.03234   5.97159087E-001
    197.13238   6.09343186E-001
    197.23241   6.22324446E-001
    197.33244   6.36075921E-001
    197.43248   6.50568586E-001
    197.53251   6.65771387E-001
    197.63254   6.81651295E-001
    197.73258   6.98173367E-001
    197.83261   7.15300820E-001
    197.93264   7.32995105E-001
    198.03268   7.51215993E-001
    198.13271   7.69921671E-001
    198.23274   7.89068836E-001
    198.33278   8.08612807E-001
    198.43281   8.28507636E-001
    198.53284   8.48706230E-001
    198.63288   8.69160478E-001
    198.73291   8.89821381E-001
    198.83294   9.10639195E-001
    198.93298   9.31563572E-001
    199.03301   9.52543705E-001
    199.13304   9.73528485E-001
    199.23308   9.94466653E-001
    199.33311   1.01530696E+000
    199.43314   1.03599833E+000
    199.53318   1.05649001E+000
    199.63321   1.07673174E+000
    199.73324   1.09667392E+000
    199.83328   1.11626777E+000
    199.93331   1.13546549E+000
    200.03334   1.15422039E+000
    200.13338   1.17248709E+000
    200.23341   1.19022164E+000
    200.33344   1.20738169E+000
    200.43348   1.22392658E+000
    200.53351   1.23981753E+000
    200.63354   1.25501775E+000
    200.73358   1.26949255E+000
    200.83361   1.28320945E+000
    200.93364   1.29613829E+000
    201.03368   1.30825132E+000
    201.13371   1.31952329E+000
    201.23374   1.32993152E+000
    201.33378   1.33945596E+000
    201.43381   1.34807923E+000
    201.53384   1.35578670E+000
    201.63388   1.36256647E+000
    201.73391   1.36840941E+000
    201.83394   1.37330917E+000
    201.93398   1.37726218E+000
    202.03401   1.38026759E+000
    202.13404   1.38232731E+000
    202.23408   1.38344590E+000
    202.33411   1.38363058E+000
    202.43414   1.38289110E+000
    202.53418   1.38123974E+000
    202.63421   1.37869119E+000
    202.73424   1.37526243E+000
    202.83428   1.37097271E+000
    202.93431   1.36584335E+000
    203.03434   1.35989769E+000
    203.13438   1.35316094E+000
    203.23441   1.34566006E+000
    203.33444   1.33742359E+000
    203.43448   1.32848158E+000
    203.53451   1.31886538E+000
    203.63454   1.30860752E+000
    203.73458   1.29774157E+000
    203.83461   1.28630198E+000
    203.93464   1.27432390E+000
    204.03468   1.26184310E+000
    204.13471   1.24889574E+000
    204.23474   1.23551826E+000
    204.33478   1.22174725E+000
    204.43481   1.20761926E+000
    204.53484   1.19317068E+000
    204.63488   1.17843764E+000
    204.73491   1.16345581E+000
    204.83494   1.14826032E+000
    204.93498   1.13288565E+000
    205.03501   1.11736547E+000
    205.13505   1.10173256E+000
    205.23508   1.08601873E+000
    205.33511   1.07025468E+000
    205.43515   1.05446998E+000
    205.53518   1.03869292E+000
    205.63521   1.02295050E+000
    205.73525   1.00726834E+000
    205.83528   9.91670659E-001
    205.93531   9.76180186E-001
    206.03535   9.60818169E-001
    206.13538   9.45604326E-001
    206.23541   9.30556839E-001
    206.33545   9.15692335E-001
    206.43548   9.01025892E-001
    206.53551   8.86571039E-001
    206.63555   8.72339773E-001
    206.73558   8.58342580E-001
    206.83561   8.44588458E-001
    206.93565   8.31084953E-001
    207.03568   8.17838197E-001
    207.13571   8.04852953E-001
    207.23575   7.92132666E-001
    207.33578   7.79679514E-001
    207.43581   7.67494468E-001
    207.53585   7.55577355E-001
    207.63588   7.43926920E-001
    207.73591   7.32540897E-001
    207.83595   7.21416078E-001
    207.93598   7.10548383E-001
    208.03601   6.99932935E-001
    208.13605   6.89564133E-001
    208.23608   6.79435727E-001
    208.33611   6.69540889E-001
    208.43615   6.59872293E-001
    208.53618   6.50422180E-001
    208.63621   6.41182437E-001
    208.73625   6.32144661E-001
    208.83628   6.23300231E-001
    208.93631   6.14640372E-001
    209.03635   6.06156219E-001
    209.13638   5.97838878E-001
    209.23641   5.89679483E-001
    209.33645   5.81669250E-001
    209.43648   5.73799529E-001
    209.53651   5.66061853E-001
    209.63655   5.58447979E-001
    209.73658   5.50949929E-001
    209.83661   5.43560028E-001
    209.93665   5.36270938E-001
    210.03668   5.29075681E-001
    210.13671   5.21967669E-001
    210.23675   5.14940726E-001
    210.33678   5.07989100E-001
    210.43681   5.01107482E-001
    210.53685   4.94291014E-001
    210.63688   4.87535294E-001
    210.73691   4.80836384E-001
    210.83695   4.74190804E-001
    210.93698   4.67595535E-001
    211.03701   4.61048007E-001
    211.13705   4.54546096E-001
    211.23708   4.48088108E-001
    211.33711   4.41672770E-001
    211.43715   4.35299210E-001
    211.53718   4.28966941E-001
    211.63721   4.22675841E-001
    211.73725   4.16426135E-001
    211.83728   4.10218367E-001
    211.93731   4.04053382E-001
    212.03735   3.97932297E-001
    212.13738   3.91856480E-001
    212.23741   3.85827519E-001
    212.33745   3.79847202E-001
    212.43748   3.73917486E-001
    212.53751   3.68040473E-001
    212.63755   3.62218381E-001
    212.73758   3.56453524E-001
    212.83761   3.50748280E-001
    212.93765   3.45105072E-001
    213.03768   3.39526339E-001
    213.13771   3.34014517E-001
    213.23775   3.28572016E-001
    213.33778   3.23201196E-001
    213.43781   3.17904352E-001
    213.53785   3.12683693E-001
    213.63788   3.07541322E-001
    213.73791   3.02479227E-001
    213.83795   2.97499259E-001
    213.93798   2.92603125E-001
    214.03801   2.87792373E-001
    214.13805   2.83068381E-001
    214.23808   2.78432352E-001
    214.33811   2.73885305E-001
    214.43815   2.69428068E-001
    214.53818   2.65061277E-001
    214.63821   2.60785369E-001
    214.73825   2.56600583E-001
    214.83828   2.52506961E-001
    214.93831   2.48504344E-001
    215.03835   2.44592382E-001
    215.13838   2.40770529E-001
    215.23841   2.37038055E-001
    215.33845   2.33394044E-001
    215.43848   2.29837408E-001
    215.53851   2.26366889E-001
    215.63855   2.22981068E-001
    215.73858   2.19678376E-001
    215.83861   2.16457100E-001
    215.93865   2.13315396E-001
    216.03868   2.10251296E-001
    216.13871   2.07262722E-001
    216.23875   2.04347495E-001
    216.33878   2.01503348E-001
    216.43881   1.98727935E-001
    216.53885   1.96018843E-001
    216.63888   1.93373606E-001
    216.73891   1.90789712E-001
    216.83895   1.88264619E-001
    216.93898   1.85795763E-001
    217.03901   1.83380569E-001
    217.13905   1.81016463E-001
    217.23908   1.78700881E-001
    217.33911   1.76431278E-001
    217.43915   1.74205141E-001
    217.53918   1.72019994E-001
    217.63921   1.69873408E-001
    217.73925   1.67763007E-001
    217.83928   1.65686480E-001
    217.93931   1.63641584E-001
    218.03935   1.61626149E-001
    218.13938   1.59638088E-001
    218.23941   1.57675398E-001
    218.33945   1.55736166E-001
    218.43948   1.53818574E-001
    218.53951   1.51920900E-001
    218.63955   1.50041521E-001
    218.73958   1.48178916E-001
    218.83961   1.46331666E-001
    218.93965   1.44498457E-001
    219.03968   1.42678079E-001
    219.13971   1.40869425E-001
    219.23975   1.39071491E-001
    219.33978   1.37283376E-001
    219.43981   1.35504279E-001
    219.53985   1.33733497E-001
    219.63988   1.31970424E-001
    219.73991   1.30214548E-001
    219.83995   1.28465444E-001
    219.93998   1.26722777E-001
    220.04001   1.24986293E-001
    220.14005   1.23255821E-001
    220.24008   1.21531260E-001
    220.34011   1.19812584E-001
    220.44015   1.18099832E-001
    220.54018   1.16393105E-001
    220.64021   1.14692563E-001
    220.74025   1.12998417E-001
    220.84028   1.11310927E-001
    220.94031   1.09630397E-001
    221.04035   1.07957169E-001
    221.14038   1.06291619E-001
    221.24041   1.04634154E-001
    221.34045   1.02985205E-001
    221.44048   1.01345224E-001
    221.54051   9.97146806E-002
    221.64055   9.80940564E-002
    221.74058   9.64838416E-002
    221.84061   9.48845312E-002
    221.94065   9.32966220E-002
    222.04068   9.17206083E-002
    222.14071   9.01569795E-002
    222.24075   8.86062166E-002
    222.34078   8.70687900E-002
    222.44081   8.55451562E-002
    222.54085   8.40357561E-002
    222.64088   8.25410128E-002
    222.74091   8.10613294E-002
    222.84095   7.95970875E-002
    222.94098   7.81486460E-002
    223.04101   7.67163395E-002
    223.14105   7.53004774E-002
    223.24108   7.39013430E-002
    223.34111   7.25191932E-002
    223.44115   7.11542575E-002
    223.54118   6.98067381E-002
    223.64121   6.84768098E-002
    223.74125   6.71646201E-002
    223.84128   6.58702890E-002
    223.94131   6.45939100E-002
    224.04135   6.33355501E-002
    224.14138   6.20952506E-002
    224.24141   6.08730280E-002
    224.34145   5.96688745E-002
    224.44148   5.84827592E-002
    224.54151   5.73146291E-002
    224.64155   5.61644099E-002
    224.74158   5.50320075E-002
    224.84161   5.39173089E-002
    224.94165   5.28201838E-002
    225.04168   5.17404854E-002
    225.14171   5.06780520E-002
    225.24175   4.96327082E-002
    225.34178   4.86042663E-002
    225.44181   4.75925274E-002
    225.54185   4.65972828E-002
    225.64188   4.56183154E-002
    225.74191   4.46554009E-002
    225.84195   4.37083085E-002
    225.94198   4.27768031E-002
    226.04201   4.18606456E-002
    226.14205   4.09595941E-002
    226.24208   4.00734054E-002
    226.34211   3.92018356E-002
    226.44215   3.83446411E-002
    226.54218   3.75015796E-002
    226.64221   3.66724108E-002
    226.74225   3.58568972E-002
    226.84228   3.50548048E-002
    226.94231   3.42659039E-002
    227.04235   3.34899693E-002
    227.14238   3.27267811E-002
    227.24241   3.19761252E-002
    227.34245   3.12377933E-002
    227.44248   3.05115838E-002
    227.54251   2.97973014E-002
    227.64255   2.90947580E-002
    227.74258   2.84037723E-002
    227.84261   2.77241701E-002
    227.94265   2.70557846E-002
    228.04268   2.63984559E-002
    228.14271   2.57520313E-002
    228.24275   2.51163653E-002
    228.34278   2.44913190E-002
    228.44281   2.38767607E-002
    228.54285   2.32725649E-002
    228.64288   2.26786125E-002
    228.74291   2.20947906E-002
    228.84295   2.15209920E-002
    228.94298   2.09571153E-002
    229.04301   2.04030638E-002
    229.14305   1.98587460E-002
    229.24308   1.93240749E-002
    229.34311   1.87989677E-002
    229.44315   1.82833453E-002
    229.54318   1.77771320E-002
    229.64321   1.72802554E-002
    229.74325   1.67926456E-002
    229.84328   1.63142351E-002
    229.94331   1.58449584E-002
    230.04335   1.53847518E-002
    230.14338   1.49335526E-002
    230.24341   1.44912992E-002
    230.34345   1.40579307E-002
    230.44348   1.36333863E-002
    230.54351   1.32176054E-002
    230.64355   1.28105271E-002
    230.74358   1.24120900E-002
    230.84361   1.20222317E-002
    230.94365   1.16408891E-002
    231.04368   1.12679977E-002
    231.14371   1.09034916E-002
    231.24375   1.05473032E-002
    231.34378   1.01993632E-002
    231.44381   9.85960053E-003
    231.54385   9.52794183E-003
    231.64388   9.20431175E-003
    231.74391   8.88863267E-003
    231.84395   8.58082467E-003
    231.94398   8.28080548E-003
    232.04401   7.98849042E-003
    232.14405   7.70379244E-003
    232.24408   7.42662204E-003
    232.34411   7.15688731E-003
    232.44415   6.89449400E-003
    232.54418   6.63934548E-003
    232.64421   6.39134285E-003
    232.74425   6.15038496E-003
    232.84428   5.91636853E-003
    232.94431   5.68918821E-003
    233.04435   5.46873664E-003
    233.14438   5.25490463E-003
    233.24441   5.04758119E-003
    233.34445   4.84665371E-003
    233.44448   4.65200802E-003
    233.54451   4.46352858E-003
    233.64455   4.28109859E-003
    233.74458   4.10460009E-003
    233.84461   3.93391416E-003
    233.94465   3.76892102E-003
    234.04468   3.60950018E-003
    234.14471   3.45553058E-003
    234.24475   3.30689076E-003
    234.34478   3.16345898E-003
    234.44481   3.02511335E-003
    234.54485   2.89173200E-003
    234.64488   2.76319320E-003
    234.74491   2.63937551E-003
    234.84495   2.52015787E-003
    234.94498   2.40541982E-003
    235.04502   2.29504151E-003
    235.14505   2.18890391E-003
    235.24508   2.08688890E-003
    235.34512   1.98887936E-003
    235.44515   1.89475932E-003
    235.54518   1.80441403E-003
    235.64522   1.71773006E-003
    235.74525   1.63459540E-003
    235.84528   1.55489956E-003
    235.94532   1.47853363E-003
    236.04535   1.40539036E-003
    236.14538   1.33536424E-003
    236.24542   1.26835154E-003
    236.34545   1.20425040E-003
    236.44548   1.14296088E-003
    236.54552   1.08438498E-003
    236.64555   1.02842669E-003
    236.74558   9.74992069E-004
    236.84562   9.23989217E-004
    236.94565   8.75328342E-004
    237.04568   8.28921767E-004
    237.14572   7.84683952E-004
    237.24575   7.42531504E-004
    237.34578   7.02383187E-004
    237.44582   6.64159927E-004
    237.54585   6.27784809E-004
    237.64588   5.93183077E-004
    237.74592   5.60282124E-004
    237.84595   5.29011482E-004
    237.94598   4.99302807E-004
    238.04602   4.71089865E-004
    238.14605   4.44308506E-004
    238.24608   4.18896648E-004
    238.34612   3.94794243E-004
    238.44615   3.71943260E-004
    238.54618   3.50287645E-004
    238.64622   3.29773294E-004
    238.74625   3.10348022E-004
    238.84628   2.91961521E-004
    238.94632   2.74565328E-004
    239.04635   2.58112788E-004
    239.14638   2.42559009E-004
    239.24642   2.27860829E-004
    239.34645   2.13976772E-004
    239.44648   2.00867006E-004
    239.54652   1.88493300E-004
    239.64655   1.76818984E-004
    239.74658   1.65808908E-004
    239.84662   1.55429392E-004
    239.94665   1.45648191E-004
    240.04668   1.36434446E-004
    240.14672   1.27758644E-004
    240.24675   1.19592577E-004
    240.34678   1.11909295E-004
    240.44682   1.04683068E-004
    240.54685   9.78893446E-005
    240.64688   9.15047070E-005
    240.74692   8.55068352E-005
    240.84695   7.98744649E-005
    240.94698   7.45873490E-005
    241.04702   6.96262190E-005
    241.14705   6.49727478E-005
    241.24708   6.06095124E-005
    241.34712   5.65199583E-005
    241.44715   5.26883643E-005
    241.54718   4.90998082E-005
    241.64722   4.57401332E-005
    241.74725   4.25959159E-005
    241.84728   3.96544344E-005
    241.94732   3.69036378E-005
    242.04735   3.43321164E-005
    242.14738   3.19290730E-005
    242.24742   2.96842948E-005
    242.34745   2.75881270E-005
    242.44748   2.56314460E-005
    242.54752   2.38056350E-005
    242.64755   2.21025593E-005
    242.74758   2.05145430E-005
    242.84762   1.90343469E-005
    242.94765   1.76551464E-005
    243.04768   1.63705109E-005
    243.14772   1.51743842E-005
    243.24775   1.40610647E-005
    243.34778   1.30251875E-005
    243.44782   1.20617069E-005
    243.54785   1.11658792E-005
    243.64788   1.03332470E-005
    243.74792   9.55962331E-006
    243.84795   8.84107745E-006
    243.94798   8.17392061E-006
    244.04802   7.55469263E-006
    244.14805   6.98014920E-006
    244.24808   6.44724972E-006
    244.34812   5.95314576E-006
    244.44815   5.49517006E-006
    244.54818   5.07082603E-006
    244.64822   4.67777788E-006
    244.74825   4.31384115E-006
    244.84828   3.97697377E-006
    244.94832   3.66526758E-006
    245.04835   3.37694029E-006
    245.14838   3.11032788E-006
    245.24842   2.86387735E-006
    245.34845   2.63613996E-006
    245.44848   2.42576473E-006
    245.54852   2.23149241E-006
    245.64855   2.05214966E-006
    245.74858   1.88664368E-006
    245.84862   1.73395706E-006
    245.94865   1.59314299E-006
    246.04868   1.46332064E-006
    246.14872   1.34367098E-006
    246.24875   1.23343265E-006
    246.34878   1.13189825E-006
    246.44882   1.03841072E-006
    246.54885   9.52360018E-007
    246.64888   8.73179975E-007
    246.74892   8.00345332E-007
    246.84895   7.33368976E-007
    246.94898   6.71799338E-007
    247.04902   6.15217966E-007
    247.14905   5.63237235E-007
    247.24908   5.15498219E-007
    247.34912   4.71668687E-007
    247.44915   4.31441237E-007
    247.54918   3.94531546E-007
    247.64922   3.60676739E-007
    247.74925   3.29633860E-007
    247.84928   3.01178451E-007
    247.94932   2.75103222E-007
    248.04935   2.51216811E-007
    248.14938   2.29342633E-007
    248.24942   2.09317796E-007
    248.34945   1.90992106E-007
    248.44948   1.74227132E-007
    248.54952   1.58895337E-007
    248.64955   1.44879273E-007
    248.74958   1.32070833E-007
    248.84962   1.20370552E-007
    248.94965   1.09686964E-007
    249.04968   9.99360014E-008
    249.14972   9.10404425E-008
    249.24975   8.29293956E-008
    249.34978   7.55378247E-008
    249.44982   6.88061104E-008
    249.54985   6.26796434E-008
    249.64988   5.71084515E-008
    249.74992   5.20468540E-008
    249.84995   4.74531455E-008
    249.94998   4.32893044E-008
    250.05002   3.95207264E-008
    250.15005   3.61159805E-008
    250.25008   3.30465871E-008
    250.35012   3.02868155E-008
    250.45015   2.78135011E-008
    250.55018   2.56058806E-008
    250.65022   2.36454447E-008
    250.75025   2.19158061E-008
    250.85028   2.04025846E-008
    250.95032   1.90933062E-008
    251.05035   1.79773168E-008
    251.15038   1.70457100E-008
    251.25042   1.62912688E-008
    251.35045   1.57084199E-008
    251.45048   1.52932018E-008
    251.55052   1.50432458E-008
    251.65055   1.49577693E-008
    251.75058   1.50375833E-008
    251.85062   1.52851117E-008
    251.95065   1.57044254E-008
    252.05068   1.63012886E-008
    252.15072   1.70832209E-008
    252.25075   1.80595720E-008
    252.35078   1.92416135E-008
    252.45082   2.06426455E-008
    252.55085   2.22781200E-008
    252.65088   2.41657818E-008
    252.75092   2.63258289E-008
    252.85095   2.87810910E-008
    252.95098   3.15572308E-008
    253.05102   3.46829658E-008
    253.15105   3.81903160E-008
    253.25108   4.21148750E-008
    253.35112   4.64961105E-008
    253.45115   5.13776925E-008
    253.55118   5.68078542E-008
    253.65122   6.28397856E-008
    253.75125   6.95320644E-008
    253.85128   7.69491253E-008
    253.95132   8.51617713E-008
    254.05135   9.42477302E-008
    254.15138   1.04292260E-007
    254.25142   1.15388804E-007
    254.35145   1.27639707E-007
    254.45148   1.41156986E-007
    254.55152   1.56063166E-007
    254.65155   1.72492193E-007
    254.75158   1.90590410E-007
    254.85162   2.10517618E-007
    254.95165   2.32448230E-007
    255.05168   2.56572501E-007
    255.15172   2.83097875E-007
    255.25175   3.12250418E-007
    255.35178   3.44276385E-007
    255.45182   3.79443891E-007
    255.55185   4.18044721E-007
    255.65188   4.60396273E-007
    255.75192   5.06843657E-007
    255.85195   5.57761944E-007
    255.95198   6.13558590E-007
    256.05202   6.74676035E-007
    256.15205   7.41594502E-007
    256.25208   8.14834997E-007
    256.35212   8.94962526E-007
    256.45215   9.82589551E-007
    256.55218   1.07837969E-006
    256.65222   1.18305168E-006
    256.75225   1.29738364E-006
    256.85228   1.42221758E-006
    256.95232   1.55846433E-006
    257.05235   1.70710865E-006
    257.15238   1.86921489E-006
    257.25242   2.04593286E-006
    257.35245   2.23850419E-006
    257.45248   2.44826911E-006
    257.55252   2.67667367E-006
    257.65255   2.92527744E-006
    257.75258   3.19576172E-006
    257.85262   3.48993827E-006
    257.95265   3.80975864E-006
    258.05268   4.15732406E-006
    258.15272   4.53489601E-006
    258.25275   4.94490739E-006
    258.35278   5.38997446E-006
    258.45282   5.87290946E-006
    258.55285   6.39673408E-006
    258.65288   6.96469367E-006
    258.75292   7.58027241E-006
    258.85295   8.24720927E-006
    258.95298   8.96951505E-006
    259.05302   9.75149034E-006
    259.15305   1.05977446E-005
    259.25308   1.15132161E-005
    259.35312   1.25031936E-005
    259.45315   1.35733387E-005
    259.55318   1.47297092E-005
    259.65322   1.59787852E-005
    259.75325   1.73274945E-005
    259.85328   1.87832415E-005
    259.95332   2.03539361E-005
    260.05335   2.20480250E-005
    260.15338   2.38745245E-005
    260.25342   2.58430550E-005
    260.35345   2.79638770E-005
    260.45348   3.02479295E-005
    260.55352   3.27068703E-005
    260.65355   3.53531174E-005
    260.75358   3.81998944E-005
    260.85362   4.12612757E-005
    260.95365   4.45522362E-005
    261.05368   4.80887020E-005
    261.15372   5.18876040E-005
    261.25375   5.59669339E-005
    261.35378   6.03458030E-005
    261.45382   6.50445039E-005
    261.55385   7.00845741E-005
    261.65388   7.54888639E-005
    261.75392   8.12816062E-005
    261.85395   8.74884897E-005
    261.95398   9.41367355E-005
    262.05402   1.01255177E-004
    262.15405   1.08874342E-004
    262.25408   1.17026541E-004
    262.35412   1.25745956E-004
    262.45415   1.35068736E-004
    262.55418   1.45033091E-004
    262.65422   1.55679397E-004
    262.75425   1.67050303E-004
    262.85428   1.79190832E-004
    262.95432   1.92148506E-004
    263.05435   2.05973454E-004
    263.15438   2.20718541E-004
    263.25442   2.36439490E-004
    263.35445   2.53195016E-004
    263.45448   2.71046957E-004
    263.55452   2.90060420E-004
    263.65455   3.10303924E-004
    263.75458   3.31849544E-004
    263.85462   3.54773074E-004
    263.95465   3.79154178E-004
    264.05468   4.05076563E-004
    264.15472   4.32628137E-004
    264.25475   4.61901193E-004
    264.35478   4.92992582E-004
    264.45482   5.26003898E-004
    264.55485   5.61041670E-004
    264.65488   5.98217552E-004
    264.75492   6.37648523E-004
    264.85495   6.79457093E-004
    264.95498   7.23771510E-004
    265.05502   7.70725976E-004
    265.15505   8.20460863E-004
    265.25509   8.73122939E-004
    265.35512   9.28865593E-004
    265.45515   9.87849075E-004
    265.55519   1.05024073E-003
    265.65522   1.11621522E-003
    265.75525   1.18595483E-003
    265.85529   1.25964963E-003
    265.95532   1.33749782E-003
    266.05535   1.41970592E-003
    266.15539   1.50648906E-003
    266.25542   1.59807126E-003
    266.35545   1.69468567E-003
    266.45549   1.79657485E-003
    266.55552   1.90399106E-003
    266.65555   2.01719652E-003
    266.75559   2.13646370E-003
    266.85562   2.26207558E-003
    266.95565   2.39432597E-003
    267.05569   2.53351975E-003
    267.15572   2.67997318E-003
    267.25575   2.83401420E-003
    267.35579   2.99598266E-003
    267.45582   3.16623066E-003
    267.55585   3.34512281E-003
    267.65589   3.53303650E-003
    267.75592   3.73036221E-003
    267.85595   3.93750375E-003
    267.95599   4.15487857E-003
    268.05602   4.38291799E-003
    268.15605   4.62206751E-003
    268.25609   4.87278705E-003
    268.35612   5.13555118E-003
    268.45615   5.41084943E-003
    268.55619   5.69918649E-003
    268.65622   6.00108243E-003
    268.75625   6.31707300E-003
    268.85629   6.64770976E-003
    268.95632   6.99356035E-003
    269.05635   7.35520867E-003
    269.15639   7.73325507E-003
    269.25642   8.12831652E-003
    269.35645   8.54102678E-003
    269.45649   8.97203654E-003
    269.55652   9.42201359E-003
    269.65655   9.89164288E-003
    269.75659   1.03816267E-002
    269.85662   1.08926847E-002
    269.95665   1.14255539E-002
    270.05669   1.19809891E-002
    270.15672   1.25597623E-002
    270.25675   1.31626634E-002
    270.35679   1.37904995E-002
    270.45682   1.44440954E-002
    270.55685   1.51242935E-002
    270.65689   1.58319533E-002
    270.75692   1.65679518E-002
    270.85695   1.73331830E-002
    270.95699   1.81285580E-002
    271.05702   1.89550048E-002
    271.15705   1.98134679E-002
    271.25709   2.07049082E-002
    271.35712   2.16303027E-002
    271.45715   2.25906443E-002
    271.55719   2.35869413E-002
    271.65722   2.46202173E-002
    271.75725   2.56915106E-002
    271.85729   2.68018736E-002
    271.95732   2.79523730E-002
    272.05735   2.91440884E-002
    272.15739   3.03781128E-002
    272.25742   3.16555510E-002
    272.35745   3.29775198E-002
    272.45749   3.43451471E-002
    272.55752   3.57595711E-002
    272.65755   3.72219398E-002
    272.75759   3.87334102E-002
    272.85762   4.02951474E-002
    272.95765   4.19083240E-002
    273.05769   4.35741192E-002
    273.15772   4.52937176E-002
    273.25775   4.70683089E-002
    273.35779   4.88990864E-002
    273.45782   5.07872462E-002
    273.55785   5.27339862E-002
    273.65789   5.47405049E-002
    273.75792   5.68080005E-002
    273.85795   5.89376696E-002
    273.95799   6.11307061E-002
    274.05802   6.33883000E-002
    274.15805   6.57116359E-002
    274.25809   6.81018923E-002
    274.35812   7.05602397E-002
    274.45815   7.30878396E-002
    274.55819   7.56858429E-002
    274.65822   7.83553890E-002
    274.75825   8.10976035E-002
    274.85829   8.39135977E-002
    274.95832   8.68044664E-002
    275.05835   8.97712869E-002
    275.15839   9.28151171E-002
    275.25842   9.59369942E-002
    275.35845   9.91379330E-002
    275.45849   1.02418924E-001
    275.55852   1.05780933E-001
    275.65855   1.09224899E-001
    275.75859   1.12751729E-001
    275.85862   1.16362304E-001
    275.95865   1.20057470E-001
    276.05869   1.23838040E-001
    276.15872   1.27704792E-001
    276.25875   1.31658467E-001
    276.35879   1.35699767E-001
    276.45882   1.39829353E-001
    276.55885   1.44047845E-001
    276.65889   1.48355818E-001
    276.75892   1.52753803E-001
    276.85895   1.57242283E-001
    276.95899   1.61821695E-001
    277.05902   1.66492421E-001
    277.15905   1.71254796E-001
    277.25909   1.76109099E-001
    277.35912   1.81055554E-001
    277.45915   1.86094331E-001
    277.55919   1.91225539E-001
    277.65922   1.96449231E-001
    277.75925   2.01765396E-001
    277.85929   2.07173963E-001
    277.95932   2.12674798E-001
    278.05935   2.18267700E-001
    278.15939   2.23952405E-001
    278.25942   2.29728578E-001
    278.35945   2.35595820E-001
    278.45949   2.41553660E-001
    278.55952   2.47601556E-001
    278.65955   2.53738898E-001
    278.75959   2.59964999E-001
    278.85962   2.66279102E-001
    278.95965   2.72680376E-001
    279.05969   2.79167914E-001
    279.15972   2.85740733E-001
    279.25975   2.92397776E-001
    279.35979   2.99137908E-001
    279.45982   3.05959919E-001
    279.55985   3.12862518E-001
    279.65989   3.19844342E-001
    279.75992   3.26903944E-001
    279.85995   3.34039804E-001
    279.95999   3.41250322E-001
    280.06002   3.48533820E-001
    280.16005   3.55888543E-001
    280.26009   3.63312659E-001
    280.36012   3.70804257E-001
    280.46015   3.78361350E-001
    280.56019   3.85981876E-001
    280.66022   3.93663695E-001
    280.76025   4.01404595E-001
    280.86029   4.09202287E-001
    280.96032   4.17054411E-001
    281.06035   4.24958531E-001
    281.16039   4.32912144E-001
    281.26042   4.40912673E-001
    281.36045   4.48957475E-001
    281.46049   4.57043838E-001
    281.56052   4.65168982E-001
    281.66055   4.73330066E-001
    281.76059   4.81524183E-001
    281.86062   4.89748365E-001
    281.96065   4.97999586E-001
    282.06069   5.06274758E-001
    282.16072   5.14570743E-001
    282.26075   5.22884344E-001
    282.36079   5.31212315E-001
    282.46082   5.39551359E-001
    282.56085   5.47898133E-001
    282.66089   5.56249248E-001
    282.76092   5.64601273E-001
    282.86095   5.72950736E-001
    282.96099   5.81294128E-001
    283.06102   5.89627906E-001
    283.16105   5.97948494E-001
    283.26109   6.06252285E-001
    283.36112   6.14535648E-001
    283.46115   6.22794927E-001
    283.56119   6.31026445E-001
    283.66122   6.39226506E-001
    283.76125   6.47391401E-001
    283.86129   6.55517408E-001
    283.96132   6.63600795E-001
    284.06135   6.71637827E-001
    284.16139   6.79624765E-001
    284.26142   6.87557869E-001
    284.36145   6.95433405E-001
    284.46149   7.03247645E-001
    284.56152   7.10996872E-001
    284.66155   7.18677382E-001
    284.76159   7.26285486E-001
    284.86162   7.33817519E-001
    284.96165   7.41269834E-001
    285.06169   7.48638815E-001
    285.16172   7.55920873E-001
    285.26175   7.63112454E-001
    285.36179   7.70210038E-001
    285.46182   7.77210145E-001
    285.56185   7.84109340E-001
    285.66189   7.90904229E-001
    285.76192   7.97591470E-001
    285.86195   8.04167773E-001
    285.96199   8.10629902E-001
    286.06202   8.16974679E-001
    286.16205   8.23198986E-001
    286.26209   8.29299770E-001
    286.36212   8.35274044E-001
    286.46215   8.41118891E-001
    286.56219   8.46831466E-001
    286.66222   8.52408997E-001
    286.76225   8.57848792E-001
    286.86229   8.63148237E-001
    286.96232   8.68304802E-001
    287.06235   8.73316039E-001
    287.16239   8.78179591E-001
    287.26242   8.82893186E-001
    287.36245   8.87454646E-001
    287.46249   8.91861886E-001
    287.56252   8.96112915E-001
    287.66255   9.00205842E-001
    287.76259   9.04138873E-001
    287.86262   9.07910313E-001
    287.96265   9.11518574E-001
    288.06269   9.14962167E-001
    288.16272   9.18239710E-001
    288.26275   9.21349927E-001
    288.36279   9.24291652E-001
    288.46282   9.27063823E-001
    288.56285   9.29665490E-001
    288.66289   9.32095815E-001
    288.76292   9.34354068E-001
    288.86295   9.36439632E-001
    288.96299   9.38352003E-001
    289.06302   9.40090788E-001
    289.16305   9.41655709E-001
    289.26309   9.43046601E-001
    289.36312   9.44263409E-001
    289.46315   9.45306196E-001
    289.56319   9.46175135E-001
    289.66322   9.46870512E-001
    289.76325   9.47392728E-001
    289.86329   9.47742292E-001
    289.96332   9.47919829E-001
    290.06335   9.47926071E-001
    290.16339   9.47761862E-001
    290.26342   9.47428156E-001
    290.36345   9.46926014E-001
    290.46349   9.46256603E-001
    290.56352   9.45421199E-001
    290.66355   9.44421181E-001
    290.76359   9.43258032E-001
    290.86362   9.41933335E-001
    290.96365   9.40448777E-001
    291.06369   9.38806141E-001
    291.16372   9.37007308E-001
    291.26375   9.35054254E-001
    291.36379   9.32949050E-001
    291.46382   9.30693857E-001
    291.56385   9.28290925E-001
    291.66389   9.25742594E-001
    291.76392   9.23051286E-001
    291.86395   9.20219509E-001
    291.96399   9.17249849E-001
    292.06402   9.14144973E-001
    292.16405   9.10907622E-001
    292.26409   9.07540612E-001
    292.36412   9.04046829E-001
    292.46415   9.00429227E-001
    292.56419   8.96690827E-001
    292.66422   8.92834714E-001
    292.76425   8.88864031E-001
    292.86429   8.84781980E-001
    292.96432   8.80591819E-001
    293.06435   8.76296856E-001
    293.16439   8.71900451E-001
    293.26442   8.67406008E-001
    293.36445   8.62816976E-001
    293.46449   8.58136844E-001
    293.56452   8.53369141E-001
    293.66455   8.48517428E-001
    293.76459   8.43585301E-001
    293.86462   8.38576382E-001
    293.96465   8.33494322E-001
    294.06469   8.28342793E-001
    294.16472   8.23125489E-001
    294.26475   8.17846121E-001
    294.36479   8.12508414E-001
    294.46482   8.07116105E-001
    294.56485   8.01672939E-001
    294.66489   7.96182669E-001
    294.76492   7.90649048E-001
    294.86495   7.85075831E-001
    294.96499   7.79466770E-001
    295.06502   7.73825612E-001
    295.16506   7.68156094E-001
    295.26509   7.62461944E-001
    295.36512   7.56746876E-001
    295.46516   7.51014588E-001
    295.56519   7.45268757E-001
    295.66522   7.39513042E-001
    295.76526   7.33751075E-001
    295.86529   7.27986463E-001
    295.96532   7.22222784E-001
    296.06536   7.16463583E-001
    296.16539   7.10712374E-001
    296.26542   7.04972634E-001
    296.36546   6.99247800E-001
    296.46549   6.93541271E-001
    296.56552   6.87856402E-001
    296.66556   6.82196503E-001
    296.76559   6.76564839E-001
    296.86562   6.70964623E-001
    296.96566   6.65399022E-001
    297.06569   6.59871145E-001
    297.16572   6.54384052E-001
    297.26576   6.48940742E-001
    297.36579   6.43544161E-001
    297.46582   6.38197191E-001
    297.56586   6.32902656E-001
    297.66589   6.27663317E-001
    297.76592   6.22481870E-001
    297.86596   6.17360947E-001
    297.96599   6.12303113E-001
    298.06602   6.07310864E-001
    298.16606   6.02386629E-001
    298.26609   5.97532765E-001
    298.36612   5.92751559E-001
    298.46616   5.88045226E-001
    298.56619   5.83415906E-001
    298.66622   5.78865666E-001
    298.76626   5.74396500E-001
    298.86629   5.70010324E-001
    298.96632   5.65708978E-001
    299.06636   5.61494227E-001
    299.16639   5.57367757E-001
    299.26642   5.53331176E-001
    299.36646   5.49386016E-001
    299.46649   5.45533727E-001
    299.56652   5.41775683E-001
    299.66656   5.38113176E-001
    299.76659   5.34547422E-001
    299.86662   5.31079555E-001
    299.96666   5.27710630E-001
    300.06669   5.24441623E-001
    300.16672   5.21273429E-001
    300.26676   5.18206867E-001
    300.36679   5.15242671E-001
    300.46682   5.12381502E-001
    300.56686   5.09623939E-001
    300.66689   5.06970483E-001
    300.76692   5.04421556E-001
    300.86696   5.01977504E-001
    300.96699   4.99638595E-001
    301.06702   4.97405021E-001
    301.16706   4.95276896E-001
    301.26709   4.93254261E-001
    301.36712   4.91337080E-001
    301.46716   4.89525244E-001
    301.56719   4.87818569E-001
    301.66722   4.86216802E-001
    301.76726   4.84719613E-001
    301.86729   4.83326607E-001
    301.96732   4.82037313E-001
    302.06736   4.80851194E-001
    302.16739   4.79767647E-001
    302.26742   4.78785997E-001
    302.36746   4.77905506E-001
    302.46749   4.77125371E-001
    302.56752   4.76444725E-001
    302.66756   4.75862637E-001
    302.76759   4.75378116E-001
    302.86762   4.74990111E-001
    302.96766   4.74697509E-001
    303.06769   4.74499144E-001
    303.16772   4.74393789E-001
    303.26776   4.74380164E-001
    303.36779   4.74456936E-001
    303.46782   4.74622717E-001
    303.56786   4.74876069E-001
    303.66789   4.75215506E-001
    303.76792   4.75639492E-001
    303.86796   4.76146444E-001
    303.96799   4.76734735E-001
    304.06802   4.77402692E-001
    304.16806   4.78148601E-001
    304.26809   4.78970708E-001
    304.36812   4.79867218E-001
    304.46816   4.80836298E-001
    304.56819   4.81876081E-001
    304.66822   4.82984662E-001
    304.76826   4.84160105E-001
    304.86829   4.85400442E-001
    304.96832   4.86703674E-001
    305.06836   4.88067775E-001
    305.16839   4.89490690E-001
    305.26842   4.90970341E-001
    305.36846   4.92504625E-001
    305.46849   4.94091416E-001
    305.56852   4.95728569E-001
    305.66856   4.97413920E-001
    305.76859   4.99145285E-001
    305.86862   5.00920468E-001
    305.96866   5.02737255E-001
    306.06869   5.04593422E-001
    306.16872   5.06486733E-001
    306.26876   5.08414941E-001
    306.36879   5.10375794E-001
    306.46882   5.12367031E-001
    306.56886   5.14386387E-001
    306.66889   5.16431593E-001
    306.76892   5.18500379E-001
    306.86896   5.20590474E-001
    306.96899   5.22699608E-001
    307.06902   5.24825513E-001
    307.16906   5.26965926E-001
    307.26909   5.29118589E-001
    307.36912   5.31281252E-001
    307.46916   5.33451671E-001
    307.56919   5.35627614E-001
    307.66922   5.37806857E-001
    307.76926   5.39987192E-001
    307.86929   5.42166423E-001
    307.96932   5.44342369E-001
    308.06936   5.46512864E-001
    308.16939   5.48675763E-001
    308.26942   5.50828937E-001
    308.36946   5.52970278E-001
    308.46949   5.55097699E-001
    308.56952   5.57209136E-001
    308.66956   5.59302548E-001
    308.76959   5.61375919E-001
    308.86962   5.63427260E-001
    308.96966   5.65454606E-001
    309.06969   5.67456023E-001
    309.16972   5.69429603E-001
    309.26976   5.71373472E-001
    309.36979   5.73285782E-001
    309.46982   5.75164721E-001
    309.56986   5.77008508E-001
    309.66989   5.78815394E-001
    309.76992   5.80583668E-001
    309.86996   5.82311651E-001
    309.96999   5.83997702E-001
    310.07002   5.85640216E-001
    310.17006   5.87237625E-001
    310.27009   5.88788401E-001
    310.37012   5.90291053E-001
    310.47016   5.91744130E-001
    310.57019   5.93146222E-001
    310.67022   5.94495957E-001
    310.77026   5.95792007E-001
    310.87029   5.97033085E-001
    310.97032   5.98217944E-001
    311.07036   5.99345382E-001
    311.17039   6.00414238E-001
    311.27042   6.01423397E-001
    311.37046   6.02371783E-001
    311.47049   6.03258369E-001
    311.57052   6.04082168E-001
    311.67056   6.04842240E-001
    311.77059   6.05537687E-001
    311.87062   6.06167659E-001
    311.97066   6.06731349E-001
    312.07069   6.07227993E-001
    312.17072   6.07656876E-001
    312.27076   6.08017326E-001
    312.37079   6.08308714E-001
    312.47082   6.08530461E-001
    312.57086   6.08682028E-001
    312.67089   6.08762923E-001
    312.77092   6.08772700E-001
    312.87096   6.08710955E-001
    312.97099   6.08577331E-001
    313.07102   6.08371513E-001
    313.17106   6.08093231E-001
    313.27109   6.07742259E-001
    313.37112   6.07318414E-001
    313.47116   6.06821557E-001
    313.57119   6.06251590E-001
    313.67122   6.05608459E-001
    313.77126   6.04892151E-001
    313.87129   6.04102696E-001
    313.97132   6.03240165E-001
    314.07136   6.02304667E-001
    314.17139   6.01296355E-001
    314.27142   6.00215419E-001
    314.37146   5.99062090E-001
    314.47149   5.97836637E-001
    314.57152   5.96539365E-001
    314.67156   5.95170620E-001
    314.77159   5.93730783E-001
    314.87162   5.92220272E-001
    314.97166   5.90639538E-001
    315.07169   5.88989070E-001
    315.17172   5.87269390E-001
    315.27176   5.85481055E-001
    315.37179   5.83624651E-001
    315.47182   5.81700799E-001
    315.57186   5.79710153E-001
    315.67189   5.77653393E-001
    315.77192   5.75531232E-001
    315.87196   5.73344412E-001
    315.97199   5.71093701E-001
    316.07202   5.68779898E-001
    316.17206   5.66403825E-001
    316.27209   5.63966332E-001
    316.37212   5.61468294E-001
    316.47216   5.58910609E-001
    316.57219   5.56294199E-001
    316.67222   5.53620009E-001
    316.77226   5.50889006E-001
    316.87229   5.48102175E-001
    316.97232   5.45260525E-001
    317.07236   5.42365080E-001
    317.17239   5.39416886E-001
    317.27242   5.36417005E-001
    317.37246   5.33366513E-001
    317.47249   5.30266507E-001
    317.57252   5.27118093E-001
    317.67256   5.23922395E-001
    317.77259   5.20680548E-001
    317.87262   5.17393701E-001
    317.97266   5.14063013E-001
    318.07269   5.10689653E-001
    318.17272   5.07274802E-001
    318.27276   5.03819648E-001
    318.37279   5.00325388E-001
    318.47282   4.96793225E-001
    318.57286   4.93224370E-001
    318.67289   4.89620038E-001
    318.77292   4.85981450E-001
    318.87296   4.82309831E-001
    318.97299   4.78606409E-001
    319.07302   4.74872413E-001
    319.17306   4.71109076E-001
    319.27309   4.67317631E-001
    319.37312   4.63499311E-001
    319.47316   4.59655348E-001
    319.57319   4.55786974E-001
    319.67322   4.51895417E-001
    319.77326   4.47981906E-001
    319.87329   4.44047662E-001
    319.97332   4.40093905E-001
    320.07336   4.36121850E-001
    320.17339   4.32132707E-001
    320.27342   4.28127677E-001
    320.37346   4.24107959E-001
    320.47349   4.20074742E-001
    320.57352   4.16029208E-001
    320.67356   4.11972529E-001
    320.77359   4.07905872E-001
    320.87362   4.03830390E-001
    320.97366   3.99747230E-001
    321.07369   3.95657526E-001
    321.17372   3.91562402E-001
    321.27376   3.87462970E-001
    321.37379   3.83360332E-001
    321.47382   3.79255574E-001
    321.57386   3.75149774E-001
    321.67389   3.71043992E-001
    321.77392   3.66939278E-001
    321.87396   3.62836666E-001
    321.97399   3.58737176E-001
    322.07402   3.54641815E-001
    322.17406   3.50551573E-001
    322.27409   3.46467425E-001
    322.37412   3.42390332E-001
    322.47416   3.38321236E-001
    322.57419   3.34261065E-001
    322.67422   3.30210730E-001
    322.77426   3.26171127E-001
    322.87429   3.22143132E-001
    322.97432   3.18127606E-001
    323.07436   3.14125391E-001
    323.17439   3.10137314E-001
    323.27442   3.06164182E-001
    323.37446   3.02206786E-001
    323.47449   2.98265898E-001
    323.57452   2.94342272E-001
    323.67456   2.90436643E-001
    323.77459   2.86549731E-001
    323.87462   2.82682233E-001
    323.97466   2.78834832E-001
    324.07469   2.75008190E-001
    324.17472   2.71202951E-001
    324.27476   2.67419741E-001
    324.37479   2.63659167E-001
    324.47482   2.59921818E-001
    324.57486   2.56208264E-001
    324.67489   2.52519057E-001
    324.77492   2.48854730E-001
    324.87496   2.45215799E-001
    324.97499   2.41602759E-001
    325.07503   2.38016090E-001
    325.17506   2.34456251E-001
    325.27509   2.30923686E-001
    325.37513   2.27418818E-001
    325.47516   2.23942055E-001
    325.57519   2.20493784E-001
    325.67523   2.17074377E-001
    325.77526   2.13684187E-001
    325.87529   2.10323552E-001
    325.97533   2.06992791E-001
    326.07536   2.03692205E-001
    326.17539   2.00422081E-001
    326.27543   1.97182687E-001
    326.37546   1.93974276E-001
    326.47549   1.90797084E-001
    326.57553   1.87651331E-001
    326.67556   1.84537222E-001
    326.77559   1.81454945E-001
    326.87563   1.78404673E-001
    326.97566   1.75386566E-001
    327.07569   1.72400765E-001
    327.17573   1.69447400E-001
    327.27576   1.66526583E-001
    327.37579   1.63638416E-001
    327.47583   1.60782983E-001
    327.57586   1.57960357E-001
    327.67589   1.55170595E-001
    327.77593   1.52413744E-001
    327.87596   1.49689834E-001
    327.97599   1.46998885E-001
    328.07603   1.44340905E-001
    328.17606   1.41715888E-001
    328.27609   1.39123816E-001
    328.37613   1.36564661E-001
    328.47616   1.34038382E-001
    328.57619   1.31544928E-001
    328.67623   1.29084236E-001
    328.77626   1.26656233E-001
    328.87629   1.24260835E-001
    328.97633   1.21897950E-001
    329.07636   1.19567473E-001
    329.17639   1.17269293E-001
    329.27643   1.15003286E-001
    329.37646   1.12769322E-001
    329.47649   1.10567262E-001
    329.57653   1.08396955E-001
    329.67656   1.06258247E-001
    329.77659   1.04150973E-001
    329.87663   1.02074960E-001
    329.97666   1.00030030E-001
    330.07669   9.80159947E-002
    330.17673   9.60326617E-002
    330.27676   9.40798305E-002
    330.37679   9.21572945E-002
    330.47683   9.02648412E-002
    330.57686   8.84022518E-002
    330.67689   8.65693023E-002
    330.77693   8.47657629E-002
    330.87696   8.29913991E-002
    330.97699   8.12459710E-002
    331.07703   7.95292345E-002
    331.17706   7.78409405E-002
    331.27709   7.61808363E-002
    331.37713   7.45486646E-002
    331.47716   7.29441648E-002
    331.57719   7.13670725E-002
    331.67723   6.98171200E-002
    331.77726   6.82940364E-002
    331.87729   6.67975480E-002
    331.97733   6.53273783E-002
    332.07736   6.38832484E-002
    332.17739   6.24648768E-002
    332.27743   6.10719802E-002
    332.37746   5.97042730E-002
    332.47749   5.83614682E-002
    332.57753   5.70432770E-002
    332.67756   5.57494092E-002
    332.77759   5.44795735E-002
    332.87763   5.32334774E-002
    332.97766   5.20108275E-002
    333.07769   5.08113297E-002
    333.17773   4.96346895E-002
    333.27776   4.84806117E-002
    333.37779   4.73488009E-002
    333.47783   4.62389617E-002
    333.57786   4.51507986E-002
    333.67789   4.40840162E-002
    333.77793   4.30383196E-002
    333.87796   4.20134139E-002
    333.97799   4.10090053E-002
    334.07803   4.00248001E-002
    334.17806   3.90605058E-002
    334.27809   3.81158306E-002
    334.37813   3.71904836E-002
    334.47816   3.62841753E-002
    334.57819   3.53966171E-002
    334.67823   3.45275220E-002
    334.77826   3.36766041E-002
    334.87829   3.28435794E-002
    334.97833   3.20281650E-002
    335.07836   3.12300801E-002
    335.17839   3.04490454E-002
    335.27843   2.96847836E-002
    335.37846   2.89370191E-002
    335.47849   2.82054785E-002
    335.57853   2.74898904E-002
    335.67856   2.67899854E-002
    335.77859   2.61054963E-002
    335.87863   2.54361583E-002
    335.97866   2.47817088E-002
    336.07869   2.41418874E-002
    336.17873   2.35164362E-002
    336.27876   2.29050999E-002
    336.37879   2.23076255E-002
    336.47883   2.17237626E-002
    336.57886   2.11532633E-002
    336.67889   2.05958823E-002
    336.77893   2.00513771E-002
    336.87896   1.95195077E-002
    336.97899   1.90000369E-002
    337.07903   1.84927301E-002
    337.17906   1.79973557E-002
    337.27909   1.75136845E-002
    337.37913   1.70414903E-002
    337.47916   1.65805499E-002
    337.57919   1.61306425E-002
    337.67923   1.56915504E-002
    337.77926   1.52630588E-002
    337.87929   1.48449556E-002
    337.97933   1.44370316E-002
    338.07936   1.40390804E-002
    338.17939   1.36508988E-002
    338.27943   1.32722860E-002
    338.37946   1.29030443E-002
    338.47949   1.25429791E-002
    338.57953   1.21918982E-002
    338.67956   1.18496126E-002
    338.77959   1.15159362E-002
    338.87963   1.11906854E-002
    338.97966   1.08736798E-002
    339.07969   1.05647416E-002
    339.17973   1.02636961E-002
    339.27976   9.97037105E-003
    339.37979   9.68459725E-003
    339.47983   9.40620820E-003
    339.57986   9.13504017E-003
    339.67989   8.87093218E-003
    339.77993   8.61372599E-003
    339.87996   8.36326607E-003
    339.97999   8.11939956E-003
    340.08003   7.88197631E-003
    340.18006   7.65084879E-003
    340.28009   7.42587213E-003
    340.38013   7.20690404E-003
    340.48016   6.99380484E-003
    340.58019   6.78643738E-003
    340.68023   6.58466707E-003
    340.78026   6.38836182E-003
    340.88029   6.19739203E-003
    340.98033   6.01163056E-003
    341.08036   5.83095270E-003
    341.18039   5.65523614E-003
    341.28043   5.48436096E-003
    341.38046   5.31820958E-003
    341.48049   5.15666676E-003
    341.58053   4.99961953E-003
    341.68056   4.84695720E-003
    341.78059   4.69857133E-003
    341.88063   4.55435566E-003
    341.98066   4.41420612E-003
    342.08069   4.27802081E-003
    342.18073   4.14569992E-003
    342.28076   4.01714575E-003
    342.38079   3.89226266E-003
    342.48083   3.77095702E-003
    342.58086   3.65313723E-003
    342.68089   3.53871364E-003
    342.78093   3.42759856E-003
    342.88096   3.31970619E-003
    342.98099   3.21495265E-003
    343.08103   3.11325586E-003
    343.18106   3.01453560E-003
    343.28109   2.91871343E-003
    343.38113   2.82571269E-003
    343.48116   2.73545843E-003
    343.58119   2.64787742E-003
    343.68123   2.56289810E-003
    343.78126   2.48045057E-003
    343.88129   2.40046653E-003
    343.98133   2.32287928E-003
    344.08136   2.24762368E-003
    344.18139   2.17463613E-003
    344.28143   2.10385452E-003
    344.38146   2.03521824E-003
    344.48149   1.96866811E-003
    344.58153   1.90414638E-003
    344.68156   1.84159670E-003
    344.78159   1.78096409E-003
    344.88163   1.72219490E-003
    344.98166   1.66523682E-003
    345.08169   1.61003881E-003
    345.18173   1.55655111E-003
    345.28176   1.50472518E-003
    345.38179   1.45451373E-003
    345.48183   1.40587062E-003
    345.58186   1.35875089E-003
    345.68189   1.31311075E-003
    345.78193   1.26890749E-003
    345.88196   1.22609950E-003
    345.98199   1.18464627E-003
    346.08203   1.14450831E-003
    346.18206   1.10564716E-003
    346.28209   1.06802537E-003
    346.38213   1.03160647E-003
    346.48216   9.96354962E-004
    346.58219   9.62236261E-004
    346.68223   9.29216720E-004
    346.78226   8.97263585E-004
    346.88229   8.66344977E-004
    346.98233   8.36429877E-004
    347.08236   8.07488102E-004
    347.18239   7.79490289E-004
    347.28243   7.52407874E-004
    347.38246   7.26213073E-004
    347.48249   7.00878865E-004
    347.58253   6.76378974E-004
    347.68256   6.52687852E-004
    347.78259   6.29780659E-004
    347.88263   6.07633247E-004
    347.98266   5.86222146E-004
    348.08269   5.65524544E-004
    348.18273   5.45518272E-004
    348.28276   5.26181791E-004
    348.38279   5.07494170E-004
    348.48283   4.89435077E-004
    348.58286   4.71984764E-004
    348.68289   4.55124046E-004
    348.78293   4.38834295E-004
    348.88296   4.23097418E-004
    348.98299   4.07895852E-004
    349.08303   3.93212542E-004
    349.18306   3.79030933E-004
    349.28309   3.65334955E-004
    349.38313   3.52109013E-004
    349.48316   3.39337970E-004
    349.58319   3.27007140E-004
    349.68323   3.15102273E-004
    349.78326   3.03609544E-004
    349.88329   2.92515541E-004
    349.98333   2.81807258E-004
    350.08336   2.71472076E-004
    350.18339   2.61497763E-004
    350.28343   2.51872454E-004
    350.38346   2.42584646E-004
    350.48349   2.33623188E-004
    350.58353   2.24977271E-004
    350.68356   2.16636415E-004
    350.78359   2.08590466E-004
    350.88363   2.00829584E-004
    350.98366   1.93344230E-004
    351.08369   1.86125167E-004
    351.18373   1.79163443E-004
    351.28376   1.72450385E-004
    351.38379   1.65977596E-004
    351.48383   1.59736940E-004
    351.58386   1.53720539E-004
    351.68389   1.47920764E-004
    351.78393   1.42330230E-004
    351.88396   1.36941783E-004
    351.98399   1.31748503E-004
    352.08403   1.26743686E-004
    352.18406   1.21920848E-004
    352.28409   1.17273711E-004
    352.38413   1.12796201E-004
    352.48416   1.08482440E-004
    352.58419   1.04326741E-004
    352.68423   1.00323602E-004
    352.78426   9.64677021E-005
    352.88429   9.27538927E-005
    352.98433   8.91771953E-005
    353.08436   8.57327951E-005
    353.18439   8.24160360E-005
    353.28443   7.92224162E-005
    353.38446   7.61475833E-005
    353.48449   7.31873294E-005
    353.58453   7.03375873E-005
    353.68456   6.75944256E-005
    353.78459   6.49540447E-005
    353.88463   6.24127728E-005
    353.98466   5.99670618E-005
    354.08469   5.76134834E-005
    354.18473   5.53487254E-005
    354.28476   5.31695882E-005
    354.38479   5.10729810E-005
    354.48483   4.90559184E-005
    354.58486   4.71155171E-005
    354.68489   4.52489928E-005
    354.78493   4.34536568E-005
    354.88496   4.17269130E-005
    354.98499   4.00662550E-005
    355.08503   3.84692631E-005
    355.18506   3.69336018E-005
    355.28510   3.54570165E-005
    355.38513   3.40373314E-005
    355.48516   3.26724467E-005
    355.58520   3.13603360E-005
    355.68523   3.00990443E-005
    355.78526   2.88866852E-005
    355.88530   2.77214389E-005
    355.98533   2.66015498E-005
    356.08536   2.55253247E-005
    356.18540   2.44911304E-005
    356.28543   2.34973917E-005
    356.38546   2.25425899E-005
    356.48550   2.16252602E-005
    356.58553   2.07439906E-005
    356.68556   1.98974196E-005
    356.78560   1.90842346E-005
    356.88563   1.83031706E-005
    356.98566   1.75530081E-005
    357.08570   1.68325719E-005
    357.18573   1.61407292E-005
    357.28576   1.54763887E-005
    357.38580   1.48384986E-005
    357.48583   1.42260458E-005
    357.58586   1.36380539E-005
    357.68590   1.30735827E-005
    357.78593   1.25317262E-005
    357.88596   1.20116119E-005
    357.98600   1.15123996E-005
    358.08603   1.10332801E-005
    358.18606   1.05734740E-005
    358.28610   1.01322310E-005
    358.38613   9.70882881E-006
    358.48616   9.30257179E-006
    358.58620   8.91279046E-006
    358.68623   8.53884033E-006
    358.78626   8.18010109E-006
    358.88630   7.83597572E-006
    358.98633   7.50588967E-006
    359.08636   7.18929006E-006
    359.18640   6.88564490E-006
    359.28643   6.59444233E-006
    359.38646   6.31518990E-006
    359.48650   6.04741389E-006
    359.58653   5.79065858E-006
    359.68656   5.54448567E-006
    359.78660   5.30847359E-006
    359.88663   5.08221690E-006
    359.98666   4.86532573E-006
    360.08670   4.65742518E-006
    360.18673   4.45815477E-006
    360.28676   4.26716796E-006
    360.38680   4.08413155E-006
    360.48683   3.90872528E-006
    360.58686   3.74064127E-006
    360.68690   3.57958364E-006
    360.78693   3.42526799E-006
    360.88696   3.27742102E-006
    360.98700   3.13578011E-006
    361.08703   3.00009290E-006
    361.18706   2.87011694E-006
    361.28710   2.74561927E-006
    361.38713   2.62637611E-006
    361.48716   2.51217251E-006
    361.58720   2.40280196E-006
    361.68723   2.29806616E-006
    361.78726   2.19777463E-006
    361.88730   2.10174446E-006
    361.98733   2.00980000E-006
    362.08736   1.92177259E-006
    362.18740   1.83750031E-006
    362.28743   1.75682769E-006
    362.38746   1.67960549E-006
    362.48750   1.60569042E-006
    362.58753   1.53494498E-006
    362.68756   1.46723717E-006
    362.78760   1.40244033E-006
    362.88763   1.34043287E-006
    362.98766   1.28109814E-006
    363.08770   1.22432420E-006
    363.18773   1.17000366E-006
    363.28776   1.11803347E-006
    363.38780   1.06831477E-006
    363.48783   1.02075274E-006
    363.58786   9.75256408E-007
    363.68790   9.31738538E-007
    363.78793   8.90115449E-007
    363.88796   8.50306891E-007
    363.98800   8.12235909E-007
    364.08803   7.75828708E-007
    364.18806   7.41014535E-007
    364.28810   7.07725550E-007
    364.38813   6.75896715E-007
    364.48816   6.45465681E-007
    364.58820   6.16372683E-007
    364.68823   5.88560431E-007
    364.78826   5.61974020E-007
    364.88830   5.36560823E-007
    364.98833   5.12270411E-007
    365.08836   4.89054455E-007
    365.18840   4.66866647E-007
    365.28843   4.45662618E-007
    365.38846   4.25399856E-007
    365.48850   4.06037634E-007
    365.58853   3.87536937E-007
    365.68856   3.69860393E-007
    365.78860   3.52972204E-007
    365.88863   3.36838083E-007
    365.98866   3.21425192E-007
    366.08870   3.06702085E-007
    366.18873   2.92638647E-007
    366.28876   2.79206043E-007
    366.38880   2.66376661E-007
    366.48883   2.54124069E-007
    366.58886   2.42422956E-007
    366.68890   2.31249097E-007
    366.78893   2.20579300E-007
    366.88896   2.10391364E-007
    366.98900   2.00664043E-007
    367.08903   1.91377001E-007
    367.18906   1.82510776E-007
    367.28910   1.74046745E-007
    367.38913   1.65967086E-007
    367.48916   1.58254747E-007
    367.58920   1.50893412E-007
    367.68923   1.43867473E-007
    367.78926   1.37161996E-007
    367.88930   1.30762697E-007
    367.98933   1.24655909E-007
    368.08936   1.18828564E-007
    368.18940   1.13268161E-007
    368.28943   1.07962743E-007
    368.38946   1.02900878E-007
    368.48950   9.80716310E-008
    368.58953   9.34645477E-008
    368.68956   8.90696314E-008
    368.78960   8.48773243E-008
    368.88963   8.08784887E-008
    368.98966   7.70643890E-008
    369.08970   7.34266743E-008
    369.18973   6.99573626E-008
    369.28976   6.66488239E-008
    369.38980   6.34937661E-008
    369.48983   6.04852198E-008
    369.58986   5.76165247E-008
    369.68990   5.48813160E-008
    369.78993   5.22735121E-008
    369.88996   4.97873018E-008
    369.99000   4.74171329E-008
    370.09003   4.51577007E-008
    370.19006   4.30039378E-008
    370.29010   4.09510031E-008
    370.39013   3.89942723E-008
    370.49016   3.71293285E-008
    370.59020   3.53519529E-008
    370.69023   3.36581164E-008
    370.79026   3.20439709E-008
    370.89030   3.05058418E-008
    370.99033   2.90402203E-008
    371.09036   2.76437557E-008
    371.19040   2.63132490E-008
    371.29043   2.50456458E-008
    371.39046   2.38380302E-008
    371.49050   2.26876184E-008
    371.59053   2.15917530E-008
    371.69056   2.05478977E-008
    371.79060   1.95536312E-008
    371.89063   1.86066428E-008
    371.99066   1.77047272E-008
    372.09070   1.68457796E-008
    372.19073   1.60277916E-008
    372.29076   1.52488466E-008
    372.39080   1.45071160E-008
    372.49083   1.38008550E-008
    372.59086   1.31283987E-008
    372.69090   1.24881592E-008
    372.79093   1.18786211E-008
    372.89096   1.12983394E-008
    372.99100   1.07459352E-008
    373.09103   1.02200938E-008
    373.19106   9.71956090E-009
    373.29110   9.24314034E-009
    373.39113   8.78969139E-009
    373.49116   8.35812623E-009
    373.59120   7.94740750E-009
    373.69123   7.55654609E-009
    373.79126   7.18459888E-009
    373.89130   6.83066667E-009
    373.99133   6.49389220E-009
    374.09136   6.17345820E-009
    374.19140   5.86858558E-009
    374.29143   5.57853171E-009
    374.39146   5.30258869E-009
    374.49150   5.04008183E-009
    374.59153   4.79036807E-009
    374.69156   4.55283455E-009
    374.79160   4.32689723E-009
    374.89163   4.11199955E-009
    374.99166   3.90761116E-009
    375.09170   3.71322672E-009
    375.19173   3.52836475E-009
    375.29176   3.35256651E-009
    375.39180   3.18539496E-009
    375.49183   3.02643375E-009
    375.59186   2.87528626E-009
    375.69190   2.73157469E-009
    375.79193   2.59493918E-009
    375.89196   2.46503696E-009
    375.99200   2.34154157E-009
    376.09203   2.22414213E-009
    376.19206   2.11254254E-009
    376.29210   2.00646085E-009
    376.39213   1.90562858E-009
    376.49216   1.80979006E-009
    376.59220   1.71870189E-009
    376.69223   1.63213230E-009
    376.79226   1.54986066E-009
    376.89230   1.47167691E-009
    376.99233   1.39738108E-009
    377.09236   1.32678283E-009
    377.19240   1.25970098E-009
    377.29243   1.19596305E-009
    377.39246   1.13540492E-009
    377.49250   1.07787036E-009
    377.59253   1.02321069E-009
    377.69256   9.71284449E-010
    377.79260   9.21956987E-010
    377.89263   8.75100195E-010
    377.99266   8.30592172E-010
    378.09270   7.88316935E-010
    378.19273   7.48164134E-010
    378.29276   7.10028785E-010
    378.39280   6.73811013E-010
    378.49283   6.39415809E-010
    378.59286   6.06752795E-010
    378.69290   5.75736004E-010
    378.79293   5.46283668E-010
    378.89296   5.18318015E-010
    378.99300   4.91765080E-010
    379.09303   4.66554521E-010
    379.19306   4.42619440E-010
    379.29310   4.19896226E-010
    379.39313   3.98324388E-010
    379.49316   3.77846408E-010
    379.59320   3.58407600E-010
    379.69323   3.39955967E-010
    379.79326   3.22442076E-010
    379.89330   3.05818932E-010
    379.99333   2.90041858E-010
    380.09336   2.75068385E-010
    380.19340   2.60858144E-010
    380.29343   2.47372764E-010
    380.39346   2.34575774E-010
    380.49350   2.22432510E-010
    380.59353   2.10910029E-010
    380.69356   1.99977023E-010
    380.79360   1.89603741E-010
    380.89363   1.79761909E-010
    380.99366   1.70424664E-010
    381.09370   1.61566479E-010
    381.19373   1.53163100E-010
    381.29376   1.45191484E-010
    381.39380   1.37629737E-010
    381.49383   1.30457062E-010
    381.59386   1.23653701E-010
    381.69390   1.17200885E-010
    381.79393   1.11080786E-010
    381.89396   1.05276469E-010
    381.99400   9.97718503E-011
    382.09403   9.45516527E-011
    382.19406   8.96013679E-011
    382.29410   8.49072170E-011
    382.39413   8.04561149E-011
    382.49416   7.62356360E-011
    382.59420   7.22339811E-011
    382.69423   6.84399465E-011
    382.79426   6.48428943E-011
    382.89430   6.14327245E-011
    382.99433   5.81998477E-011
    383.09436   5.51351604E-011
    383.19440   5.22300199E-011
    383.29443   4.94762218E-011
    383.39446   4.68659783E-011
    383.49450   4.43918966E-011
    383.59453   4.20469601E-011
    383.69456   3.98245087E-011
    383.79460   3.77182215E-011
    383.89463   3.57220993E-011
    383.99466   3.38304489E-011
    384.09470   3.20378677E-011
    384.19473   3.03392285E-011
    384.29476   2.87296663E-011
    384.39480   2.72045648E-011
    384.49483   2.57595440E-011
    384.59486   2.43904479E-011
    384.69490   2.30933338E-011
    384.79493   2.18644609E-011
    384.89496   2.07002805E-011
    384.99500   1.95974261E-011
    385.09503   1.85527042E-011
    385.19507   1.75630857E-011
    385.29510   1.66256972E-011
    385.39513   1.57378134E-011
    385.49517   1.48968493E-011
    385.59520   1.41003535E-011
    385.69523   1.33460010E-011
    385.79527   1.26315868E-011
    385.89530   1.19550200E-011
    385.99533   1.13143179E-011
    386.09537   1.07076002E-011
    386.19540   1.01330842E-011
    386.29543   9.58907956E-012
    386.39547   9.07398362E-012
    386.49550   8.58627689E-012
    386.59553   8.12451883E-012
    386.69557   7.68734376E-012
    386.79560   7.27345707E-012
    386.89563   6.88163149E-012
    386.99567   6.51070373E-012
    387.09570   6.15957109E-012
    387.19573   5.82718842E-012
    387.29577   5.51256510E-012
    387.39580   5.21476226E-012
    387.49583   4.93289010E-012
    387.59587   4.66610536E-012
    387.69590   4.41360891E-012
    387.79593   4.17464347E-012
    387.89597   3.94849144E-012
    387.99600   3.73447289E-012
    388.09603   3.53194351E-012
    388.19607   3.34029288E-012
    388.29610   3.15894262E-012
    388.39613   2.98734478E-012
    388.49617   2.82498022E-012
    388.59620   2.67135716E-012
    388.69623   2.52600971E-012
    388.79627   2.38849655E-012
    388.89630   2.25839964E-012
    388.99633   2.13532299E-012
    389.09637   2.01889156E-012
    389.19640   1.90875010E-012
    389.29643   1.80456217E-012
    389.39647   1.70600913E-012
    389.49650   1.61278920E-012
    389.59653   1.52461662E-012
    389.69657   1.44122075E-012
    389.79660   1.36234534E-012
    389.89663   1.28774772E-012
    389.99667   1.21719812E-012
    390.09670   1.15047899E-012
    390.19673   1.08738434E-012
    390.29677   1.02771916E-012
    390.39680   9.71298807E-013
    390.49683   9.17948488E-013
    390.59687   8.67502728E-013
    390.69690   8.19804883E-013
    390.79693   7.74706668E-013
    390.89697   7.32067723E-013
    390.99700   6.91755188E-013
    391.09703   6.53643311E-013
    391.19707   6.17613068E-013
    391.29710   5.83551810E-013
    391.39713   5.51352924E-013
    391.49717   5.20915512E-013
    391.59720   4.92144091E-013
    391.69723   4.64948300E-013
    391.79727   4.39242634E-013
    391.89730   4.14946181E-013
    391.99733   3.91982384E-013
    392.09737   3.70278799E-013
    392.19740   3.49766888E-013
    392.29743   3.30381802E-013
    392.39747   3.12062187E-013
    392.49750   2.94750000E-013
    392.59753   2.78390328E-013
    392.69757   2.62931225E-013
    392.79760   2.48323549E-013
    392.89763   2.34520816E-013
    392.99767   2.21479056E-013
    393.09770   2.09156679E-013
    393.19773   1.97514346E-013
    393.29777   1.86514850E-013
    393.39780   1.76123000E-013
    393.49783   1.66305516E-013
    393.59787   1.57030921E-013
    393.69790   1.48269450E-013
    393.79793   1.39992954E-013
    393.89797   1.32174814E-013
    393.99800   1.24789861E-013
    394.09803   1.17814291E-013
    394.19807   1.11225602E-013
    394.29810   1.05002514E-013
    394.39813   9.91249080E-014
    394.49817   9.35737631E-014
    394.59820   8.83310956E-014
    394.69823   8.33799041E-014
    394.79827   7.87041159E-014
    394.89830   7.42885370E-014
    394.99833   7.01188042E-014
    395.09837   6.61813403E-014
    395.19840   6.24633114E-014
    395.29843   5.89525868E-014
    395.39847   5.56377006E-014
    395.49850   5.25078154E-014
    395.59853   4.95526888E-014
    395.69857   4.67626403E-014
    395.79860   4.41285214E-014
    395.89863   4.16416862E-014
    395.99867   3.92939641E-014
    396.09870   3.70776341E-014
    396.19873   3.49854000E-014
    396.29877   3.30103675E-014
    396.39880   3.11460222E-014
    396.49883   2.93862087E-014
    396.59887   2.77251111E-014
    396.69890   2.61572344E-014
    396.79893   2.46773871E-014
    396.89897   2.32806644E-014
    396.99900   2.19624325E-014
    397.09903   2.07183139E-014
    397.19907   1.95441732E-014
    397.29910   1.84361040E-014
    397.39913   1.73904161E-014
    397.49917   1.64036239E-014
    397.59920   1.54724349E-014
    397.69923   1.45937392E-014
    397.79927   1.37645996E-014
    397.89930   1.29822418E-014
    397.99933   1.22440457E-014
    398.09937   1.15475366E-014
    398.19940   1.08903777E-014
    398.29943   1.02703620E-014
    398.39947   9.68540530E-015
    398.49950   9.13353952E-015
    398.59953   8.61290617E-015
    398.69957   8.12175035E-015
    398.79960   7.65841504E-015
    398.89963   7.22133561E-015
    398.99967   6.80903479E-015
    399.09970   6.42011779E-015
    399.19973   6.05326775E-015
    399.29977   5.70724140E-015
    399.39980   5.38086499E-015
    399.49983   5.07303046E-015
    399.59987   4.78269175E-015
    399.69990   4.50886138E-015
    399.79993   4.25060720E-015
    399.89997   4.00704929E-015
    400.00000   3.77735710E-015
