   1700.00000  -5.90390495E-004
   1699.66656  -5.93075512E-004
   1699.33311  -5.95778069E-004
   1698.99967  -5.98498321E-004
   1698.66622  -6.01236427E-004
   1698.33278  -6.03992545E-004
   1697.99933  -6.06766836E-004
   1697.66589  -6.09559463E-004
   1697.33244  -6.12370591E-004
   1696.99900  -6.15200386E-004
   1696.66556  -6.18049017E-004
   1696.33211  -6.20916654E-004
   1695.99867  -6.23803470E-004
   1695.66522  -6.26709639E-004
   1695.33178  -6.29635338E-004
   1694.99833  -6.32580745E-004
   1694.66489  -6.35546041E-004
   1694.33144  -6.38531409E-004
   1693.99800  -6.41537033E-004
   1693.66455  -6.44563101E-004
   1693.33111  -6.47609802E-004
   1692.99767  -6.50677327E-004
   1692.66422  -6.53765871E-004
   1692.33078  -6.56875629E-004
   1691.99733  -6.60006801E-004
   1691.66389  -6.63159586E-004
   1691.33044  -6.66334189E-004
   1690.99700  -6.69530815E-004
   1690.66355  -6.72749672E-004
   1690.33011  -6.75990971E-004
   1689.99667  -6.79254926E-004
   1689.66322  -6.82541752E-004
   1689.32978  -6.85851668E-004
   1688.99633  -6.89184895E-004
   1688.66289  -6.92541657E-004
   1688.32944  -6.95922182E-004
   1687.99600  -6.99326698E-004
   1687.66255  -7.02755438E-004
   1687.32911  -7.06208637E-004
   1686.99567  -7.09686533E-004
   1686.66222  -7.13189368E-004
   1686.32878  -7.16717387E-004
   1685.99533  -7.20270835E-004
   1685.66189  -7.23849963E-004
   1685.32844  -7.27455026E-004
   1684.99500  -7.31086280E-004
   1684.66155  -7.34743985E-004
   1684.32811  -7.38428404E-004
   1683.99466  -7.42139804E-004
   1683.66122  -7.45878456E-004
   1683.32778  -7.49644632E-004
   1682.99433  -7.53438610E-004
   1682.66089  -7.57260671E-004
   1682.32744  -7.61111100E-004
   1681.99400  -7.64990183E-004
   1681.66055  -7.68898214E-004
   1681.32711  -7.72835487E-004
   1680.99366  -7.76802302E-004
   1680.66022  -7.80798963E-004
   1680.32678  -7.84825778E-004
   1679.99333  -7.88883056E-004
   1679.65989  -7.92971116E-004
   1679.32644  -7.97090275E-004
   1678.99300  -8.01240859E-004
   1678.65955  -8.05423196E-004
   1678.32611  -8.09637619E-004
   1677.99266  -8.13884465E-004
   1677.65922  -8.18164075E-004
   1677.32578  -8.22476798E-004
   1676.99233  -8.26822983E-004
   1676.65889  -8.31202988E-004
   1676.32544  -8.35617172E-004
   1675.99200  -8.40065902E-004
   1675.65855  -8.44549549E-004
   1675.32511  -8.49068489E-004
   1674.99166  -8.53623103E-004
   1674.65822  -8.58213777E-004
   1674.32477  -8.62840904E-004
   1673.99133  -8.67504880E-004
   1673.65789  -8.72206109E-004
   1673.32444  -8.76944999E-004
   1672.99100  -8.81721966E-004
   1672.65755  -8.86537428E-004
   1672.32411  -8.91391812E-004
   1671.99066  -8.96285550E-004
   1671.65722  -9.01219082E-004
   1671.32377  -9.06192851E-004
   1670.99033  -9.11207308E-004
   1670.65689  -9.16262911E-004
   1670.32344  -9.21360125E-004
   1669.99000  -9.26499420E-004
   1669.65655  -9.31681274E-004
   1669.32311  -9.36906171E-004
   1668.98966  -9.42174604E-004
   1668.65622  -9.47487072E-004
   1668.32277  -9.52844081E-004
   1667.98933  -9.58246144E-004
   1667.65589  -9.63693784E-004
   1667.32244  -9.69187530E-004
   1666.98900  -9.74727918E-004
   1666.65555  -9.80315495E-004
   1666.32211  -9.85950813E-004
   1665.98866  -9.91634434E-004
   1665.65522  -9.97366928E-004
   1665.32177  -1.00314887E-003
   1664.98833  -1.00898086E-003
   1664.65488  -1.01486348E-003
   1664.32144  -1.02079735E-003
   1663.98800  -1.02678307E-003
   1663.65455  -1.03282128E-003
   1663.32111  -1.03891260E-003
   1662.98766  -1.04505769E-003
   1662.65422  -1.05125718E-003
   1662.32077  -1.05751176E-003
   1661.98733  -1.06382209E-003
   1661.65388  -1.07018886E-003
   1661.32044  -1.07661277E-003
   1660.98700  -1.08309452E-003
   1660.65355  -1.08963483E-003
   1660.32011  -1.09623443E-003
   1659.98666  -1.10289407E-003
   1659.65322  -1.10961449E-003
   1659.31977  -1.11639647E-003
   1658.98633  -1.12324078E-003
   1658.65288  -1.13014821E-003
   1658.31944  -1.13711957E-003
   1657.98600  -1.14415567E-003
   1657.65255  -1.15125734E-003
   1657.31911  -1.15842543E-003
   1656.98566  -1.16566079E-003
   1656.65222  -1.17296430E-003
   1656.31877  -1.18033685E-003
   1655.98533  -1.18777933E-003
   1655.65188  -1.19529267E-003
   1655.31844  -1.20287779E-003
   1654.98499  -1.21053564E-003
   1654.65155  -1.21826719E-003
   1654.31811  -1.22607341E-003
   1653.98466  -1.23395531E-003
   1653.65122  -1.24191389E-003
   1653.31777  -1.24995020E-003
   1652.98433  -1.25806527E-003
   1652.65088  -1.26626018E-003
   1652.31744  -1.27453602E-003
   1651.98399  -1.28289388E-003
   1651.65055  -1.29133490E-003
   1651.31711  -1.29986021E-003
   1650.98366  -1.30847099E-003
   1650.65022  -1.31716841E-003
   1650.31677  -1.32595369E-003
   1649.98333  -1.33482805E-003
   1649.64988  -1.34379274E-003
   1649.31644  -1.35284904E-003
   1648.98299  -1.36199823E-003
   1648.64955  -1.37124165E-003
   1648.31611  -1.38058063E-003
   1647.98266  -1.39001654E-003
   1647.64922  -1.39955077E-003
   1647.31577  -1.40918474E-003
   1646.98233  -1.41891990E-003
   1646.64888  -1.42875772E-003
   1646.31544  -1.43869969E-003
   1645.98199  -1.44874736E-003
   1645.64855  -1.45890226E-003
   1645.31511  -1.46916598E-003
   1644.98166  -1.47954015E-003
   1644.64822  -1.49002641E-003
   1644.31477  -1.50062643E-003
   1643.98133  -1.51134192E-003
   1643.64788  -1.52217464E-003
   1643.31444  -1.53312635E-003
   1642.98099  -1.54419886E-003
   1642.64755  -1.55539403E-003
   1642.31410  -1.56671373E-003
   1641.98066  -1.57815989E-003
   1641.64722  -1.58973446E-003
   1641.31377  -1.60143943E-003
   1640.98033  -1.61327686E-003
   1640.64688  -1.62524880E-003
   1640.31344  -1.63735739E-003
   1639.97999  -1.64960478E-003
   1639.64655  -1.66199318E-003
   1639.31310  -1.67452483E-003
   1638.97966  -1.68720205E-003
   1638.64622  -1.70002716E-003
   1638.31277  -1.71300256E-003
   1637.97933  -1.72613069E-003
   1637.64588  -1.73941405E-003
   1637.31244  -1.75285517E-003
   1636.97899  -1.76645667E-003
   1636.64555  -1.78022118E-003
   1636.31210  -1.79415142E-003
   1635.97866  -1.80825015E-003
   1635.64522  -1.82252021E-003
   1635.31177  -1.83696447E-003
   1634.97833  -1.85158588E-003
   1634.64488  -1.86638747E-003
   1634.31144  -1.88137229E-003
   1633.97799  -1.89654351E-003
   1633.64455  -1.91190434E-003
   1633.31110  -1.92745805E-003
   1632.97766  -1.94320801E-003
   1632.64421  -1.95915765E-003
   1632.31077  -1.97531048E-003
   1631.97733  -1.99167010E-003
   1631.64388  -2.00824016E-003
   1631.31044  -2.02502442E-003
   1630.97699  -2.04202673E-003
   1630.64355  -2.05925100E-003
   1630.31010  -2.07670126E-003
   1629.97666  -2.09438161E-003
   1629.64321  -2.11229626E-003
   1629.30977  -2.13044952E-003
   1628.97633  -2.14884578E-003
   1628.64288  -2.16748957E-003
   1628.30944  -2.18638548E-003
   1627.97599  -2.20553826E-003
   1627.64255  -2.22495273E-003
   1627.30910  -2.24463386E-003
   1626.97566  -2.26458671E-003
   1626.64221  -2.28481649E-003
   1626.30877  -2.30532853E-003
   1625.97533  -2.32612827E-003
   1625.64188  -2.34722131E-003
   1625.30844  -2.36861338E-003
   1624.97499  -2.39031035E-003
   1624.64155  -2.41231824E-003
   1624.30810  -2.43464323E-003
   1623.97466  -2.45729163E-003
   1623.64121  -2.48026994E-003
   1623.30777  -2.50358482E-003
   1622.97432  -2.52724309E-003
   1622.64088  -2.55125175E-003
   1622.30744  -2.57561798E-003
   1621.97399  -2.60034917E-003
   1621.64055  -2.62545287E-003
   1621.30710  -2.65093686E-003
   1620.97366  -2.67680910E-003
   1620.64021  -2.70307779E-003
   1620.30677  -2.72975132E-003
   1619.97332  -2.75683833E-003
   1619.63988  -2.78434769E-003
   1619.30644  -2.81228850E-003
   1618.97299  -2.84067014E-003
   1618.63955  -2.86950221E-003
   1618.30610  -2.89879460E-003
   1617.97266  -2.92855748E-003
   1617.63921  -2.95880129E-003
   1617.30577  -2.98953678E-003
   1616.97232  -3.02077498E-003
   1616.63888  -3.05252728E-003
   1616.30544  -3.08480536E-003
   1615.97199  -3.11762124E-003
   1615.63855  -3.15098731E-003
   1615.30510  -3.18491632E-003
   1614.97166  -3.21942137E-003
   1614.63821  -3.25451597E-003
   1614.30477  -3.29021404E-003
   1613.97132  -3.32652990E-003
   1613.63788  -3.36347830E-003
   1613.30443  -3.40107445E-003
   1612.97099  -3.43933403E-003
   1612.63755  -3.47827318E-003
   1612.30410  -3.51790856E-003
   1611.97066  -3.55825734E-003
   1611.63721  -3.59933722E-003
   1611.30377  -3.64116647E-003
   1610.97032  -3.68376394E-003
   1610.63688  -3.72714906E-003
   1610.30343  -3.77134192E-003
   1609.96999  -3.81636324E-003
   1609.63655  -3.86223440E-003
   1609.30310  -3.90897751E-003
   1608.96966  -3.95661539E-003
   1608.63621  -4.00517162E-003
   1608.30277  -4.05467057E-003
   1607.96932  -4.10513744E-003
   1607.63588  -4.15659826E-003
   1607.30243  -4.20907997E-003
   1606.96899  -4.26261043E-003
   1606.63555  -4.31721846E-003
   1606.30210  -4.37293387E-003
   1605.96866  -4.42978755E-003
   1605.63521  -4.48781145E-003
   1605.30177  -4.54703865E-003
   1604.96832  -4.60750346E-003
   1604.63488  -4.66924137E-003
   1604.30143  -4.73228921E-003
   1603.96799  -4.79668512E-003
   1603.63454  -4.86246866E-003
   1603.30110  -4.92968086E-003
   1602.96766  -4.99836428E-003
   1602.63421  -5.06856310E-003
   1602.30077  -5.14032316E-003
   1601.96732  -5.21369205E-003
   1601.63388  -5.28871920E-003
   1601.30043  -5.36545598E-003
   1600.96699  -5.44395573E-003
   1600.63354  -5.52427392E-003
   1600.30010  -5.60646824E-003
   1599.96666  -5.69059864E-003
   1599.63321  -5.77672755E-003
   1599.29977  -5.86491989E-003
   1598.96632  -5.95524329E-003
   1598.63288  -6.04776813E-003
   1598.29943  -6.14256776E-003
   1597.96599  -6.23971860E-003
   1597.63254  -6.33930031E-003
   1597.29910  -6.44139594E-003
   1596.96566  -6.54609216E-003
   1596.63221  -6.65347936E-003
   1596.29877  -6.76365192E-003
   1595.96532  -6.87670838E-003
   1595.63188  -6.99275168E-003
   1595.29843  -7.11188939E-003
   1594.96499  -7.23423395E-003
   1594.63154  -7.35990297E-003
   1594.29810  -7.48901946E-003
   1593.96465  -7.62171219E-003
   1593.63121  -7.75811597E-003
   1593.29777  -7.89837200E-003
   1592.96432  -8.04262826E-003
   1592.63088  -8.19103987E-003
   1592.29743  -8.34376951E-003
   1591.96399  -8.50098788E-003
   1591.63054  -8.66287416E-003
   1591.29710  -8.82961653E-003
   1590.96365  -9.00141269E-003
   1590.63021  -9.17847046E-003
   1590.29677  -9.36100840E-003
   1589.96332  -9.54925646E-003
   1589.62988  -9.74345672E-003
   1589.29643  -9.94386414E-003
   1588.96299  -1.01507474E-002
   1588.62954  -1.03643897E-002
   1588.29610  -1.05850898E-002
   1587.96265  -1.08131632E-002
   1587.62921  -1.10489429E-002
   1587.29577  -1.12927806E-002
   1586.96232  -1.15450485E-002
   1586.62888  -1.18061401E-002
   1586.29543  -1.20764718E-002
   1585.96199  -1.23564848E-002
   1585.62854  -1.26466467E-002
   1585.29510  -1.29474531E-002
   1584.96165  -1.32594300E-002
   1584.62821  -1.35831360E-002
   1584.29476  -1.39191646E-002
   1583.96132  -1.42681465E-002
   1583.62788  -1.46307530E-002
   1583.29443  -1.50076988E-002
   1582.96099  -1.53997454E-002
   1582.62754  -1.58077045E-002
   1582.29410  -1.62324424E-002
   1581.96065  -1.66748840E-002
   1581.62721  -1.71360178E-002
   1581.29376  -1.76169009E-002
   1580.96032  -1.81186649E-002
   1580.62688  -1.86425216E-002
   1580.29343  -1.91897705E-002
   1579.95999  -1.97618059E-002
   1579.62654  -2.03601249E-002
   1579.29310  -2.09863369E-002
   1578.95965  -2.16421732E-002
   1578.62621  -2.23294980E-002
   1578.29276  -2.30503205E-002
   1577.95932  -2.38068081E-002
   1577.62588  -2.46013010E-002
   1577.29243  -2.54363287E-002
   1576.95899  -2.63146274E-002
   1576.62554  -2.72391604E-002
   1576.29210  -2.82131398E-002
   1575.95865  -2.92400505E-002
   1575.62521  -3.03236781E-002
   1575.29176  -3.14681377E-002
   1574.95832  -3.26779082E-002
   1574.62487  -3.39578685E-002
   1574.29143  -3.53133390E-002
   1573.95799  -3.67501269E-002
   1573.62454  -3.82745769E-002
   1573.29110  -3.98936273E-002
   1572.95765  -4.16148727E-002
   1572.62421  -4.34466327E-002
   1572.29076  -4.53980286E-002
   1571.95732  -4.74790680E-002
   1571.62387  -4.97007377E-002
   1571.29043  -5.20751060E-002
   1570.95699  -5.46154343E-002
   1570.62354  -5.73362986E-002
   1570.29010  -6.02537198E-002
   1569.95665  -6.33853034E-002
   1569.62321  -6.67503855E-002
   1569.28976  -7.03701838E-002
   1568.95632  -7.42679485E-002
   1568.62287  -7.84691064E-002
   1568.28943  -8.30013898E-002
   1567.95599  -8.78949351E-002
   1567.62254  -9.31823331E-002
   1567.28910  -9.88986027E-002
   1566.95565  -1.05081054E-001
   1566.62221  -1.11768990E-001
   1566.28876  -1.19003182E-001
   1565.95532  -1.26825041E-001
   1565.62187  -1.35275365E-001
   1565.28843  -1.44392555E-001
   1564.95498  -1.54210119E-001
   1564.62154  -1.64753314E-001
   1564.28810  -1.76034733E-001
   1563.95465  -1.88048699E-001
   1563.62121  -2.00764374E-001
   1563.28776  -2.14117673E-001
   1562.95432  -2.28002291E-001
   1562.62087  -2.42260563E-001
   1562.28743  -2.56675363E-001
   1561.95398  -2.70964845E-001
   1561.62054  -2.84782310E-001
   1561.28710  -2.97723735E-001
   1560.95365  -3.09345081E-001
   1560.62021  -3.19190207E-001
   1560.28676  -3.26828043E-001
   1559.95332  -3.31894822E-001
   1559.61987  -3.34134688E-001
   1559.28643  -3.33430828E-001
   1558.95298  -3.29820367E-001
   1558.61954  -3.23489584E-001
   1558.28610  -3.14750576E-001
   1557.95265  -3.04004623E-001
   1557.61921  -2.91699847E-001
   1557.28576  -2.78290707E-001
   1556.95232  -2.64204904E-001
   1556.61887  -2.49820531E-001
   1556.28543  -2.35453645E-001
   1555.95198  -2.21354715E-001
   1555.61854  -2.07711512E-001
   1555.28510  -1.94655991E-001
   1554.95165  -1.82273075E-001
   1554.61821  -1.70609834E-001
   1554.28476  -1.59684094E-001
   1553.95132  -1.49491973E-001
   1553.61787  -1.40014156E-001
   1553.28443  -1.31220915E-001
   1552.95098  -1.23075996E-001
   1552.61754  -1.15539537E-001
   1552.28409  -1.08570212E-001
   1551.95065  -1.02126734E-001
   1551.61721  -9.61688953E-002
   1551.28376  -9.06582368E-002
   1550.95032  -8.55584542E-002
   1550.61687  -8.08356132E-002
   1550.28343  -7.64582268E-002
   1549.94998  -7.23972413E-002
   1549.61654  -6.86259595E-002
   1549.28309  -6.51199250E-002
   1548.94965  -6.18567842E-002
   1548.61621  -5.88161374E-002
   1548.28276  -5.59793868E-002
   1547.94932  -5.33295865E-002
   1547.61587  -5.08512985E-002
   1547.28243  -4.85304571E-002
   1546.94898  -4.63542414E-002
   1546.61554  -4.43109575E-002
   1546.28209  -4.23899308E-002
   1545.94865  -4.05814069E-002
   1545.61521  -3.88764613E-002
   1545.28176  -3.72669173E-002
   1544.94832  -3.57452719E-002
   1544.61487  -3.43046281E-002
   1544.28143  -3.29386335E-002
   1543.94798  -3.16414251E-002
   1543.61454  -3.04075783E-002
   1543.28109  -2.92320616E-002
   1542.94765  -2.81101942E-002
   1542.61420  -2.70376078E-002
   1542.28076  -2.60102118E-002
   1541.94732  -2.50241603E-002
   1541.61387  -2.40758223E-002
   1541.28043  -2.31617537E-002
   1540.94698  -2.22786709E-002
   1540.61354  -2.14234257E-002
   1540.28009  -2.05929819E-002
   1539.94665  -1.97843921E-002
   1539.61320  -1.89947757E-002
   1539.27976  -1.82212969E-002
   1538.94632  -1.74611435E-002
   1538.61287  -1.67115049E-002
   1538.27943  -1.59695511E-002
   1537.94598  -1.52324103E-002
   1537.61254  -1.44971473E-002
   1537.27909  -1.37607410E-002
   1536.94565  -1.30200615E-002
   1536.61220  -1.22718478E-002
   1536.27876  -1.15126855E-002
   1535.94532  -1.07389851E-002
   1535.61187  -9.94696289E-003
   1535.27843  -9.13262471E-003
   1534.94498  -8.29175463E-003
   1534.61154  -7.41991191E-003
   1534.27809  -6.51243935E-003
   1533.94465  -5.56448828E-003
   1533.61120  -4.57106700E-003
   1533.27776  -3.52712123E-003
   1532.94431  -2.42765793E-003
   1532.61087  -1.26792646E-003
   1532.27743  -4.36737646E-005
   1531.94398   1.24850705E-003
   1531.61054   2.61071432E-003
   1531.27709   4.04314265E-003
   1530.94365   5.54334198E-003
   1530.61020   7.10533183E-003
   1530.27676   8.71859586E-003
   1529.94331   1.03670207E-002
   1529.60987   1.20278960E-002
   1529.27643   1.36711576E-002
   1528.94298   1.52591205E-002
   1528.60954   1.67469881E-002
   1528.27609   1.80844095E-002
   1527.94265   1.92182478E-002
   1527.60920   2.00965064E-002
   1527.27576   2.06730504E-002
   1526.94231   2.09124470E-002
   1526.60887   2.07940419E-002
   1526.27543   2.03144151E-002
   1525.94198   1.94876562E-002
   1525.60854   1.83433908E-002
   1525.27509   1.69230101E-002
   1524.94165   1.52749095E-002
   1524.60820   1.34496371E-002
   1524.27476   1.14956975E-002
   1523.94131   9.45645265E-003
   1523.60787   7.36824460E-003
   1523.27442   5.25962185E-003
   1522.94098   3.15141429E-003
   1522.60754   1.05736862E-003
   1522.27409  -1.01491451E-003
   1521.94065  -3.06293826E-003
   1521.60720  -5.08829177E-003
   1521.27376  -7.09572871E-003
   1520.94031  -9.09237013E-003
   1520.60687  -1.10870303E-002
   1520.27342  -1.30896454E-002
   1519.93998  -1.51107752E-002
   1519.60654  -1.71611409E-002
   1519.27309  -1.92511605E-002
   1518.93965  -2.13904415E-002
   1518.60620  -2.35871900E-002
   1518.27276  -2.58474990E-002
   1517.93931  -2.81744834E-002
   1517.60587  -3.05672433E-002
   1517.27242  -3.30196611E-002
   1516.93898  -3.55190769E-002
   1516.60554  -3.80449443E-002
   1516.27209  -4.05676454E-002
   1515.93865  -4.30477287E-002
   1515.60520  -4.54359121E-002
   1515.27176  -4.76742223E-002
   1514.93831  -4.96985852E-002
   1514.60487  -5.14429913E-002
   1514.27142  -5.28450287E-002
   1513.93798  -5.38521645E-002
   1513.60453  -5.44277783E-002
   1513.27109  -5.45557836E-002
   1512.93765  -5.42428361E-002
   1512.60420  -5.35176218E-002
   1512.27076  -5.24273917E-002
   1511.93731  -5.10325300E-002
   1511.60387  -4.94002777E-002
   1511.27042  -4.75987333E-002
   1510.93698  -4.56919552E-002
   1510.60353  -4.37365831E-002
   1510.27009  -4.17800061E-002
   1509.93665  -3.98598442E-002
   1509.60320  -3.80043847E-002
   1509.26976  -3.62336086E-002
   1508.93631  -3.45604970E-002
   1508.60287  -3.29923958E-002
   1508.26942  -3.15322951E-002
   1507.93598  -3.01799488E-002
   1507.60253  -2.89328067E-002
   1507.26909  -2.77867603E-002
   1506.93565  -2.67367205E-002
   1506.60220  -2.57770525E-002
   1506.26876  -2.49018935E-002
   1505.93531  -2.41053779E-002
   1505.60187  -2.33817919E-002
   1505.26842  -2.27256743E-002
   1504.93498  -2.21318775E-002
   1504.60153  -2.15956003E-002
   1504.26809  -2.11124004E-002
   1503.93464  -2.06781933E-002
   1503.60120  -2.02892416E-002
   1503.26776  -1.99421385E-002
   1502.93431  -1.96337887E-002
   1502.60087  -1.93613866E-002
   1502.26742  -1.91223945E-002
   1501.93398  -1.89145214E-002
   1501.60053  -1.87357024E-002
   1501.26709  -1.85840789E-002
   1500.93364  -1.84579809E-002
   1500.60020  -1.83559101E-002
   1500.26676  -1.82765245E-002
   1499.93331  -1.82186250E-002
   1499.59987  -1.81811421E-002
   1499.26642  -1.81631251E-002
   1498.93298  -1.81637318E-002
   1498.59953  -1.81822193E-002
   1498.26609  -1.82179357E-002
   1497.93264  -1.82703133E-002
   1497.59920  -1.83388616E-002
   1497.26576  -1.84231620E-002
   1496.93231  -1.85228626E-002
   1496.59887  -1.86376738E-002
   1496.26542  -1.87673642E-002
   1495.93198  -1.89117578E-002
   1495.59853  -1.90707304E-002
   1495.26509  -1.92442076E-002
   1494.93164  -1.94321625E-002
   1494.59820  -1.96346140E-002
   1494.26475  -1.98516253E-002
   1493.93131  -2.00833031E-002
   1493.59787  -2.03297964E-002
   1493.26442  -2.05912963E-002
   1492.93098  -2.08680356E-002
   1492.59753  -2.11602887E-002
   1492.26409  -2.14683723E-002
   1491.93064  -2.17926453E-002
   1491.59720  -2.21335098E-002
   1491.26375  -2.24914123E-002
   1490.93031  -2.28668446E-002
   1490.59687  -2.32603456E-002
   1490.26342  -2.36725027E-002
   1489.92998  -2.41039540E-002
   1489.59653  -2.45553906E-002
   1489.26309  -2.50275592E-002
   1488.92964  -2.55212649E-002
   1488.59620  -2.60373746E-002
   1488.26275  -2.65768203E-002
   1487.92931  -2.71406033E-002
   1487.59587  -2.77297985E-002
   1487.26242  -2.83455592E-002
   1486.92898  -2.89891224E-002
   1486.59553  -2.96618146E-002
   1486.26209  -3.03650582E-002
   1485.92864  -3.11003784E-002
   1485.59520  -3.18694111E-002
   1485.26175  -3.26739111E-002
   1484.92831  -3.35157616E-002
   1484.59486  -3.43969842E-002
   1484.26142  -3.53197499E-002
   1483.92798  -3.62863916E-002
   1483.59453  -3.72994178E-002
   1483.26109  -3.83615267E-002
   1482.92764  -3.94756232E-002
   1482.59420  -4.06448365E-002
   1482.26075  -4.18725401E-002
   1481.92731  -4.31623734E-002
   1481.59386  -4.45182660E-002
   1481.26042  -4.59444644E-002
   1480.92698  -4.74455613E-002
   1480.59353  -4.90265280E-002
   1480.26009  -5.06927508E-002
   1479.92664  -5.24500709E-002
   1479.59320  -5.43048284E-002
   1479.25975  -5.62639118E-002
   1478.92631  -5.83348122E-002
   1478.59286  -6.05256841E-002
   1478.25942  -6.28454123E-002
   1477.92598  -6.53036871E-002
   1477.59253  -6.79110869E-002
   1477.25909  -7.06791704E-002
   1476.92564  -7.36205790E-002
   1476.59220  -7.67491506E-002
   1476.25875  -8.00800450E-002
   1475.92531  -8.36298838E-002
   1475.59186  -8.74169038E-002
   1475.25842  -9.14611273E-002
   1474.92497  -9.57845474E-002
   1474.59153  -1.00411332E-001
   1474.25809  -1.05368047E-001
   1473.92464  -1.10683888E-001
   1473.59120  -1.16390943E-001
   1473.25775  -1.22524453E-001
   1472.92431  -1.29123091E-001
   1472.59086  -1.36229237E-001
   1472.25742  -1.43889239E-001
   1471.92397  -1.52153655E-001
   1471.59053  -1.61077432E-001
   1471.25709  -1.70720000E-001
   1470.92364  -1.81145234E-001
   1470.59020  -1.92421204E-001
   1470.25675  -2.04619646E-001
   1469.92331  -2.17815019E-001
   1469.58986  -2.32083001E-001
   1469.25642  -2.47498241E-001
   1468.92297  -2.64131118E-001
   1468.58953  -2.82043233E-001
   1468.25609  -3.01281323E-001
   1467.92264  -3.21869258E-001
   1467.58920  -3.43797870E-001
   1467.25575  -3.67012432E-001
   1466.92231  -3.91397941E-001
   1466.58886  -4.16762759E-001
   1466.25542  -4.42821895E-001
   1465.92197  -4.69182110E-001
   1465.58853  -4.95332088E-001
   1465.25509  -5.20641852E-001
   1464.92164  -5.44376046E-001
   1464.58820  -5.65724968E-001
   1464.25475  -5.83855031E-001
   1463.92131  -5.97976238E-001
   1463.58786  -6.07419242E-001
   1463.25442  -6.11709825E-001
   1462.92097  -6.10626502E-001
   1462.58753  -6.04228742E-001
   1462.25408  -5.92849320E-001
   1461.92064  -5.77052579E-001
   1461.58720  -5.57568030E-001
   1461.25375  -5.35213099E-001
   1460.92031  -5.10818842E-001
   1460.58686  -4.85168980E-001
   1460.25342  -4.58957562E-001
   1459.91997  -4.32765727E-001
   1459.58653  -4.07054780E-001
   1459.25308  -3.82171201E-001
   1458.91964  -3.58359054E-001
   1458.58620  -3.35775984E-001
   1458.25275  -3.14509989E-001
   1457.91931  -2.94595203E-001
   1457.58586  -2.76025734E-001
   1457.25242  -2.58767193E-001
   1456.91897  -2.42765937E-001
   1456.58553  -2.27956225E-001
   1456.25208  -2.14265610E-001
   1455.91864  -2.01618876E-001
   1455.58520  -1.89940833E-001
   1455.25175  -1.79158231E-001
   1454.91831  -1.69201007E-001
   1454.58486  -1.60003038E-001
   1454.25142  -1.51502544E-001
   1453.91797  -1.43642239E-001
   1453.58453  -1.36369310E-001
   1453.25108  -1.29635284E-001
   1452.91764  -1.23395814E-001
   1452.58419  -1.17610439E-001
   1452.25075  -1.12242307E-001
   1451.91731  -1.07257904E-001
   1451.58386  -1.02626781E-001
   1451.25042  -9.83212970E-002
   1450.91697  -9.43163691E-002
   1450.58353  -9.05892475E-002
   1450.25008  -8.71193025E-002
   1449.91664  -8.38878316E-002
   1449.58319  -8.08778835E-002
   1449.24975  -7.80740983E-002
   1448.91631  -7.54625642E-002
   1448.58286  -7.30306874E-002
   1448.24942  -7.07670764E-002
   1447.91597  -6.86614384E-002
   1447.58253  -6.67044863E-002
   1447.24908  -6.48878575E-002
   1446.91564  -6.32040404E-002
   1446.58219  -6.16463108E-002
   1446.24875  -6.02086759E-002
   1445.91531  -5.88858251E-002
   1445.58186  -5.76730883E-002
   1445.24842  -5.65664000E-002
   1444.91497  -5.55622694E-002
   1444.58153  -5.46577555E-002
   1444.24808  -5.38504488E-002
   1443.91464  -5.31384562E-002
   1443.58119  -5.25203924E-002
   1443.24775  -5.19953751E-002
   1442.91430  -5.15630253E-002
   1442.58086  -5.12234724E-002
   1442.24742  -5.09773639E-002
   1441.91397  -5.08258799E-002
   1441.58053  -5.07707531E-002
   1441.24708  -5.08142929E-002
   1440.91364  -5.09594158E-002
   1440.58019  -5.12096801E-002
   1440.24675  -5.15693260E-002
   1439.91330  -5.20433218E-002
   1439.57986  -5.26374130E-002
   1439.24642  -5.33581777E-002
   1438.91297  -5.42130837E-002
   1438.57953  -5.52105477E-002
   1438.24608  -5.63599937E-002
   1437.91264  -5.76719071E-002
   1437.57919  -5.91578787E-002
   1437.24575  -6.08306322E-002
   1436.91230  -6.27040239E-002
   1436.57886  -6.47930026E-002
   1436.24542  -6.71135079E-002
   1435.91197  -6.96822849E-002
   1435.57853  -7.25165803E-002
   1435.24508  -7.56336795E-002
   1434.91164  -7.90502312E-002
   1434.57819  -8.27812977E-002
   1434.24475  -8.68390573E-002
   1433.91130  -9.12310819E-002
   1433.57786  -9.59581170E-002
   1433.24441  -1.01011312E-001
   1432.91097  -1.06368900E-001
   1432.57753  -1.11992417E-001
   1432.24408  -1.17822683E-001
   1431.91064  -1.23775989E-001
   1431.57719  -1.29741142E-001
   1431.24375  -1.35578307E-001
   1430.91030  -1.41120719E-001
   1430.57686  -1.46180307E-001
   1430.24341  -1.50557898E-001
   1429.90997  -1.54057865E-001
   1429.57653  -1.56505928E-001
   1429.24308  -1.57767615E-001
   1428.90964  -1.57764076E-001
   1428.57619  -1.56481941E-001
   1428.24275  -1.53975012E-001
   1427.90930  -1.50357375E-001
   1427.57586  -1.45789532E-001
   1427.24241  -1.40460549E-001
   1426.90897  -1.34569636E-001
   1426.57553  -1.28310067E-001
   1426.24208  -1.21857184E-001
   1425.90864  -1.15361046E-001
   1425.57519  -1.08943317E-001
   1425.24175  -1.02697446E-001
   1424.90830  -9.66910515E-002
   1424.57486  -9.09694906E-002
   1424.24141  -8.55598628E-002
   1423.90797  -8.04749165E-002
   1423.57452  -7.57165628E-002
   1423.24108  -7.12788583E-002
   1422.90764  -6.71504317E-002
   1422.57419  -6.33163874E-002
   1422.24075  -5.97597554E-002
   1421.90730  -5.64625636E-002
   1421.57386  -5.34066079E-002
   1421.24041  -5.05739876E-002
   1420.90697  -4.79474609E-002
   1420.57352  -4.55106691E-002
   1420.24008  -4.32482620E-002
   1419.90664  -4.11459562E-002
   1419.57319  -3.91905433E-002
   1419.23975  -3.73698676E-002
   1418.90630  -3.56727811E-002
   1418.57286  -3.40890877E-002
   1418.23941  -3.26094790E-002
   1417.90597  -3.12254686E-002
   1417.57252  -2.99293260E-002
   1417.23908  -2.87140127E-002
   1416.90564  -2.75731215E-002
   1416.57219  -2.65008190E-002
   1416.23875  -2.54917934E-002
   1415.90530  -2.45412054E-002
   1415.57186  -2.36446434E-002
   1415.23841  -2.27980836E-002
   1414.90497  -2.19978524E-002
   1414.57152  -2.12405937E-002
   1414.23808  -2.05232384E-002
   1413.90463  -1.98429772E-002
   1413.57119  -1.91972361E-002
   1413.23775  -1.85836547E-002
   1412.90430  -1.80000658E-002
   1412.57086  -1.74444777E-002
   1412.23741  -1.69150583E-002
   1411.90397  -1.64101203E-002
   1411.57052  -1.59281080E-002
   1411.23708  -1.54675862E-002
   1410.90363  -1.50272286E-002
   1410.57019  -1.46058090E-002
   1410.23675  -1.42021924E-002
   1409.90330  -1.38153268E-002
   1409.56986  -1.34442367E-002
   1409.23641  -1.30880162E-002
   1408.90297  -1.27458236E-002
   1408.56952  -1.24168757E-002
   1408.23608  -1.21004434E-002
   1407.90263  -1.17958472E-002
   1407.56919  -1.15024531E-002
   1407.23575  -1.12196692E-002
   1406.90230  -1.09469425E-002
   1406.56886  -1.06837555E-002
   1406.23541  -1.04296239E-002
   1405.90197  -1.01840941E-002
   1405.56852  -9.94674044E-003
   1405.23508  -9.71716369E-003
   1404.90163  -9.49498882E-003
   1404.56819  -9.27986329E-003
   1404.23474  -9.07145552E-003
   1403.90130  -8.86945333E-003
   1403.56786  -8.67356263E-003
   1403.23441  -8.48350613E-003
   1402.90097  -8.29902226E-003
   1402.56752  -8.11986401E-003
   1402.23408  -7.94579803E-003
   1401.90063  -7.77660370E-003
   1401.56719  -7.61207228E-003
   1401.23374  -7.45200617E-003
   1400.90030  -7.29621815E-003
   1400.56686  -7.14453076E-003
   1400.23341  -6.99677568E-003
   1399.89997  -6.85279312E-003
   1399.56652  -6.71243137E-003
   1399.23308  -6.57554621E-003
   1398.89963  -6.44200053E-003
   1398.56619  -6.31166389E-003
   1398.23274  -6.18441210E-003
   1397.89930  -6.06012687E-003
   1397.56586  -5.93869547E-003
   1397.23241  -5.82001038E-003
   1396.89897  -5.70396905E-003
   1396.56552  -5.59047355E-003
   1396.23208  -5.47943035E-003
   1395.89863  -5.37075010E-003
   1395.56519  -5.26434733E-003
   1395.23174  -5.16014029E-003
   1394.89830  -5.05805073E-003
   1394.56485  -4.95800374E-003
   1394.23141  -4.85992753E-003
   1393.89797  -4.76375327E-003
   1393.56452  -4.66941497E-003
   1393.23108  -4.57684932E-003
   1392.89763  -4.48599552E-003
   1392.56419  -4.39679518E-003
   1392.23074  -4.30919221E-003
   1391.89730  -4.22313267E-003
   1391.56385  -4.13856469E-003
   1391.23041  -4.05543833E-003
   1390.89697  -3.97370556E-003
   1390.56352  -3.89332007E-003
   1390.23008  -3.81423726E-003
   1389.89663  -3.73641413E-003
   1389.56319  -3.65980919E-003
   1389.22974  -3.58438243E-003
   1388.89630  -3.51009519E-003
   1388.56285  -3.43691015E-003
   1388.22941  -3.36479124E-003
   1387.89597  -3.29370358E-003
   1387.56252  -3.22361345E-003
   1387.22908  -3.15448820E-003
   1386.89563  -3.08629623E-003
   1386.56219  -3.01900693E-003
   1386.22874  -2.95259062E-003
   1385.89530  -2.88701855E-003
   1385.56185  -2.82226281E-003
   1385.22841  -2.75829632E-003
   1384.89496  -2.69509278E-003
   1384.56152  -2.63262665E-003
   1384.22808  -2.57087310E-003
   1383.89463  -2.50980798E-003
   1383.56119  -2.44940778E-003
   1383.22774  -2.38964965E-003
   1382.89430  -2.33051130E-003
   1382.56085  -2.27197102E-003
   1382.22741  -2.21400764E-003
   1381.89396  -2.15660052E-003
   1381.56052  -2.09972948E-003
   1381.22708  -2.04337485E-003
   1380.89363  -1.98751738E-003
   1380.56019  -1.93213825E-003
   1380.22674  -1.87721907E-003
   1379.89330  -1.82274182E-003
   1379.55985  -1.76868884E-003
   1379.22641  -1.71504283E-003
   1378.89296  -1.66178684E-003
   1378.55952  -1.60890422E-003
   1378.22608  -1.55637861E-003
   1377.89263  -1.50419395E-003
   1377.55919  -1.45233445E-003
   1377.22574  -1.40078458E-003
   1376.89230  -1.34952903E-003
   1376.55885  -1.29855273E-003
   1376.22541  -1.24784082E-003
   1375.89196  -1.19737866E-003
   1375.55852  -1.14715175E-003
   1375.22508  -1.09714582E-003
   1374.89163  -1.04734672E-003
   1374.55819  -9.97740483E-004
   1374.22474  -9.48313254E-004
   1373.89130  -8.99051321E-004
   1373.55785  -8.49941087E-004
   1373.22441  -8.00969059E-004
   1372.89096  -7.52121839E-004
   1372.55752  -7.03386113E-004
   1372.22407  -6.54748642E-004
   1371.89063  -6.06196250E-004
   1371.55719  -5.57715813E-004
   1371.22374  -5.09294252E-004
   1370.89030  -4.60918519E-004
   1370.55685  -4.12575590E-004
   1370.22341  -3.64252453E-004
   1369.88996  -3.15936100E-004
   1369.55652  -2.67613515E-004
   1369.22307  -2.19271667E-004
   1368.88963  -1.70897496E-004
   1368.55619  -1.22477907E-004
   1368.22274  -7.39997573E-005
   1367.88930  -2.54498475E-005
   1367.55585   2.31850883E-005
   1367.22241   7.19183932E-005
   1366.88896   1.20763498E-004
   1366.55552   1.69733931E-004
   1366.22207   2.18843329E-004
   1365.88863   2.68105447E-004
   1365.55519   3.17534172E-004
   1365.22174   3.67143530E-004
   1364.88830   4.16947699E-004
   1364.55485   4.66961024E-004
   1364.22141   5.17198021E-004
   1363.88796   5.67673397E-004
   1363.55452   6.18402055E-004
   1363.22107   6.69399112E-004
   1362.88763   7.20679911E-004
   1362.55418   7.72260032E-004
   1362.22074   8.24155304E-004
   1361.88730   8.76381826E-004
   1361.55385   9.28955972E-004
   1361.22041   9.81894414E-004
   1360.88696   1.03521413E-003
   1360.55352   1.08893243E-003
   1360.22007   1.14306696E-003
   1359.88663   1.19763572E-003
   1359.55318   1.25265709E-003
   1359.21974   1.30814984E-003
   1358.88630   1.36413316E-003
   1358.55285   1.42062666E-003
   1358.21941   1.47765041E-003
   1357.88596   1.53522495E-003
   1357.55252   1.59337129E-003
   1357.21907   1.65211099E-003
   1356.88563   1.71146612E-003
   1356.55218   1.77145933E-003
   1356.21874   1.83211383E-003
   1355.88530   1.89345349E-003
   1355.55185   1.95550276E-003
   1355.21841   2.01828680E-003
   1354.88496   2.08183146E-003
   1354.55152   2.14616329E-003
   1354.21807   2.21130965E-003
   1353.88463   2.27729864E-003
   1353.55118   2.34415922E-003
   1353.21774   2.41192120E-003
   1352.88429   2.48061530E-003
   1352.55085   2.55027318E-003
   1352.21741   2.62092748E-003
   1351.88396   2.69261186E-003
   1351.55052   2.76536108E-003
   1351.21707   2.83921099E-003
   1350.88363   2.91419863E-003
   1350.55018   2.99036225E-003
   1350.21674   3.06774139E-003
   1349.88329   3.14637691E-003
   1349.54985   3.22631108E-003
   1349.21641   3.30758764E-003
   1348.88296   3.39025183E-003
   1348.54952   3.47435052E-003
   1348.21607   3.55993222E-003
   1347.88263   3.64704722E-003
   1347.54918   3.73574761E-003
   1347.21574   3.82608744E-003
   1346.88229   3.91812274E-003
   1346.54885   4.01191165E-003
   1346.21541   4.10751451E-003
   1345.88196   4.20499400E-003
   1345.54852   4.30441519E-003
   1345.21507   4.40584573E-003
   1344.88163   4.50935591E-003
   1344.54818   4.61501883E-003
   1344.21474   4.72291054E-003
   1343.88129   4.83311018E-003
   1343.54785   4.94570014E-003
   1343.21440   5.06076619E-003
   1342.88096   5.17839774E-003
   1342.54752   5.29868793E-003
   1342.21407   5.42173389E-003
   1341.88063   5.54763694E-003
   1341.54718   5.67650277E-003
   1341.21374   5.80844175E-003
   1340.88029   5.94356909E-003
   1340.54685   6.08200518E-003
   1340.21340   6.22387585E-003
   1339.87996   6.36931265E-003
   1339.54652   6.51845318E-003
   1339.21307   6.67144145E-003
   1338.87963   6.82842821E-003
   1338.54618   6.98957137E-003
   1338.21274   7.15503638E-003
   1337.87929   7.32499668E-003
   1337.54585   7.49963419E-003
   1337.21240   7.67913979E-003
   1336.87896   7.86371383E-003
   1336.54552   8.05356676E-003
   1336.21207   8.24891972E-003
   1335.87863   8.45000517E-003
   1335.54518   8.65706763E-003
   1335.21174   8.87036440E-003
   1334.87829   9.09016641E-003
   1334.54485   9.31675905E-003
   1334.21140   9.55044312E-003
   1333.87796   9.79153584E-003
   1333.54451   1.00403719E-002
   1333.21107   1.02973047E-002
   1332.87763   1.05627074E-002
   1332.54418   1.08369746E-002
   1332.21074   1.11205235E-002
   1331.87729   1.14137956E-002
   1331.54385   1.17172583E-002
   1331.21040   1.20314070E-002
   1330.87696   1.23567665E-002
   1330.54351   1.26938941E-002
   1330.21007   1.30433809E-002
   1329.87663   1.34058549E-002
   1329.54318   1.37819839E-002
   1329.20974   1.41724779E-002
   1328.87629   1.45780927E-002
   1328.54285   1.49996335E-002
   1328.20940   1.54379586E-002
   1327.87596   1.58939835E-002
   1327.54251   1.63686856E-002
   1327.20907   1.68631091E-002
   1326.87563   1.73783707E-002
   1326.54218   1.79156651E-002
   1326.20874   1.84762718E-002
   1325.87529   1.90615623E-002
   1325.54185   1.96730079E-002
   1325.20840   2.03121882E-002
   1324.87496   2.09808005E-002
   1324.54151   2.16806705E-002
   1324.20807   2.24137635E-002
   1323.87462   2.31821973E-002
   1323.54118   2.39882555E-002
   1323.20774   2.48344037E-002
   1322.87429   2.57233058E-002
   1322.54085   2.66578432E-002
   1322.20740   2.76411351E-002
   1321.87396   2.86765621E-002
   1321.54051   2.97677913E-002
   1321.20707   3.09188043E-002
   1320.87362   3.21339293E-002
   1320.54018   3.34178752E-002
   1320.20674   3.47757706E-002
   1319.87329   3.62132067E-002
   1319.53985   3.77362847E-002
   1319.20640   3.93516692E-002
   1318.87296   4.10666468E-002
   1318.53951   4.28891913E-002
   1318.20607   4.48280363E-002
   1317.87262   4.68927548E-002
   1317.53918   4.90938485E-002
   1317.20574   5.14428449E-002
   1316.87229   5.39524047E-002
   1316.53885   5.66364391E-002
   1316.20540   5.95102374E-002
   1315.87196   6.25906049E-002
   1315.53851   6.58960102E-002
   1315.20507   6.94467401E-002
   1314.87162   7.32650611E-002
   1314.53818   7.73753810E-002
   1314.20473   8.18044061E-002
   1313.87129   8.65812840E-002
   1313.53785   9.17377181E-002
   1313.20440   9.73080353E-002
   1312.87096   1.03329180E-001
   1312.53751   1.09840597E-001
   1312.20407   1.16883959E-001
   1311.87062   1.24502662E-001
   1311.53718   1.32741025E-001
   1311.20373   1.41643061E-001
   1310.87029   1.51250703E-001
   1310.53685   1.61601325E-001
   1310.20340   1.72724366E-001
   1309.86996   1.84636874E-001
   1309.53651   1.97337799E-001
   1309.20307   2.10800925E-001
   1308.86962   2.24966473E-001
   1308.53618   2.39731656E-001
   1308.20273   2.54940832E-001
   1307.86929   2.70376428E-001
   1307.53585   2.85752416E-001
   1307.20240   3.00712691E-001
   1306.86896   3.14837054E-001
   1306.53551   3.27657241E-001
   1306.20207   3.38684287E-001
   1305.86862   3.47446393E-001
   1305.53518   3.53533493E-001
   1305.20173   3.56641884E-001
   1304.86829   3.56610598E-001
   1304.53484   3.53441777E-001
   1304.20140   3.47300401E-001
   1303.86796   3.38493416E-001
   1303.53451   3.27433055E-001
   1303.20107   3.14592101E-001
   1302.86762   3.00459422E-001
   1302.53418   2.85502341E-001
   1302.20073   2.70139562E-001
   1301.86729   2.54725426E-001
   1301.53384   2.39544155E-001
   1301.20040   2.24811633E-001
   1300.86696   2.10682022E-001
   1300.53351   1.97256881E-001
   1300.20007   1.84595013E-001
   1299.86662   1.72721886E-001
   1299.53318   1.61638004E-001
   1299.19973   1.51325935E-001
   1298.86629   1.41755987E-001
   1298.53284   1.32890632E-001
   1298.19940   1.24687855E-001
   1297.86596   1.17103619E-001
   1297.53251   1.10093615E-001
   1297.19907   1.03614485E-001
   1296.86562   9.76246088E-002
   1296.53218   9.20846045E-002
   1296.19873   8.69575955E-002
   1295.86529   8.22093236E-002
   1295.53184   7.78081535E-002
   1295.19840   7.37250031E-002
   1294.86495   6.99332282E-002
   1294.53151   6.64084793E-002
   1294.19807   6.31285441E-002
   1293.86462   6.00731854E-002
   1293.53118   5.72239808E-002
   1293.19773   5.45641669E-002
   1292.86429   5.20784926E-002
   1292.53084   4.97530816E-002
   1292.19740   4.75753050E-002
   1291.86395   4.55336642E-002
   1291.53051   4.36176840E-002
   1291.19707   4.18178148E-002
   1290.86362   4.01253451E-002
   1290.53018   3.85323206E-002
   1290.19673   3.70314729E-002
   1289.86329   3.56161539E-002
   1289.52984   3.42802772E-002
   1289.19640   3.30182654E-002
   1288.86295   3.18250025E-002
   1288.52951   3.06957911E-002
   1288.19607   2.96263137E-002
   1287.86262   2.86125982E-002
   1287.52918   2.76509867E-002
   1287.19573   2.67381069E-002
   1286.86229   2.58708473E-002
   1286.52884   2.50463337E-002
   1286.19540   2.42619087E-002
   1285.86195   2.35151131E-002
   1285.52851   2.28036689E-002
   1285.19507   2.21254639E-002
   1284.86162   2.14785379E-002
   1284.52818   2.08610700E-002
   1284.19473   2.02713674E-002
   1283.86129   1.97078547E-002
   1283.52784   1.91690649E-002
   1283.19440   1.86536302E-002
   1282.86095   1.81602749E-002
   1282.52751   1.76878076E-002
   1282.19406   1.72351153E-002
   1281.86062   1.68011569E-002
   1281.52718   1.63849582E-002
   1281.19373   1.59856065E-002
   1280.86029   1.56022466E-002
   1280.52684   1.52340762E-002
   1280.19340   1.48803420E-002
   1279.85995   1.45403368E-002
   1279.52651   1.42133955E-002
   1279.19306   1.38988925E-002
   1278.85962   1.35962392E-002
   1278.52618   1.33048809E-002
   1278.19273   1.30242950E-002
   1277.85929   1.27539886E-002
   1277.52584   1.24934965E-002
   1277.19240   1.22423796E-002
   1276.85895   1.20002229E-002
   1276.52551   1.17666341E-002
   1276.19206   1.15412423E-002
   1275.85862   1.13236963E-002
   1275.52518   1.11136635E-002
   1275.19173   1.09108290E-002
   1274.85829   1.07148941E-002
   1274.52484   1.05255756E-002
   1274.19140   1.03426048E-002
   1273.85795   1.01657264E-002
   1273.52451   9.99469810E-003
   1273.19106   9.82928965E-003
   1272.85762   9.66928204E-003
   1272.52417   9.51446698E-003
   1272.19073   9.36464628E-003
   1271.85729   9.21963122E-003
   1271.52384   9.07924207E-003
   1271.19040   8.94330758E-003
   1270.85695   8.81166447E-003
   1270.52351   8.68415706E-003
   1270.19006   8.56063679E-003
   1269.85662   8.44096189E-003
   1269.52317   8.32499698E-003
   1269.18973   8.21261277E-003
   1268.85629   8.10368570E-003
   1268.52284   7.99809766E-003
   1268.18940   7.89573572E-003
   1267.85595   7.79649184E-003
   1267.52251   7.70026264E-003
   1267.18906   7.60694916E-003
   1266.85562   7.51645663E-003
   1266.52217   7.42869428E-003
   1266.18873   7.34357514E-003
   1265.85529   7.26101582E-003
   1265.52184   7.18093638E-003
   1265.18840   7.10326017E-003
   1264.85495   7.02791360E-003
   1264.52151   6.95482610E-003
   1264.18806   6.88392987E-003
   1263.85462   6.81515986E-003
   1263.52117   6.74845353E-003
   1263.18773   6.68375084E-003
   1262.85428   6.62099405E-003
   1262.52084   6.56012766E-003
   1262.18740   6.50109832E-003
   1261.85395   6.44385468E-003
   1261.52051   6.38834737E-003
   1261.18706   6.33452886E-003
   1260.85362   6.28235338E-003
   1260.52017   6.23177689E-003
   1260.18673   6.18275695E-003
   1259.85328   6.13525269E-003
   1259.51984   6.08922471E-003
   1259.18640   6.04463505E-003
   1258.85295   6.00144711E-003
   1258.51951   5.95962558E-003
   1258.18606   5.91913643E-003
   1257.85262   5.87994679E-003
   1257.51917   5.84202496E-003
   1257.18573   5.80534034E-003
   1256.85228   5.76986338E-003
   1256.51884   5.73556553E-003
   1256.18540   5.70241923E-003
   1255.85195   5.67039783E-003
   1255.51851   5.63947557E-003
   1255.18506   5.60962755E-003
   1254.85162   5.58082969E-003
   1254.51817   5.55305869E-003
   1254.18473   5.52629199E-003
   1253.85128   5.50050778E-003
   1253.51784   5.47568491E-003
   1253.18439   5.45180290E-003
   1252.85095   5.42884192E-003
   1252.51751   5.40678273E-003
   1252.18406   5.38560667E-003
   1251.85062   5.36529565E-003
   1251.51717   5.34583210E-003
   1251.18373   5.32719897E-003
   1250.85028   5.30937967E-003
   1250.51684   5.29235811E-003
   1250.18339   5.27611862E-003
   1249.84995   5.26064594E-003
   1249.51651   5.24592525E-003
   1249.18306   5.23194207E-003
   1248.84962   5.21868231E-003
   1248.51617   5.20613220E-003
   1248.18273   5.19427831E-003
   1247.84928   5.18310752E-003
   1247.51584   5.17260697E-003
   1247.18239   5.16276410E-003
   1246.84895   5.15356659E-003
   1246.51551   5.14500234E-003
   1246.18206   5.13705948E-003
   1245.84862   5.12972635E-003
   1245.51517   5.12299143E-003
   1245.18173   5.11684342E-003
   1244.84828   5.11127112E-003
   1244.51484   5.10626347E-003
   1244.18139   5.10180954E-003
   1243.84795   5.09789846E-003
   1243.51450   5.09451946E-003
   1243.18106   5.09166182E-003
   1242.84762   5.08931484E-003
   1242.51417   5.08746785E-003
   1242.18073   5.08611017E-003
   1241.84728   5.08523110E-003
   1241.51384   5.08481990E-003
   1241.18039   5.08486574E-003
   1240.84695   5.08535774E-003
   1240.51350   5.08628486E-003
   1240.18006   5.08763596E-003
   1239.84662   5.08939972E-003
   1239.51317   5.09156463E-003
   1239.17973   5.09411898E-003
   1238.84628   5.09705078E-003
   1238.51284   5.10034781E-003
   1238.17939   5.10399752E-003
   1237.84595   5.10798701E-003
   1237.51250   5.11230303E-003
   1237.17906   5.11693190E-003
   1236.84562   5.12185950E-003
   1236.51217   5.12707122E-003
   1236.17873   5.13255191E-003
   1235.84528   5.13828585E-003
   1235.51184   5.14425669E-003
   1235.17839   5.15044739E-003
   1234.84495   5.15684020E-003
   1234.51150   5.16341656E-003
   1234.17806   5.17015707E-003
   1233.84461   5.17704140E-003
   1233.51117   5.18404824E-003
   1233.17773   5.19115522E-003
   1232.84428   5.19833884E-003
   1232.51084   5.20557434E-003
   1232.17739   5.21283570E-003
   1231.84395   5.22009543E-003
   1231.51050   5.22732456E-003
   1231.17706   5.23449250E-003
   1230.84361   5.24156689E-003
   1230.51017   5.24851351E-003
   1230.17673   5.25529614E-003
   1229.84328   5.26187641E-003
   1229.50984   5.26821362E-003
   1229.17639   5.27426460E-003
   1228.84295   5.27998353E-003
   1228.50950   5.28532172E-003
   1228.17606   5.29022742E-003
   1227.84261   5.29464558E-003
   1227.50917   5.29851762E-003
   1227.17573   5.30178115E-003
   1226.84228   5.30436969E-003
   1226.50884   5.30621238E-003
   1226.17539   5.30723362E-003
   1225.84195   5.30735271E-003
   1225.50850   5.30648348E-003
   1225.17506   5.30453386E-003
   1224.84161   5.30140542E-003
   1224.50817   5.29699286E-003
   1224.17472   5.29118348E-003
   1223.84128   5.28385660E-003
   1223.50784   5.27488290E-003
   1223.17439   5.26412375E-003
   1222.84095   5.25143044E-003
   1222.50750   5.23664335E-003
   1222.17406   5.21959105E-003
   1221.84061   5.20008931E-003
   1221.50717   5.17794007E-003
   1221.17372   5.15293019E-003
   1220.84028   5.12483023E-003
   1220.50684   5.09339301E-003
   1220.17339   5.05835207E-003
   1219.83995   5.01941998E-003
   1219.50650   4.97628647E-003
   1219.17306   4.92861641E-003
   1218.83961   4.87604753E-003
   1218.50617   4.81818796E-003
   1218.17272   4.75461350E-003
   1217.83928   4.68486464E-003
   1217.50584   4.60844318E-003
   1217.17239   4.52480861E-003
   1216.83895   4.43337404E-003
   1216.50550   4.33350174E-003
   1216.17206   4.22449813E-003
   1215.83861   4.10560830E-003
   1215.50517   3.97600993E-003
   1215.17172   3.83480650E-003
   1214.83828   3.68101976E-003
   1214.50483   3.51358141E-003
   1214.17139   3.33132383E-003
   1213.83795   3.13296973E-003
   1213.50450   2.91712072E-003
   1213.17106   2.68224457E-003
   1212.83761   2.42666099E-003
   1212.50417   2.14852593E-003
   1212.17072   1.84581409E-003
   1211.83728   1.51629944E-003
   1211.50383   1.15753381E-003
   1211.17039   7.66823050E-004
   1210.83695   3.41200783E-004
   1210.50350  -1.22600413E-004
   1210.17006  -6.28180609E-004
   1209.83661  -1.17950690E-003
   1209.50317  -1.78095053E-003
   1209.16972  -2.43732668E-003
   1208.83628  -3.15393635E-003
   1208.50283  -3.93660985E-003
   1208.16939  -4.79175071E-003
   1207.83595  -5.72637827E-003
   1207.50250  -6.74816649E-003
   1207.16906  -7.86547539E-003
   1206.83561  -9.08736980E-003
   1206.50217  -1.04236185E-002
   1206.16872  -1.18846641E-002
   1205.83528  -1.34815497E-002
   1205.50183  -1.52257859E-002
   1205.16839  -1.71291351E-002
   1204.83494  -1.92032833E-002
   1204.50150  -2.14593639E-002
   1204.16806  -2.39072902E-002
   1203.83461  -2.65548473E-002
   1203.50117  -2.94064905E-002
   1203.16772  -3.24618031E-002
   1202.83428  -3.57135832E-002
   1202.50083  -3.91455631E-002
   1202.16739  -4.27298346E-002
   1201.83394  -4.64241486E-002
   1201.50050  -5.01694007E-002
   1201.16706  -5.38877786E-002
   1200.83361  -5.74822085E-002
   1200.50017  -6.08378368E-002
   1200.16672  -6.38262255E-002
   1199.83328  -6.63126482E-002
   1199.49983  -6.81662972E-002
   1199.16639  -6.92724190E-002
   1198.83294  -6.95446021E-002
   1198.49950  -6.89349491E-002
   1198.16606  -6.74399854E-002
   1197.83261  -6.51009540E-002
   1197.49917  -6.19984284E-002
   1197.16572  -5.82424746E-002
   1196.83228  -5.39604623E-002
   1196.49883  -4.92848101E-002
   1196.16539  -4.43425112E-002
   1195.83194  -3.92475089E-002
   1195.49850  -3.40961827E-002
   1195.16506  -2.89656060E-002
   1194.83161  -2.39139134E-002
   1194.49817  -1.89820381E-002
   1194.16472  -1.41961698E-002
   1193.83128  -9.57043577E-003
   1193.49783  -5.10948299E-003
   1193.16439  -8.10773884E-004
   1192.83094   3.33348098E-003
   1192.49750   7.33476541E-003
   1192.16405   1.12070469E-002
   1191.83061   1.49658663E-002
   1191.49717   1.86276759E-002
   1191.16372   2.22093770E-002
   1190.83028   2.57280118E-002
   1190.49683   2.92005746E-002
   1190.16339   3.26439127E-002
   1189.82994   3.60746929E-002
   1189.49650   3.95094173E-002
   1189.16305   4.29644755E-002
   1188.82961   4.64562224E-002
   1188.49617   5.00010765E-002
   1188.16272   5.36156333E-002
   1187.82928   5.73167903E-002
   1187.49583   6.11218841E-002
   1187.16239   6.50488357E-002
   1186.82894   6.91163064E-002
   1186.49550   7.33438643E-002
   1186.16205   7.77521610E-002
   1185.82861   8.23631204E-002
   1185.49517   8.72001418E-002
   1185.16172   9.22883161E-002
   1184.82828   9.76546591E-002
   1184.49483   1.03328360E-001
   1184.16139   1.09341048E-001
   1183.82794   1.15727075E-001
   1183.49450   1.22523815E-001
   1183.16105   1.29771972E-001
   1182.82761   1.37515903E-001
   1182.49416   1.45803932E-001
   1182.16072   1.54688650E-001
   1181.82728   1.64227193E-001
   1181.49383   1.74481444E-001
   1181.16039   1.85518146E-001
   1180.82694   1.97408859E-001
   1180.49350   2.10229697E-001
   1180.16005   2.24060729E-001
   1179.82661   2.38984945E-001
   1179.49316   2.55086586E-001
   1179.15972   2.72448653E-001
   1178.82628   2.91149315E-001
   1178.49283   3.11256917E-001
   1178.15939   3.32823233E-001
   1177.82594   3.55874622E-001
   1177.49250   3.80400767E-001
   1177.15905   4.06340853E-001
   1176.82561   4.33567322E-001
   1176.49216   4.61867861E-001
   1176.15872   4.90927041E-001
   1175.82528   5.20310047E-001
   1175.49183   5.49452090E-001
   1175.15839   5.77658131E-001
   1174.82494   6.04117970E-001
   1174.49150   6.27940975E-001
   1174.15805   6.48212136E-001
   1173.82461   6.64066712E-001
   1173.49116   6.74775087E-001
   1173.15772   6.79824387E-001
   1172.82427   6.78981097E-001
   1172.49083   6.72321084E-001
   1172.15739   6.60220096E-001
   1171.82394   6.43306961E-001
   1171.49050   6.22390059E-001
   1171.15705   5.98372284E-001
   1170.82361   5.72169660E-001
   1170.49016   5.44644849E-001
   1170.15672   5.16561213E-001
   1169.82327   4.88557839E-001
   1169.48983   4.61142397E-001
   1169.15639   4.34696961E-001
   1168.82294   4.09491864E-001
   1168.48950   3.85703377E-001
   1168.15605   3.63432189E-001
   1167.82261   3.42720757E-001
   1167.48916   3.23568491E-001
   1167.15572   3.05944398E-001
   1166.82227   2.89797211E-001
   1166.48883   2.75063211E-001
   1166.15539   2.61672110E-001
   1165.82194   2.49551310E-001
   1165.48850   2.38628881E-001
   1165.15505   2.28835508E-001
   1164.82161   2.20105645E-001
   1164.48816   2.12378015E-001
   1164.15472   2.05595603E-001
   1163.82127   1.99705174E-001
   1163.48783   1.94656398E-001
   1163.15438   1.90400559E-001
   1162.82094   1.86888886E-001
   1162.48750   1.84070475E-001
   1162.15405   1.81889873E-001
   1161.82061   1.80284374E-001
   1161.48716   1.79181239E-001
   1161.15372   1.78495114E-001
   1160.82027   1.78126126E-001
   1160.48683   1.77959246E-001
   1160.15338   1.77865606E-001
   1159.81994   1.77706386E-001
   1159.48650   1.77339592E-001
   1159.15305   1.76629503E-001
   1158.81961   1.75457807E-001
   1158.48616   1.73734753E-001
   1158.15272   1.71408183E-001
   1157.81927   1.68468510E-001
   1157.48583   1.64948481E-001
   1157.15238   1.60917735E-001
   1156.81894   1.56473397E-001
   1156.48550   1.51728684E-001
   1156.15205   1.46801600E-001
   1155.81861   1.41805403E-001
   1155.48516   1.36841752E-001
   1155.15172   1.31996731E-001
   1154.81827   1.27339404E-001
   1154.48483   1.22922269E-001
   1154.15138   1.18782937E-001
   1153.81794   1.14946447E-001
   1153.48449   1.11427761E-001
   1153.15105   1.08234159E-001
   1152.81761   1.05367370E-001
   1152.48416   1.02825378E-001
   1152.15072   1.00603877E-001
   1151.81727   9.86974385E-002
   1151.48383   9.71003931E-002
   1151.15038   9.58075119E-002
   1150.81694   9.48145086E-002
   1150.48349   9.41184137E-002
   1150.15005   9.37178489E-002
   1149.81661   9.36132300E-002
   1149.48316   9.38069144E-002
   1149.14972   9.43033082E-002
   1148.81627   9.51089390E-002
   1148.48283   9.62324965E-002
   1148.14938   9.76848361E-002
   1147.81594   9.94789379E-002
   1147.48249   1.01629803E-001
   1147.14905   1.04154261E-001
   1146.81561   1.07070666E-001
   1146.48216   1.10398414E-001
   1146.14872   1.14157249E-001
   1145.81527   1.18366267E-001
   1145.48183   1.23042540E-001
   1145.14838   1.28199254E-001
   1144.81494   1.33843257E-001
   1144.48149   1.39971926E-001
   1144.14805   1.46569272E-001
   1143.81460   1.53601312E-001
   1143.48116   1.61010827E-001
   1143.14772   1.68711860E-001
   1142.81427   1.76584568E-001
   1142.48083   1.84471391E-001
   1142.14738   1.92175815E-001
   1141.81394   1.99465234E-001
   1141.48049   2.06079296E-001
   1141.14705   2.11744540E-001
   1140.81360   2.16194988E-001
   1140.48016   2.19196744E-001
   1140.14672   2.20573025E-001
   1139.81327   2.20225037E-001
   1139.47983   2.18144295E-001
   1139.14638   2.14413584E-001
   1138.81294   2.09196325E-001
   1138.47949   2.02716801E-001
   1138.14605   1.95235458E-001
   1137.81260   1.87023945E-001
   1137.47916   1.78343690E-001
   1137.14572   1.69430222E-001
   1136.81227   1.60483833E-001
   1136.47883   1.51665901E-001
   1136.14538   1.43099551E-001
   1135.81194   1.34873144E-001
   1135.47849   1.27045273E-001
   1135.14505   1.19650233E-001
   1134.81160   1.12703314E-001
   1134.47816   1.06205520E-001
   1134.14471   1.00147554E-001
   1133.81127   9.45130492E-002
   1133.47783   8.92810879E-002
   1133.14438   8.44281211E-002
   1132.81094   7.99293782E-002
   1132.47749   7.57598784E-002
   1132.14405   7.18951288E-002
   1131.81060   6.83115875E-002
   1131.47716   6.49869505E-002
   1131.14371   6.19003116E-002
   1130.81027   5.90322310E-002
   1130.47683   5.63647421E-002
   1130.14338   5.38813149E-002
   1129.80994   5.15667937E-002
   1129.47649   4.94073172E-002
   1129.14305   4.73902312E-002
   1128.80960   4.55039981E-002
   1128.47616   4.37381062E-002
   1128.14271   4.20829833E-002
   1127.80927   4.05299132E-002
   1127.47583   3.90709590E-002
   1127.14238   3.76988907E-002
   1126.80894   3.64071193E-002
   1126.47549   3.51896366E-002
   1126.14205   3.40409602E-002
   1125.80860   3.29560832E-002
   1125.47516   3.19304295E-002
   1125.14171   3.09598129E-002
   1124.80827   3.00403999E-002
   1124.47482   2.91686771E-002
   1124.14138   2.83414208E-002
   1123.80794   2.75556702E-002
   1123.47449   2.68087034E-002
   1123.14105   2.60980154E-002
   1122.80760   2.54212981E-002
   1122.47416   2.47764234E-002
   1122.14071   2.41614261E-002
   1121.80727   2.35744906E-002
   1121.47382   2.30139371E-002
   1121.14038   2.24782102E-002
   1120.80694   2.19658680E-002
   1120.47349   2.14755730E-002
   1120.14005   2.10060826E-002
   1119.80660   2.05562420E-002
   1119.47316   2.01249766E-002
   1119.13971   1.97112855E-002
   1118.80627   1.93142358E-002
   1118.47282   1.89329569E-002
   1118.13938   1.85666360E-002
   1117.80594   1.82145133E-002
   1117.47249   1.78758782E-002
   1117.13905   1.75500653E-002
   1116.80560   1.72364512E-002
   1116.47216   1.69344514E-002
   1116.13871   1.66435173E-002
   1115.80527   1.63631339E-002
   1115.47182   1.60928169E-002
   1115.13838   1.58321110E-002
   1114.80493   1.55805878E-002
   1114.47149   1.53378435E-002
   1114.13805   1.51034978E-002
   1113.80460   1.48771919E-002
   1113.47116   1.46585875E-002
   1113.13771   1.44473646E-002
   1112.80427   1.42432215E-002
   1112.47082   1.40458724E-002
   1112.13738   1.38550474E-002
   1111.80393   1.36704907E-002
   1111.47049   1.34919602E-002
   1111.13705   1.33192266E-002
   1110.80360   1.31520723E-002
   1110.47016   1.29902911E-002
   1110.13671   1.28336873E-002
   1109.80327   1.26820751E-002
   1109.46982   1.25352779E-002
   1109.13638   1.23931280E-002
   1108.80293   1.22554660E-002
   1108.46949   1.21221404E-002
   1108.13605   1.19930068E-002
   1107.80260   1.18679279E-002
   1107.46916   1.17467732E-002
   1107.13571   1.16294181E-002
   1106.80227   1.15157441E-002
   1106.46882   1.14056381E-002
   1106.13538   1.12989925E-002
   1105.80193   1.11957046E-002
   1105.46849   1.10956765E-002
   1105.13505   1.09988148E-002
   1104.80160   1.09050303E-002
   1104.46816   1.08142382E-002
   1104.13471   1.07263571E-002
   1103.80127   1.06413097E-002
   1103.46782   1.05590222E-002
   1103.13438   1.04794239E-002
   1102.80093   1.04024476E-002
   1102.46749   1.03280289E-002
   1102.13404   1.02561066E-002
   1101.80060   1.01866220E-002
   1101.46716   1.01195195E-002
   1101.13371   1.00547456E-002
   1100.80027   9.99224950E-003
   1100.46682   9.93198283E-003
   1100.13338   9.87389936E-003
   1099.79993   9.81795507E-003
   1099.46649   9.76410806E-003
   1099.13304   9.71231842E-003
   1098.79960   9.66254823E-003
   1098.46616   9.61476139E-003
   1098.13271   9.56892367E-003
   1097.79927   9.52500256E-003
   1097.46582   9.48296726E-003
   1097.13238   9.44278862E-003
   1096.79893   9.40443906E-003
   1096.46549   9.36789258E-003
   1096.13204   9.33312467E-003
   1095.79860   9.30011230E-003
   1095.46516   9.26883386E-003
   1095.13171   9.23926915E-003
   1094.79827   9.21139931E-003
   1094.46482   9.18520685E-003
   1094.13138   9.16067557E-003
   1093.79793   9.13779058E-003
   1093.46449   9.11653824E-003
   1093.13104   9.09690616E-003
   1092.79760   9.07888319E-003
   1092.46415   9.06245940E-003
   1092.13071   9.04762606E-003
   1091.79727   9.03437565E-003
   1091.46382   9.02270183E-003
   1091.13038   9.01259945E-003
   1090.79693   9.00406455E-003
   1090.46349   8.99709433E-003
   1090.13004   8.99168721E-003
   1089.79660   8.98784276E-003
   1089.46315   8.98556177E-003
   1089.12971   8.98484622E-003
   1088.79627   8.98569929E-003
   1088.46282   8.98812543E-003
   1088.12938   8.99213027E-003
   1087.79593   8.99772075E-003
   1087.46249   9.00490506E-003
   1087.12904   9.01369269E-003
   1086.79560   9.02409449E-003
   1086.46215   9.03612263E-003
   1086.12871   9.04979069E-003
   1085.79527   9.06511366E-003
   1085.46182   9.08210800E-003
   1085.12838   9.10079168E-003
   1084.79493   9.12118419E-003
   1084.46149   9.14330664E-003
   1084.12804   9.16718179E-003
   1083.79460   9.19283410E-003
   1083.46115   9.22028979E-003
   1083.12771   9.24957693E-003
   1082.79426   9.28072547E-003
   1082.46082   9.31376738E-003
   1082.12738   9.34873665E-003
   1081.79393   9.38566945E-003
   1081.46049   9.42460418E-003
   1081.12704   9.46558160E-003
   1080.79360   9.50864492E-003
   1080.46015   9.55383991E-003
   1080.12671   9.60121505E-003
   1079.79326   9.65082164E-003
   1079.45982   9.70271397E-003
   1079.12638   9.75694943E-003
   1078.79293   9.81358872E-003
   1078.45949   9.87269600E-003
   1078.12604   9.93433909E-003
   1077.79260   9.99858967E-003
   1077.45915   1.00655235E-002
   1077.12571   1.01352206E-002
   1076.79226   1.02077657E-002
   1076.45882   1.02832482E-002
   1076.12538   1.03617627E-002
   1075.79193   1.04434092E-002
   1075.45849   1.05282936E-002
   1075.12504   1.06165277E-002
   1074.79160   1.07082301E-002
   1074.45815   1.08035262E-002
   1074.12471   1.09025488E-002
   1073.79126   1.10054386E-002
   1073.45782   1.11123448E-002
   1073.12437   1.12234256E-002
   1072.79093   1.13388488E-002
   1072.45749   1.14587924E-002
   1072.12404   1.15834455E-002
   1071.79060   1.17130092E-002
   1071.45715   1.18476969E-002
   1071.12371   1.19877360E-002
   1070.79026   1.21333681E-002
   1070.45682   1.22848511E-002
   1070.12337   1.24424591E-002
   1069.78993   1.26064852E-002
   1069.45649   1.27772415E-002
   1069.12304   1.29550616E-002
   1068.78960   1.31403022E-002
   1068.45615   1.33333444E-002
   1068.12271   1.35345963E-002
   1067.78926   1.37444952E-002
   1067.45582   1.39635095E-002
   1067.12237   1.41921421E-002
   1066.78893   1.44309329E-002
   1066.45549   1.46804622E-002
   1066.12204   1.49413541E-002
   1065.78860   1.52142807E-002
   1065.45515   1.54999662E-002
   1065.12171   1.57991917E-002
   1064.78826   1.61128008E-002
   1064.45482   1.64417048E-002
   1064.12137   1.67868898E-002
   1063.78793   1.71494234E-002
   1063.45448   1.75304629E-002
   1063.12104   1.79312638E-002
   1062.78760   1.83531897E-002
   1062.45415   1.87977232E-002
   1062.12071   1.92664776E-002
   1061.78726   1.97612104E-002
   1061.45382   2.02838381E-002
   1061.12037   2.08364525E-002
   1060.78693   2.14213391E-002
   1060.45348   2.20409971E-002
   1060.12004   2.26981623E-002
   1059.78660   2.33958315E-002
   1059.45315   2.41372903E-002
   1059.11971   2.49261433E-002
   1058.78626   2.57663478E-002
   1058.45282   2.66622501E-002
   1058.11937   2.76186255E-002
   1057.78593   2.86407218E-002
   1057.45248   2.97343054E-002
   1057.11904   3.09057106E-002
   1056.78560   3.21618912E-002
   1056.45215   3.35104727E-002
   1056.11871   3.49598041E-002
   1055.78526   3.65190061E-002
   1055.45182   3.81980128E-002
   1055.11837   4.00075996E-002
   1054.78493   4.19593927E-002
   1054.45148   4.40658464E-002
   1054.11804   4.63401773E-002
   1053.78459   4.87962337E-002
   1053.45115   5.14482779E-002
   1053.11771   5.43106486E-002
   1052.78426   5.73972628E-002
   1052.45082   6.07209113E-002
   1052.11737   6.42922883E-002
   1051.78393   6.81186974E-002
   1051.45048   7.22023717E-002
   1051.11704   7.65383660E-002
   1050.78359   8.11120069E-002
   1050.45015   8.58959575E-002
   1050.11671   9.08470524E-002
   1049.78326   9.59032119E-002
   1049.44982   1.00980928E-001
   1049.11637   1.05974018E-001
   1048.78293   1.10754491E-001
   1048.44948   1.15176367E-001
   1048.11604   1.19083074E-001
   1047.78259   1.22318430E-001
   1047.44915   1.24740403E-001
   1047.11571   1.26235821E-001
   1046.78226   1.26733502E-001
   1046.44882   1.26213108E-001
   1046.11537   1.24707772E-001
   1045.78193   1.22299861E-001
   1045.44848   1.19110867E-001
   1045.11504   1.15287654E-001
   1044.78159   1.10987762E-001
   1044.44815   1.06366181E-001
   1044.11470   1.01565195E-001
   1043.78126   9.67078717E-002
   1043.44782   9.18950249E-002
   1043.11437   8.72049332E-002
   1042.78093   8.26949658E-002
   1042.44748   7.84042890E-002
   1042.11404   7.43570091E-002
   1041.78059   7.05653042E-002
   1041.44715   6.70322760E-002
   1041.11370   6.37543962E-002
   1040.78026   6.07235086E-002
   1040.44682   5.79284115E-002
   1040.11337   5.53560688E-002
   1039.77993   5.29925107E-002
   1039.44648   5.08234841E-002
   1039.11304   4.88349083E-002
   1038.77959   4.70131802E-002
   1038.44615   4.53453692E-002
   1038.11270   4.38193300E-002
   1037.77926   4.24237563E-002
   1037.44582   4.11481954E-002
   1037.11237   3.99830333E-002
   1036.77893   3.89194629E-002
   1036.44548   3.79494407E-002
   1036.11204   3.70656375E-002
   1035.77859   3.62613864E-002
   1035.44515   3.55306306E-002
   1035.11170   3.48678728E-002
   1034.77826   3.42681268E-002
   1034.44481   3.37268716E-002
   1034.11137   3.32400096E-002
   1033.77793   3.28038273E-002
   1033.44448   3.24149600E-002
   1033.11104   3.20703591E-002
   1032.77759   3.17672626E-002
   1032.44415   3.15031686E-002
   1032.11070   3.12758115E-002
   1031.77726   3.10831398E-002
   1031.44381   3.09232969E-002
   1031.11037   3.07946038E-002
   1030.77693   3.06955430E-002
   1030.44348   3.06247445E-002
   1030.11004   3.05809732E-002
   1029.77659   3.05631176E-002
   1029.44315   3.05701794E-002
   1029.10970   3.06012647E-002
   1028.77626   3.06555754E-002
   1028.44281   3.07324023E-002
   1028.10937   3.08311183E-002
   1027.77593   3.09511727E-002
   1027.44248   3.10920859E-002
   1027.10904   3.12534447E-002
   1026.77559   3.14348984E-002
   1026.44215   3.16361547E-002
   1026.10870   3.18569768E-002
   1025.77526   3.20971804E-002
   1025.44181   3.23566314E-002
   1025.10837   3.26352431E-002
   1024.77492   3.29329750E-002
   1024.44148   3.32498309E-002
   1024.10804   3.35858574E-002
   1023.77459   3.39411428E-002
   1023.44115   3.43158163E-002
   1023.10770   3.47100475E-002
   1022.77426   3.51240454E-002
   1022.44081   3.55580583E-002
   1022.10737   3.60123738E-002
   1021.77392   3.64873189E-002
   1021.44048   3.69832598E-002
   1021.10704   3.75006026E-002
   1020.77359   3.80397939E-002
   1020.44015   3.86013213E-002
   1020.10670   3.91857143E-002
   1019.77326   3.97935456E-002
   1019.43981   4.04254320E-002
   1019.10637   4.10820360E-002
   1018.77292   4.17640671E-002
   1018.43948   4.24722839E-002
   1018.10604   4.32074959E-002
   1017.77259   4.39705656E-002
   1017.43915   4.47624107E-002
   1017.10570   4.55840072E-002
   1016.77226   4.64363916E-002
   1016.43881   4.73206644E-002
   1016.10537   4.82379932E-002
   1015.77192   4.91896164E-002
   1015.43848   5.01768473E-002
   1015.10504   5.12010779E-002
   1014.77159   5.22637841E-002
   1014.43815   5.33665301E-002
   1014.10470   5.45109741E-002
   1013.77126   5.56988741E-002
   1013.43781   5.69320944E-002
   1013.10437   5.82126119E-002
   1012.77092   5.95425240E-002
   1012.43748   6.09240564E-002
   1012.10403   6.23595718E-002
   1011.77059   6.38515790E-002
   1011.43715   6.54027438E-002
   1011.10370   6.70158993E-002
   1010.77026   6.86940582E-002
   1010.43681   7.04404259E-002
   1010.10337   7.22584143E-002
   1009.76992   7.41516577E-002
   1009.43648   7.61240290E-002
   1009.10303   7.81796583E-002
   1008.76959   8.03229526E-002
   1008.43615   8.25586175E-002
   1008.10270   8.48916806E-002
   1007.76926   8.73275180E-002
   1007.43581   8.98718817E-002
   1007.10237   9.25309311E-002
   1006.76892   9.53112667E-002
   1006.43548   9.82199671E-002
   1006.10203   1.01264630E-001
   1005.76859   1.04453416E-001
   1005.43515   1.07795100E-001
   1005.10170   1.11299122E-001
   1004.76826   1.14975649E-001
   1004.43481   1.18835641E-001
   1004.10137   1.22890921E-001
   1003.76792   1.27154258E-001
   1003.43448   1.31639451E-001
   1003.10103   1.36361431E-001
   1002.76759   1.41336368E-001
   1002.43414   1.46581789E-001
   1002.10070   1.52116711E-001
   1001.76726   1.57961790E-001
   1001.43381   1.64139482E-001
   1001.10037   1.70674226E-001
   1000.76692   1.77592644E-001
   1000.43348   1.84923765E-001
   1000.10003   1.92699274E-001
    999.76659   2.00953785E-001
    999.43314   2.09725152E-001
    999.09970   2.19054804E-001
    998.76626   2.28988126E-001
    998.43281   2.39574871E-001
    998.09937   2.50869628E-001
    997.76592   2.62932320E-001
    997.43248   2.75828773E-001
    997.09903   2.89631315E-001
    996.76559   3.04419445E-001
    996.43214   3.20280546E-001
    996.09870   3.37310647E-001
    995.76526   3.55615225E-001
    995.43181   3.75310035E-001
    995.09837   3.96521941E-001
    994.76492   4.19389716E-001
    994.43148   4.44064763E-001
    994.09803   4.70711678E-001
    993.76459   4.99508557E-001
    993.43114   5.30646904E-001
    993.09770   5.64330945E-001
    992.76425   6.00776090E-001
    992.43081   6.40206184E-001
    992.09737   6.82849125E-001
    991.76392   7.28930253E-001
    991.43048   7.78662816E-001
    991.09703   8.32234682E-001
    990.76359   8.89790345E-001
    990.43014   9.51407255E-001
    990.09670   1.01706561E+000
    989.76325   1.08661114E+000
    989.42981   1.15971117E+000
    989.09637   1.23580554E+000
    988.76292   1.31405620E+000
    988.42948   1.39330160E+000
    988.09603   1.47202569E+000
    987.76259   1.54835383E+000
    987.42914   1.62008951E+000
    987.09570   1.68480393E+000
    986.76225   1.73998412E+000
    986.42881   1.78323329E+000
    986.09537   1.81250207E+000
    985.76192   1.82631482E+000
    985.42848   1.82394804E+000
    985.09503   1.80552230E+000
    984.76159   1.77198674E+000
    984.42814   1.72499965E+000
    984.09470   1.66673219E+000
    983.76125   1.59963651E+000
    983.42781   1.52622008E+000
    983.09436   1.44885865E+000
    982.76092   1.36966456E+000
    982.42748   1.29041301E+000
    982.09403   1.21251824E+000
    981.76059   1.13704658E+000
    981.42714   1.06475275E+000
    981.09370   9.96127574E-001
    980.76025   9.31448622E-001
    980.42681   8.70828039E-001
    980.09336   8.14254711E-001
    979.75992   7.61629486E-001
    979.42648   7.12793473E-001
    979.09303   6.67550010E-001
    978.75959   6.25681233E-001
    978.42614   5.86960218E-001
    978.09270   5.51159609E-001
    977.75925   5.18057532E-001
    977.42581   4.87441472E-001
    977.09236   4.59110632E-001
    976.75892   4.32877208E-001
    976.42548   4.08566875E-001
    976.09203   3.86018757E-001
    975.75859   3.65085032E-001
    975.42514   3.45630317E-001
    975.09170   3.27530916E-001
    974.75825   3.10674008E-001
    974.42481   2.94956815E-001
    974.09136   2.80285774E-001
    973.75792   2.66575753E-001
    973.42447   2.53749290E-001
    973.09103   2.41735904E-001
    972.75759   2.30471441E-001
    972.42414   2.19897478E-001
    972.09070   2.09960785E-001
    971.75725   2.00612828E-001
    971.42381   1.91809319E-001
    971.09036   1.83509814E-001
    970.75692   1.75677345E-001
    970.42347   1.68278089E-001
    970.09003   1.61281074E-001
    969.75659   1.54657907E-001
    969.42314   1.48382537E-001
    969.08970   1.42431034E-001
    968.75625   1.36781396E-001
    968.42281   1.31413373E-001
    968.08936   1.26308306E-001
    967.75592   1.21448988E-001
    967.42247   1.16819532E-001
    967.08903   1.12405254E-001
    966.75559   1.08192572E-001
    966.42214   1.04168908E-001
    966.08870   1.00322600E-001
    965.75525   9.66428294E-002
    965.42181   9.31195468E-002
    965.08836   8.97434089E-002
    964.75492   8.65057207E-002
    964.42147   8.33983826E-002
    964.08803   8.04138421E-002
    963.75458   7.75450509E-002
    963.42114   7.47854241E-002
    963.08770   7.21288049E-002
    962.75425   6.95694305E-002
    962.42081   6.71019024E-002
    962.08736   6.47211587E-002
    961.75392   6.24224482E-002
    961.42047   6.02013079E-002
    961.08703   5.80535409E-002
    960.75358   5.59751973E-002
    960.42014   5.39625560E-002
    960.08670   5.20121083E-002
    959.75325   5.01205424E-002
    959.41981   4.82847294E-002
    959.08636   4.65017104E-002
    958.75292   4.47686845E-002
    958.41947   4.30829975E-002
    958.08603   4.14421319E-002
    957.75258   3.98436972E-002
    957.41914   3.82854211E-002
    957.08570   3.67651414E-002
    956.75225   3.52807983E-002
    956.41881   3.38304271E-002
    956.08536   3.24121520E-002
    955.75192   3.10241795E-002
    955.41847   2.96647930E-002
    955.08503   2.83323469E-002
    954.75158   2.70252620E-002
    954.41814   2.57420207E-002
    954.08469   2.44811622E-002
    953.75125   2.32412784E-002
    953.41781   2.20210102E-002
    953.08436   2.08190433E-002
    952.75092   1.96341050E-002
    952.41747   1.84649605E-002
    952.08403   1.73104100E-002
    951.75058   1.61692853E-002
    951.41714   1.50404470E-002
    951.08369   1.39227816E-002
    950.75025   1.28151989E-002
    950.41681   1.17166292E-002
    950.08336   1.06260209E-002
    949.74992   9.54233779E-003
    949.41647   8.46455681E-003
    949.08303   7.39166565E-003
    948.74958   6.32266033E-003
    948.41614   5.25654294E-003
    948.08269   4.19231932E-003
    947.74925   3.12899682E-003
    947.41581   2.06558194E-003
    947.08236   1.00107810E-003
    946.74892  -6.55167013E-005
    946.41547  -1.13521223E-003
    946.08203  -2.20902838E-003
    945.74858  -3.28799765E-003
    945.41514  -4.37316759E-003
    945.08169  -5.46560338E-003
    944.74825  -6.56639050E-003
    944.41480  -7.67663743E-003
    944.08136  -8.79747853E-003
    943.74792  -9.93007702E-003
    943.41447  -1.10756280E-002
    943.08103  -1.22353620E-002
    942.74758  -1.34105479E-002
    942.41414  -1.46024970E-002
    942.08069  -1.58125667E-002
    941.74725  -1.70421643E-002
    941.41380  -1.82927520E-002
    941.08036  -1.95658504E-002
    940.74692  -2.08630443E-002
    940.41347  -2.21859876E-002
    940.08003  -2.35364087E-002
    939.74658  -2.49161164E-002
    939.41314  -2.63270067E-002
    939.07969  -2.77710694E-002
    938.74625  -2.92503953E-002
    938.41280  -3.07671846E-002
    938.07936  -3.23237550E-002
    937.74592  -3.39225513E-002
    937.41247  -3.55661553E-002
    937.07903  -3.72572965E-002
    936.74558  -3.89988643E-002
    936.41214  -4.07939202E-002
    936.07869  -4.26457119E-002
    935.74525  -4.45576885E-002
    935.41180  -4.65335165E-002
    935.07836  -4.85770983E-002
    934.74491  -5.06925908E-002
    934.41147  -5.28844277E-002
    934.07803  -5.51573419E-002
    933.74458  -5.75163913E-002
    933.41114  -5.99669869E-002
    933.07769  -6.25149229E-002
    932.74425  -6.51664105E-002
    932.41080  -6.79281148E-002
    932.07736  -7.08071951E-002
    931.74391  -7.38113498E-002
    931.41047  -7.69488650E-002
    931.07703  -8.02286693E-002
    930.74358  -8.36603932E-002
    930.41014  -8.72544352E-002
    930.07669  -9.10220348E-002
    929.74325  -9.49753534E-002
    929.40980  -9.91275637E-002
    929.07636  -1.03492949E-001
    928.74291  -1.08087012E-001
    928.40947  -1.12926600E-001
    928.07603  -1.18030035E-001
    927.74258  -1.23417269E-001
    927.40914  -1.29110050E-001
    927.07569  -1.35132105E-001
    926.74225  -1.41509347E-001
    926.40880  -1.48270107E-001
    926.07536  -1.55445383E-001
    925.74191  -1.63069124E-001
    925.40847  -1.71178541E-001
    925.07503  -1.79814453E-001
    924.74158  -1.89021661E-001
    924.40814  -1.98849371E-001
    924.07469  -2.09351642E-001
    923.74125  -2.20587886E-001
    923.40780  -2.32623400E-001
    923.07436  -2.45529931E-001
    922.74091  -2.59386280E-001
    922.40747  -2.74278914E-001
    922.07402  -2.90302590E-001
    921.74058  -3.07560946E-001
    921.40714  -3.26167037E-001
    921.07369  -3.46243750E-001
    920.74025  -3.67924026E-001
    920.40680  -3.91350783E-001
    920.07336  -4.16676391E-001
    919.73991  -4.44061502E-001
    919.40647  -4.73672983E-001
    919.07302  -5.05680607E-001
    918.73958  -5.40252082E-001
    918.40614  -5.77545889E-001
    918.07269  -6.17701296E-001
    917.73925  -6.60824861E-001
    917.40580  -7.06972682E-001
    917.07236  -7.56127765E-001
    916.73891  -8.08172173E-001
    916.40547  -8.62854178E-001
    916.07202  -9.19751672E-001
    915.73858  -9.78234608E-001
    915.40514  -1.03743128E+000
    915.07169  -1.09620561E+000
    914.73825  -1.15315480E+000
    914.40480  -1.20663761E+000
    914.07136  -1.25484224E+000
    913.73791  -1.29589774E+000
    913.40447  -1.32802408E+000
    913.07102  -1.34970463E+000
    912.73758  -1.35985418E+000
    912.40413  -1.35795031E+000
    912.07069  -1.34409995E+000
    911.73725  -1.31902552E+000
    911.40380  -1.28397422E+000
    911.07036  -1.24057071E+000
    910.73691  -1.19064421E+000
    910.40347  -1.13606091E+000
    910.07002  -1.07858574E+000
    909.73658  -1.01978545E+000
    909.40313  -9.60974847E-001
    909.06969  -9.03199891E-001
    908.73625  -8.47248027E-001
    908.40280  -7.93675538E-001
    908.06936  -7.42843225E-001
    907.73591  -6.94954072E-001
    907.40247  -6.50088799E-001
    907.06902  -6.08237114E-001
    906.73558  -5.69323804E-001
    906.40213  -5.33229668E-001
    906.06869  -4.99807762E-001
    905.73525  -4.68895639E-001
    905.40180  -4.40324310E-001
    905.06836  -4.13924607E-001
    904.73491  -3.89531540E-001
    904.40147  -3.66987151E-001
    904.06802  -3.46142246E-001
    903.73458  -3.26857319E-001
    903.40113  -3.09002909E-001
    903.06769  -2.92459569E-001
    902.73424  -2.77117558E-001
    902.40080  -2.62876390E-001
    902.06736  -2.49644266E-001
    901.73391  -2.37337470E-001
    901.40047  -2.25879751E-001
    901.06702  -2.15201707E-001
    900.73358  -2.05240197E-001
    900.40013  -1.95937784E-001
    900.06669  -1.87242215E-001
    899.73324  -1.79105939E-001
    899.39980  -1.71485669E-001
    899.06636  -1.64341971E-001
    898.73291  -1.57638905E-001
    898.39947  -1.51343688E-001
    898.06602  -1.45426393E-001
    897.73258  -1.39859679E-001
    897.39913  -1.34618548E-001
    897.06569  -1.29680118E-001
    896.73224  -1.25023429E-001
    896.39880  -1.20629266E-001
    896.06536  -1.16479993E-001
    895.73191  -1.12559410E-001
    895.39847  -1.08852624E-001
    895.06502  -1.05345931E-001
    894.73158  -1.02026708E-001
    894.39813  -9.88833213E-002
    894.06469  -9.59050361E-002
    893.73124  -9.30819421E-002
    893.39780  -9.04048818E-002
    893.06435  -8.78653874E-002
    892.73091  -8.54556232E-002
    892.39747  -8.31683340E-002
    892.06402  -8.09967974E-002
    891.73058  -7.89347817E-002
    891.39713  -7.69765070E-002
    891.06369  -7.51166099E-002
    890.73024  -7.33501119E-002
    890.39680  -7.16723901E-002
    890.06335  -7.00791509E-002
    889.72991  -6.85664063E-002
    889.39647  -6.71304516E-002
    889.06302  -6.57678459E-002
    888.72958  -6.44753939E-002
    888.39613  -6.32501295E-002
    888.06269  -6.20893007E-002
    887.72924  -6.09903560E-002
    887.39580  -5.99509324E-002
    887.06235  -5.89688435E-002
    886.72891  -5.80420699E-002
    886.39547  -5.71687496E-002
    886.06202  -5.63471699E-002
    885.72858  -5.55757598E-002
    885.39513  -5.48530831E-002
    885.06169  -5.41778330E-002
    884.72824  -5.35488258E-002
    884.39480  -5.29649971E-002
    884.06135  -5.24253973E-002
    883.72791  -5.19291883E-002
    883.39446  -5.14756402E-002
    883.06102  -5.10641294E-002
    882.72758  -5.06941364E-002
    882.39413  -5.03652446E-002
    882.06069  -5.00771393E-002
    881.72724  -4.98296076E-002
    881.39380  -4.96225386E-002
    881.06035  -4.94559236E-002
    880.72691  -4.93298581E-002
    880.39346  -4.92445432E-002
    880.06002  -4.92002877E-002
    879.72658  -4.91975116E-002
    879.39313  -4.92367496E-002
    879.05969  -4.93186547E-002
    878.72624  -4.94440042E-002
    878.39280  -4.96137044E-002
    878.05935  -4.98287981E-002
    877.72591  -5.00904711E-002
    877.39246  -5.04000615E-002
    877.05902  -5.07590681E-002
    876.72558  -5.11691621E-002
    876.39213  -5.16321981E-002
    876.05869  -5.21502276E-002
    875.72524  -5.27255137E-002
    875.39180  -5.33605475E-002
    875.05835  -5.40580666E-002
    874.72491  -5.48210749E-002
    874.39146  -5.56528657E-002
    874.05802  -5.65570463E-002
    873.72457  -5.75375667E-002
    873.39113  -5.85987498E-002
    873.05769  -5.97453265E-002
    872.72424  -6.09824739E-002
    872.39080  -6.23158582E-002
    872.05735  -6.37516819E-002
    871.72391  -6.52967373E-002
    871.39046  -6.69584646E-002
    871.05702  -6.87450180E-002
    870.72357  -7.06653380E-002
    870.39013  -7.27292326E-002
    870.05669  -7.49474667E-002
    869.72324  -7.73318622E-002
    869.38980  -7.98954078E-002
    869.05635  -8.26523810E-002
    868.72291  -8.56184823E-002
    868.38946  -8.88109828E-002
    868.05602  -9.22488847E-002
    867.72257  -9.59530968E-002
    867.38913  -9.99466222E-002
    867.05569  -1.04254759E-001
    866.72224  -1.08905312E-001
    866.38880  -1.13928807E-001
    866.05535  -1.19358709E-001
    865.72191  -1.25231628E-001
    865.38846  -1.31587500E-001
    865.05502  -1.38469727E-001
    864.72157  -1.45925243E-001
    864.38813  -1.54004466E-001
    864.05468  -1.62761089E-001
    863.72124  -1.72251636E-001
    863.38780  -1.82534680E-001
    863.05435  -1.93669617E-001
    862.72091  -2.05714832E-001
    862.38746  -2.18725065E-001
    862.05402  -2.32747762E-001
    861.72057  -2.47818153E-001
    861.38713  -2.63952815E-001
    861.05368  -2.81141493E-001
    860.72024  -2.99337093E-001
    860.38680  -3.18443957E-001
    860.05335  -3.38304923E-001
    859.71991  -3.58688230E-001
    859.38646  -3.79276066E-001
    859.05302  -3.99657373E-001
    858.71957  -4.19328273E-001
    858.38613  -4.37703711E-001
    858.05268  -4.54143297E-001
    857.71924  -4.67992370E-001
    857.38580  -4.78636093E-001
    857.05235  -4.85560288E-001
    856.71891  -4.88409229E-001
    856.38546  -4.87029102E-001
    856.05202  -4.81487648E-001
    855.71857  -4.72065443E-001
    855.38513  -4.59220845E-001
    855.05168  -4.43536495E-001
    854.71824  -4.25658360E-001
    854.38479  -4.06238028E-001
    854.05135  -3.85886062E-001
    853.71791  -3.65140158E-001
    853.38446  -3.44448230E-001
    853.05102  -3.24164000E-001
    852.71757  -3.04551642E-001
    852.38413  -2.85795920E-001
    852.05068  -2.68014901E-001
    851.71724  -2.51273121E-001
    851.38379  -2.35593867E-001
    851.05035  -2.20969891E-001
    850.71691  -2.07372304E-001
    850.38346  -1.94757670E-001
    850.05002  -1.83073496E-001
    849.71657  -1.72262346E-001
    849.38313  -1.62264848E-001
    849.04968  -1.53021810E-001
    848.71624  -1.44475671E-001
    848.38279  -1.36571436E-001
    848.04935  -1.29257242E-001
    847.71591  -1.22484646E-001
    847.38246  -1.16208734E-001
    847.04902  -1.10388089E-001
    846.71557  -1.04984676E-001
    846.38213  -9.99636790E-002
    846.04868  -9.52932982E-002
    845.71524  -9.09445368E-002
    845.38179  -8.68909836E-002
    845.04835  -8.31085992E-002
    844.71490  -7.95755112E-002
    844.38146  -7.62718203E-002
    844.04802  -7.31794199E-002
    843.71457  -7.02818294E-002
    843.38113  -6.75640412E-002
    843.04768  -6.50123811E-002
    842.71424  -6.26143815E-002
    842.38079  -6.03586662E-002
    842.04735  -5.82348462E-002
    841.71390  -5.62334263E-002
    841.38046  -5.43457199E-002
    841.04702  -5.25637732E-002
    840.71357  -5.08802961E-002
    840.38013  -4.92886007E-002
    840.04668  -4.77825454E-002
    839.71324  -4.63564848E-002
    839.37979  -4.50052250E-002
    839.04635  -4.37239822E-002
    838.71290  -4.25083468E-002
    838.37946  -4.13542497E-002
    838.04602  -4.02579331E-002
    837.71257  -3.92159230E-002
    837.37913  -3.82250052E-002
    837.04568  -3.72822032E-002
    836.71224  -3.63847579E-002
    836.37879  -3.55301102E-002
    836.04535  -3.47158843E-002
    835.71190  -3.39398724E-002
    835.37846  -3.32000219E-002
    835.04502  -3.24944228E-002
    834.71157  -3.18212964E-002
    834.37813  -3.11789853E-002
    834.04468  -3.05659441E-002
    833.71124  -2.99807309E-002
    833.37779  -2.94219995E-002
    833.04435  -2.88884925E-002
    832.71090  -2.83790348E-002
    832.37746  -2.78925276E-002
    832.04401  -2.74279429E-002
    831.71057  -2.69843189E-002
    831.37713  -2.65607550E-002
    831.04368  -2.61564081E-002
    830.71024  -2.57704882E-002
    830.37679  -2.54022554E-002
    830.04335  -2.50510164E-002
    829.70990  -2.47161215E-002
    829.37646  -2.43969618E-002
    829.04301  -2.40929671E-002
    828.70957  -2.38036029E-002
    828.37613  -2.35283688E-002
    828.04268  -2.32667963E-002
    827.70924  -2.30184470E-002
    827.37579  -2.27829109E-002
    827.04235  -2.25598049E-002
    826.70890  -2.23487715E-002
    826.37546  -2.21494771E-002
    826.04201  -2.19616113E-002
    825.70857  -2.17848853E-002
    825.37513  -2.16190312E-002
    825.04168  -2.14638012E-002
    824.70824  -2.13189662E-002
    824.37479  -2.11843155E-002
    824.04135  -2.10596560E-002
    823.70790  -2.09448114E-002
    823.37446  -2.08396217E-002
    823.04101  -2.07439428E-002
    822.70757  -2.06576457E-002
    822.37412  -2.05806164E-002
    822.04068  -2.05127556E-002
    821.70724  -2.04539778E-002
    821.37379  -2.04042117E-002
    821.04035  -2.03633997E-002
    820.70690  -2.03314975E-002
    820.37346  -2.03084745E-002
    820.04001  -2.02943131E-002
    819.70657  -2.02890089E-002
    819.37312  -2.02925708E-002
    819.03968  -2.03050210E-002
    818.70624  -2.03263948E-002
    818.37279  -2.03567409E-002
    818.03935  -2.03961217E-002
    817.70590  -2.04446130E-002
    817.37246  -2.05023050E-002
    817.03901  -2.05693017E-002
    816.70557  -2.06457219E-002
    816.37212  -2.07316994E-002
    816.03868  -2.08273830E-002
    815.70524  -2.09329378E-002
    815.37179  -2.10485449E-002
    815.03835  -2.11744025E-002
    814.70490  -2.13107263E-002
    814.37146  -2.14577504E-002
    814.03801  -2.16157280E-002
    813.70457  -2.17849321E-002
    813.37112  -2.19656567E-002
    813.03768  -2.21582175E-002
    812.70423  -2.23629534E-002
    812.37079  -2.25802274E-002
    812.03735  -2.28104278E-002
    811.70390  -2.30539700E-002
    811.37046  -2.33112977E-002
    811.03701  -2.35828846E-002
    810.70357  -2.38692365E-002
    810.37012  -2.41708926E-002
    810.03668  -2.44884284E-002
    809.70323  -2.48224574E-002
    809.36979  -2.51736336E-002
    809.03635  -2.55426547E-002
    808.70290  -2.59302645E-002
    808.36946  -2.63372562E-002
    808.03601  -2.67644759E-002
    807.70257  -2.72128264E-002
    807.36912  -2.76832709E-002
    807.03568  -2.81768381E-002
    806.70223  -2.86946262E-002
    806.36879  -2.92378088E-002
    806.03535  -2.98076403E-002
    805.70190  -3.04054621E-002
    805.36846  -3.10327097E-002
    805.03501  -3.16909196E-002
    804.70157  -3.23817382E-002
    804.36812  -3.31069298E-002
    804.03468  -3.38683873E-002
    803.70123  -3.46681419E-002
    803.36779  -3.55083758E-002
    803.03434  -3.63914344E-002
    802.70090  -3.73198405E-002
    802.36746  -3.82963104E-002
    802.03401  -3.93237705E-002
    801.70057  -4.04053762E-002
    801.36712  -4.15445333E-002
    801.03368  -4.27449204E-002
    800.70023  -4.40105145E-002
    800.36679  -4.53456193E-002
    800.03334  -4.67548960E-002
    799.69990  -4.82433982E-002
    799.36646  -4.98166094E-002
    799.03301  -5.14804858E-002
    798.69957  -5.32415034E-002
    798.36612  -5.51067095E-002
    798.03268  -5.70837813E-002
    797.69923  -5.91810898E-002
    797.36579  -6.14077713E-002
    797.03234  -6.37738067E-002
    796.69890  -6.62901098E-002
    796.36546  -6.89686252E-002
    796.03201  -7.18224361E-002
    795.69857  -7.48658853E-002
    795.36512  -7.81147071E-002
    795.03168  -8.15861742E-002
    794.69823  -8.52992584E-002
    794.36479  -8.92748063E-002
    794.03134  -9.35357313E-002
    793.69790  -9.81072205E-002
    793.36445  -1.03016955E-001
    793.03101  -1.08295346E-001
    792.69757  -1.13975774E-001
    792.36412  -1.20094836E-001
    792.03068  -1.26692582E-001
    791.69723  -1.33812732E-001
    791.36379  -1.41502855E-001
    791.03034  -1.49814475E-001
    790.69690  -1.58803071E-001
    790.36345  -1.68527914E-001
    790.03001  -1.79051674E-001
    789.69657  -1.90439688E-001
    789.36312  -2.02758783E-001
    789.02968  -2.16075472E-001
    788.69623  -2.30453344E-001
    788.36279  -2.45949396E-001
    788.02934  -2.62609041E-001
    787.69590  -2.80459505E-001
    787.36245  -2.99501344E-001
    787.02901  -3.19697921E-001
    786.69557  -3.40962860E-001
    786.36212  -3.63145872E-001
    786.02868  -3.86017898E-001
    785.69523  -4.09257254E-001
    785.36179  -4.32439426E-001
    785.02834  -4.55033998E-001
    784.69490  -4.76412787E-001
    784.36145  -4.95872914E-001
    784.02801  -5.12676950E-001
    783.69456  -5.26109117E-001
    783.36112  -5.35542137E-001
    783.02768  -5.40504957E-001
    782.69423  -5.40738873E-001
    782.36079  -5.36230194E-001
    782.02734  -5.27212007E-001
    781.69390  -5.14134625E-001
    781.36045  -4.97611493E-001
    781.02701  -4.78352096E-001
    780.69356  -4.57094475E-001
    780.36012  -4.34547519E-001
    780.02668  -4.11348950E-001
    779.69323  -3.88040451E-001
    779.35979  -3.65058073E-001
    779.02634  -3.42734286E-001
    778.69290  -3.21307591E-001
    778.35945  -3.00936122E-001
    778.02601  -2.81712493E-001
    777.69256  -2.63678102E-001
    777.35912  -2.46835883E-001
    777.02568  -2.31161057E-001
    776.69223  -2.16609825E-001
    776.35879  -2.03126173E-001
    776.02534  -1.90647017E-001
    775.69190  -1.79106007E-001
    775.35845  -1.68436239E-001
    775.02501  -1.58572132E-001
    774.69156  -1.49450674E-001
    774.35812  -1.41012185E-001
    774.02467  -1.33200748E-001
    773.69123  -1.25964395E-001
    773.35779  -1.19255116E-001
    773.02434  -1.13028766E-001
    772.69090  -1.07244891E-001
    772.35745  -1.01866517E-001
    772.02401  -9.68599101E-002
    771.69056  -9.21943339E-002
    771.35712  -8.78418068E-002
    771.02367  -8.37768665E-002
    770.69023  -7.99763475E-002
    770.35679  -7.64191721E-002
    770.02334  -7.30861579E-002
    769.68990  -6.99598395E-002
    769.35645  -6.70243061E-002
    769.02301  -6.42650538E-002
    768.68956  -6.16688514E-002
    768.35612  -5.92236189E-002
    768.02267  -5.69183176E-002
    767.68923  -5.47428517E-002
    767.35579  -5.26879787E-002
    767.02234  -5.07452292E-002
    766.68890  -4.89068350E-002
    766.35545  -4.71656633E-002
    766.02201  -4.55151590E-002
    765.68856  -4.39492912E-002
    765.35512  -4.24625061E-002
    765.02167  -4.10496843E-002
    764.68823  -3.97061014E-002
    764.35478  -3.84273943E-002
    764.02134  -3.72095288E-002
    763.68790  -3.60487716E-002
    763.35445  -3.49416643E-002
    763.02101  -3.38850006E-002
    762.68756  -3.28758046E-002
    762.35412  -3.19113123E-002
    762.02067  -3.09889536E-002
    761.68723  -3.01063371E-002
    761.35378  -2.92612355E-002
    761.02034  -2.84515725E-002
    760.68690  -2.76754110E-002
    760.35345  -2.69309426E-002
    760.02001  -2.62164769E-002
    759.68656  -2.55304335E-002
    759.35312  -2.48713328E-002
    759.01967  -2.42377892E-002
    758.68623  -2.36285037E-002
    758.35278  -2.30422578E-002
    758.01934  -2.24779076E-002
    757.68590  -2.19343786E-002
    757.35245  -2.14106605E-002
    757.01901  -2.09058030E-002
    756.68556  -2.04189115E-002
    756.35212  -1.99491433E-002
    756.01867  -1.94957041E-002
    755.68523  -1.90578448E-002
    755.35178  -1.86348581E-002
    755.01834  -1.82260763E-002
    754.68489  -1.78308686E-002
    754.35145  -1.74486382E-002
    754.01801  -1.70788209E-002
    753.68456  -1.67208823E-002
    753.35112  -1.63743164E-002
    753.01767  -1.60386439E-002
    752.68423  -1.57134100E-002
    752.35078  -1.53981835E-002
    752.01734  -1.50925550E-002
    751.68389  -1.47961359E-002
    751.35045  -1.45085567E-002
    751.01701  -1.42294665E-002
    750.68356  -1.39585314E-002
    750.35012  -1.36954337E-002
    750.01667  -1.34398710E-002
    749.68323  -1.31915552E-002
    749.34978  -1.29502121E-002
    749.01634  -1.27155799E-002
    748.68289  -1.24874094E-002
    748.34945  -1.22654625E-002
    748.01601  -1.20495120E-002
    747.68256  -1.18393411E-002
    747.34912  -1.16347426E-002
    747.01567  -1.14355186E-002
    746.68223  -1.12414797E-002
    746.34878  -1.10524450E-002
    746.01534  -1.08682413E-002
    745.68189  -1.06887027E-002
    745.34845  -1.05136707E-002
    745.01501  -1.03429932E-002
    744.68156  -1.01765246E-002
    744.34812  -1.00141252E-002
    744.01467  -9.85566127E-003
    743.68123  -9.70100438E-003
    743.34778  -9.55003135E-003
    743.01434  -9.40262395E-003
    742.68089  -9.25866868E-003
    742.34745  -9.11805652E-003
    742.01400  -8.98068273E-003
    741.68056  -8.84644664E-003
    741.34712  -8.71525151E-003
    741.01367  -8.58700428E-003
    740.68023  -8.46161544E-003
    740.34678  -8.33899887E-003
    740.01334  -8.21907169E-003
    739.67989  -8.10175409E-003
    739.34645  -7.98696922E-003
    739.01300  -7.87464305E-003
    738.67956  -7.76470425E-003
    738.34612  -7.65708406E-003
    738.01267  -7.55171621E-003
    737.67923  -7.44853677E-003
    737.34578  -7.34748409E-003
    737.01234  -7.24849869E-003
    736.67889  -7.15152315E-003
    736.34545  -7.05650206E-003
    736.01200  -6.96338190E-003
    735.67856  -6.87211100E-003
    735.34512  -6.78263942E-003
    735.01167  -6.69491894E-003
    734.67823  -6.60890293E-003
    734.34478  -6.52454631E-003
    734.01134  -6.44180552E-003
    733.67789  -6.36063838E-003
    733.34445  -6.28100415E-003
    733.01100  -6.20286335E-003
    732.67756  -6.12617782E-003
    732.34411  -6.05091058E-003
    732.01067  -5.97702587E-003
    731.67723  -5.90448902E-003
    731.34378  -5.83326648E-003
    731.01034  -5.76332571E-003
    730.67689  -5.69463522E-003
    730.34345  -5.62716446E-003
    730.01000  -5.56088382E-003
    729.67656  -5.49576462E-003
    729.34311  -5.43177899E-003
    729.00967  -5.36889996E-003
    728.67623  -5.30710133E-003
    728.34278  -5.24635768E-003
    728.00934  -5.18664434E-003
    727.67589  -5.12793738E-003
    727.34245  -5.07021355E-003
    727.00900  -5.01345028E-003
    726.67556  -4.95762566E-003
    726.34211  -4.90271839E-003
    726.00867  -4.84870779E-003
    725.67523  -4.79557376E-003
    725.34178  -4.74329677E-003
    725.00834  -4.69185783E-003
    724.67489  -4.64123848E-003
    724.34145  -4.59142078E-003
    724.00800  -4.54238727E-003
    723.67456  -4.49412098E-003
    723.34111  -4.44660539E-003
    723.00767  -4.39982444E-003
    722.67422  -4.35376250E-003
    722.34078  -4.30840434E-003
    722.00734  -4.26373516E-003
    721.67389  -4.21974054E-003
    721.34045  -4.17640644E-003
    721.00700  -4.13371918E-003
    720.67356  -4.09166546E-003
    720.34011  -4.05023230E-003
    720.00667  -4.00940706E-003
    719.67322  -3.96917743E-003
    719.33978  -3.92953141E-003
    719.00634  -3.89045731E-003
    718.67289  -3.85194373E-003
    718.33945  -3.81397955E-003
    718.00600  -3.77655394E-003
    717.67256  -3.73965633E-003
    717.33911  -3.70327642E-003
    717.00567  -3.66740414E-003
    716.67222  -3.63202971E-003
    716.33878  -3.59714353E-003
    716.00534  -3.56273629E-003
    715.67189  -3.52879887E-003
    715.33845  -3.49532237E-003
    715.00500  -3.46229812E-003
    714.67156  -3.42971764E-003
    714.33811  -3.39757264E-003
    714.00467  -3.36585506E-003
    713.67122  -3.33455700E-003
    713.33778  -3.30367075E-003
    713.00433  -3.27318878E-003
    712.67089  -3.24310374E-003
    712.33745  -3.21340843E-003
    712.00400  -3.18409584E-003
    711.67056  -3.15515910E-003
    711.33711  -3.12659150E-003
    711.00367  -3.09838648E-003
    710.67022  -3.07053762E-003
    710.33678  -3.04303868E-003
    710.00333  -3.01588350E-003
    709.66989  -2.98906610E-003
    709.33645  -2.96258062E-003
    709.00300  -2.93642131E-003
    708.66956  -2.91058258E-003
    708.33611  -2.88505894E-003
    708.00267  -2.85984500E-003
    707.66922  -2.83493553E-003
    707.33578  -2.81032537E-003
    707.00233  -2.78600950E-003
    706.66889  -2.76198298E-003
    706.33545  -2.73824101E-003
    706.00200  -2.71477884E-003
    705.66856  -2.69159188E-003
    705.33511  -2.66867557E-003
    705.00167  -2.64602551E-003
    704.66822  -2.62363733E-003
    704.33478  -2.60150680E-003
    704.00133  -2.57962975E-003
    703.66789  -2.55800209E-003
    703.33444  -2.53661983E-003
    703.00100  -2.51547905E-003
    702.66756  -2.49457592E-003
    702.33411  -2.47390666E-003
    702.00067  -2.45346761E-003
    701.66722  -2.43325513E-003
    701.33378  -2.41326570E-003
    701.00033  -2.39349584E-003
    700.66689  -2.37394214E-003
    700.33344  -2.35460126E-003
    700.00000  -2.33546994E-003
