    120.00000  -7.75850156E-003
    120.05335  -8.21684812E-003
    120.10670  -8.69979173E-003
    120.16005  -9.20850320E-003
    120.21340  -9.74420073E-003
    120.26676  -1.03081514E-002
    120.32011  -1.09016729E-002
    120.37346  -1.15261346E-002
    120.42681  -1.21829597E-002
    120.48016  -1.28736263E-002
    120.53351  -1.35996695E-002
    120.58686  -1.43626826E-002
    120.64021  -1.51643191E-002
    120.69356  -1.60062942E-002
    120.74692  -1.68903866E-002
    120.80027  -1.78184402E-002
    120.85362  -1.87923658E-002
    120.90697  -1.98141429E-002
    120.96032  -2.08858216E-002
    121.01367  -2.20095241E-002
    121.06702  -2.31874468E-002
    121.12037  -2.44218621E-002
    121.17372  -2.57151198E-002
    121.22708  -2.70696497E-002
    121.28043  -2.84879626E-002
    121.33378  -2.99726529E-002
    121.38713  -3.15263998E-002
    121.44048  -3.31519697E-002
    121.49383  -3.48522177E-002
    121.54718  -3.66300895E-002
    121.60053  -3.84886234E-002
    121.65388  -4.04309518E-002
    121.70724  -4.24603035E-002
    121.76059  -4.45800050E-002
    121.81394  -4.67934826E-002
    121.86729  -4.91042641E-002
    121.92064  -5.15159804E-002
    121.97399  -5.40323674E-002
    122.02734  -5.66572675E-002
    122.08069  -5.93946316E-002
    122.13404  -6.22485202E-002
    122.18740  -6.52231054E-002
    122.24075  -6.83226721E-002
    122.29410  -7.15516199E-002
    122.34745  -7.49144640E-002
    122.40080  -7.84158372E-002
    122.45415  -8.20604904E-002
    122.50750  -8.58532949E-002
    122.56085  -8.97992424E-002
    122.61420  -9.39034473E-002
    122.66756  -9.81711466E-002
    122.72091  -1.02607702E-001
    122.77426  -1.07218599E-001
    122.82761  -1.12009451E-001
    122.88096  -1.16985996E-001
    122.93431  -1.22154099E-001
    122.98766  -1.27519754E-001
    123.04101  -1.33089081E-001
    123.09436  -1.38868329E-001
    123.14772  -1.44863875E-001
    123.20107  -1.51082225E-001
    123.25442  -1.57530012E-001
    123.30777  -1.64213998E-001
    123.36112  -1.71141071E-001
    123.41447  -1.78318246E-001
    123.46782  -1.85752665E-001
    123.52117  -1.93451595E-001
    123.57452  -2.01422428E-001
    123.62788  -2.09672676E-001
    123.68123  -2.18209976E-001
    123.73458  -2.27042084E-001
    123.78793  -2.36176873E-001
    123.84128  -2.45622333E-001
    123.89463  -2.55386570E-001
    123.94798  -2.65477799E-001
    124.00133  -2.75904346E-001
    124.05468  -2.86674643E-001
    124.10804  -2.97797226E-001
    124.16139  -3.09280730E-001
    124.21474  -3.21133889E-001
    124.26809  -3.33365526E-001
    124.32144  -3.45984559E-001
    124.37479  -3.58999986E-001
    124.42814  -3.72420887E-001
    124.48149  -3.86256419E-001
    124.53484  -4.00515810E-001
    124.58820  -4.15208351E-001
    124.64155  -4.30343395E-001
    124.69490  -4.45930351E-001
    124.74825  -4.61978673E-001
    124.80160  -4.78497859E-001
    124.85495  -4.95497443E-001
    124.90830  -5.12986985E-001
    124.96165  -5.30976070E-001
    125.01501  -5.49474292E-001
    125.06836  -5.68491255E-001
    125.12171  -5.88036560E-001
    125.17506  -6.08119796E-001
    125.22841  -6.28750535E-001
    125.28176  -6.49938318E-001
    125.33511  -6.71692651E-001
    125.38846  -6.94022993E-001
    125.44181  -7.16938744E-001
    125.49517  -7.40449237E-001
    125.54852  -7.64563729E-001
    125.60187  -7.89291387E-001
    125.65522  -8.14641277E-001
    125.70857  -8.40622357E-001
    125.76192  -8.67243459E-001
    125.81527  -8.94513280E-001
    125.86862  -9.22440372E-001
    125.92197  -9.51033125E-001
    125.97533  -9.80299757E-001
    126.02868  -1.01024830E+000
    126.08203  -1.04088658E+000
    126.13538  -1.07222222E+000
    126.18873  -1.10426261E+000
    126.24208  -1.13701490E+000
    126.29543  -1.17048598E+000
    126.34878  -1.20468248E+000
    126.40213  -1.23961072E+000
    126.45549  -1.27527675E+000
    126.50884  -1.31168627E+000
    126.56219  -1.34884469E+000
    126.61554  -1.38675703E+000
    126.66889  -1.42542797E+000
    126.72224  -1.46486180E+000
    126.77559  -1.50506242E+000
    126.82894  -1.54603331E+000
    126.88229  -1.58777753E+000
    126.93565  -1.63029768E+000
    126.98900  -1.67359591E+000
    127.04235  -1.71767389E+000
    127.09570  -1.76253277E+000
    127.14905  -1.80817322E+000
    127.20240  -1.85459537E+000
    127.25575  -1.90179877E+000
    127.30910  -1.94978245E+000
    127.36245  -1.99854483E+000
    127.41581  -2.04808375E+000
    127.46916  -2.09839642E+000
    127.52251  -2.14947942E+000
    127.57586  -2.20132869E+000
    127.62921  -2.25393949E+000
    127.68256  -2.30730641E+000
    127.73591  -2.36142335E+000
    127.78926  -2.41628348E+000
    127.84261  -2.47187925E+000
    127.89597  -2.52820237E+000
    127.94932  -2.58524377E+000
    128.00267  -2.64299363E+000
    128.05602  -2.70144133E+000
    128.10937  -2.76057545E+000
    128.16272  -2.82038376E+000
    128.21607  -2.88085319E+000
    128.26942  -2.94196984E+000
    128.32277  -3.00371894E+000
    128.37613  -3.06608488E+000
    128.42948  -3.12905115E+000
    128.48283  -3.19260036E+000
    128.53618  -3.25671423E+000
    128.58953  -3.32137357E+000
    128.64288  -3.38655827E+000
    128.69623  -3.45224731E+000
    128.74958  -3.51841872E+000
    128.80293  -3.58504962E+000
    128.85629  -3.65211616E+000
    128.90964  -3.71959357E+000
    128.96299  -3.78745612E+000
    129.01634  -3.85567711E+000
    129.06969  -3.92422892E+000
    129.12304  -3.99308293E+000
    129.17639  -4.06220960E+000
    129.22974  -4.13157841E+000
    129.28309  -4.20115791E+000
    129.33645  -4.27091567E+000
    129.38980  -4.34081832E+000
    129.44315  -4.41083157E+000
    129.49650  -4.48092015E+000
    129.54985  -4.55104791E+000
    129.60320  -4.62117773E+000
    129.65655  -4.69127162E+000
    129.70990  -4.76129065E+000
    129.76325  -4.83119503E+000
    129.81661  -4.90094409E+000
    129.86996  -4.97049627E+000
    129.92331  -5.03980920E+000
    129.97666  -5.10883966E+000
    130.03001  -5.17754361E+000
    130.08336  -5.24587625E+000
    130.13671  -5.31379197E+000
    130.19006  -5.38124444E+000
    130.24341  -5.44818659E+000
    130.29677  -5.51457064E+000
    130.35012  -5.58034815E+000
    130.40347  -5.64547004E+000
    130.45682  -5.70988658E+000
    130.51017  -5.77354747E+000
    130.56352  -5.83640185E+000
    130.61687  -5.89839834E+000
    130.67022  -5.95948506E+000
    130.72357  -6.01960967E+000
    130.77693  -6.07871941E+000
    130.83028  -6.13676115E+000
    130.88363  -6.19368141E+000
    130.93698  -6.24942640E+000
    130.99033  -6.30394208E+000
    131.04368  -6.35717418E+000
    131.09703  -6.40906826E+000
    131.15038  -6.45956976E+000
    131.20373  -6.50862401E+000
    131.25709  -6.55617632E+000
    131.31044  -6.60217203E+000
    131.36379  -6.64655650E+000
    131.41714  -6.68927522E+000
    131.47049  -6.73027386E+000
    131.52384  -6.76949828E+000
    131.57719  -6.80689461E+000
    131.63054  -6.84240932E+000
    131.68389  -6.87598922E+000
    131.73725  -6.90758160E+000
    131.79060  -6.93713418E+000
    131.84395  -6.96459528E+000
    131.89730  -6.98991377E+000
    131.95065  -7.01303922E+000
    132.00400  -7.03392190E+000
    132.05735  -7.05251284E+000
    132.11070  -7.06876392E+000
    132.16405  -7.08262793E+000
    132.21741  -7.09405857E+000
    132.27076  -7.10301060E+000
    132.32411  -7.10943981E+000
    132.37746  -7.11330315E+000
    132.43081  -7.11455875E+000
    132.48416  -7.11316599E+000
    132.53751  -7.10908556E+000
    132.59086  -7.10227953E+000
    132.64421  -7.09271138E+000
    132.69757  -7.08034610E+000
    132.75092  -7.06515019E+000
    132.80427  -7.04709178E+000
    132.85762  -7.02614064E+000
    132.91097  -7.00226827E+000
    132.96432  -6.97544792E+000
    133.01767  -6.94565467E+000
    133.07102  -6.91286549E+000
    133.12437  -6.87705924E+000
    133.17773  -6.83821681E+000
    133.23108  -6.79632108E+000
    133.28443  -6.75135701E+000
    133.33778  -6.70331171E+000
    133.39113  -6.65217443E+000
    133.44448  -6.59793666E+000
    133.49783  -6.54059214E+000
    133.55118  -6.48013689E+000
    133.60453  -6.41656930E+000
    133.65789  -6.34989010E+000
    133.71124  -6.28010247E+000
    133.76459  -6.20721202E+000
    133.81794  -6.13122681E+000
    133.87129  -6.05215745E+000
    133.92464  -5.97001706E+000
    133.97799  -5.88482133E+000
    134.03134  -5.79658853E+000
    134.08469  -5.70533954E+000
    134.13805  -5.61109785E+000
    134.19140  -5.51388959E+000
    134.24475  -5.41374357E+000
    134.29810  -5.31069124E+000
    134.35145  -5.20476673E+000
    134.40480  -5.09600683E+000
    134.45815  -4.98445106E+000
    134.51150  -4.87014156E+000
    134.56485  -4.75312321E+000
    134.61821  -4.63344352E+000
    134.67156  -4.51115271E+000
    134.72491  -4.38630361E+000
    134.77826  -4.25895175E+000
    134.83161  -4.12915524E+000
    134.88496  -3.99697482E+000
    134.93831  -3.86247383E+000
    134.99166  -3.72571815E+000
    135.04502  -3.58677622E+000
    135.09837  -3.44571895E+000
    135.15172  -3.30261975E+000
    135.20507  -3.15755446E+000
    135.25842  -3.01060130E+000
    135.31177  -2.86184087E+000
    135.36512  -2.71135605E+000
    135.41847  -2.55923200E+000
    135.47182  -2.40555607E+000
    135.52518  -2.25041778E+000
    135.57853  -2.09390874E+000
    135.63188  -1.93612262E+000
    135.68523  -1.77715503E+000
    135.73858  -1.61710353E+000
    135.79193  -1.45606751E+000
    135.84528  -1.29414813E+000
    135.89863  -1.13144826E+000
    135.95198  -9.68072401E-001
    136.00534  -8.04126609E-001
    136.05869  -6.39718404E-001
    136.11204  -4.74956700E-001
    136.16539  -3.09951716E-001
    136.21874  -1.44814893E-001
    136.27209   2.03411977E-002
    136.32544   1.85402944E-001
    136.37879   3.50255785E-001
    136.43214   5.14784304E-001
    136.48550   6.78872325E-001
    136.53885   8.42403011E-001
    136.59220   1.00525896E+000
    136.64555   1.16732232E+000
    136.69890   1.32847486E+000
    136.75225   1.48859811E+000
    136.80560   1.64757344E+000
    136.85895   1.80528216E+000
    136.91230   1.96160568E+000
    136.96566   2.11642552E+000
    137.01901   2.26962353E+000
    137.07236   2.42108192E+000
    137.12571   2.57068338E+000
    137.17906   2.71831123E+000
    137.23241   2.86384948E+000
    137.28576   3.00718298E+000
    137.33911   3.14819752E+000
    137.39246   3.28677991E+000
    137.44582   3.42281813E+000
    137.49917   3.55620143E+000
    137.55252   3.68682043E+000
    137.60587   3.81456723E+000
    137.65922   3.93933552E+000
    137.71257   4.06102070E+000
    137.76592   4.17951996E+000
    137.81927   4.29473244E+000
    137.87262   4.40655925E+000
    137.92598   4.51490365E+000
    137.97933   4.61967114E+000
    138.03268   4.72076950E+000
    138.08603   4.81810898E+000
    138.13938   4.91160233E+000
    138.19273   5.00116493E+000
    138.24608   5.08671487E+000
    138.29943   5.16817304E+000
    138.35278   5.24546325E+000
    138.40614   5.31851228E+000
    138.45949   5.38724997E+000
    138.51284   5.45160935E+000
    138.56619   5.51152666E+000
    138.61954   5.56694147E+000
    138.67289   5.61779673E+000
    138.72624   5.66403889E+000
    138.77959   5.70561789E+000
    138.83294   5.74248732E+000
    138.88630   5.77460442E+000
    138.93965   5.80193016E+000
    138.99300   5.82442932E+000
    139.04635   5.84207051E+000
    139.09970   5.85482627E+000
    139.15305   5.86267306E+000
    139.20640   5.86559137E+000
    139.25975   5.86356570E+000
    139.31310   5.85658466E+000
    139.36646   5.84464096E+000
    139.41981   5.82773147E+000
    139.47316   5.80585724E+000
    139.52651   5.77902351E+000
    139.57986   5.74723979E+000
    139.63321   5.71051979E+000
    139.68656   5.66888151E+000
    139.73991   5.62234721E+000
    139.79326   5.57094345E+000
    139.84662   5.51470106E+000
    139.89997   5.45365516E+000
    139.95332   5.38784516E+000
    140.00667   5.31731474E+000
    140.06002   5.24211185E+000
    140.11337   5.16228870E+000
    140.16672   5.07790172E+000
    140.22007   4.98901157E+000
    140.27342   4.89568309E+000
    140.32678   4.79798528E+000
    140.38013   4.69599128E+000
    140.43348   4.58977831E+000
    140.48683   4.47942765E+000
    140.54018   4.36502461E+000
    140.59353   4.24665846E+000
    140.64688   4.12442236E+000
    140.70023   3.99841339E+000
    140.75358   3.86873239E+000
    140.80694   3.73548400E+000
    140.86029   3.59877651E+000
    140.91364   3.45872188E+000
    140.96699   3.31543561E+000
    141.02034   3.16903667E+000
    141.07369   3.01964748E+000
    141.12704   2.86739380E+000
    141.18039   2.71240462E+000
    141.23374   2.55481216E+000
    141.28710   2.39475169E+000
    141.34045   2.23236152E+000
    141.39380   2.06778287E+000
    141.44715   1.90115982E+000
    141.50050   1.73263915E+000
    141.55385   1.56237032E+000
    141.60720   1.39050531E+000
    141.66055   1.21719857E+000
    141.71390   1.04260689E+000
    141.76726   8.66889300E-001
    141.82061   6.90206984E-001
    141.87396   5.12723155E-001
    141.92731   3.34602959E-001
    141.98066   1.56013362E-001
    142.03401  -2.28769589E-002
    142.08736  -2.01897724E-001
    142.14071  -3.80877164E-001
    142.19406  -5.59642134E-001
    142.24742  -7.38018222E-001
    142.30077  -9.15829871E-001
    142.35412  -1.09290048E+000
    142.40747  -1.26905255E+000
    142.46082  -1.44410775E+000
    142.51417  -1.61788708E+000
    142.56752  -1.79021095E+000
    142.62087  -1.96089935E+000
    142.67422  -2.12977189E+000
    142.72758  -2.29664798E+000
    142.78093  -2.46134693E+000
    142.83428  -2.62368804E+000
    142.88763  -2.78349074E+000
    142.94098  -2.94057471E+000
    142.99433  -3.09475999E+000
    143.04768  -3.24586707E+000
    143.10103  -3.39371703E+000
    143.15438  -3.53813165E+000
    143.20774  -3.67893352E+000
    143.26109  -3.81594614E+000
    143.31444  -3.94899404E+000
    143.36779  -4.07790288E+000
    143.42114  -4.20249959E+000
    143.47449  -4.32261240E+000
    143.52784  -4.43807106E+000
    143.58119  -4.54870681E+000
    143.63454  -4.65435261E+000
    143.68790  -4.75484314E+000
    143.74125  -4.85001497E+000
    143.79460  -4.93970660E+000
    143.84795  -5.02375860E+000
    143.90130  -5.10201369E+000
    143.95465  -5.17431681E+000
    144.00800  -5.24051525E+000
    144.06135  -5.30045870E+000
    144.11470  -5.35399937E+000
    144.16806  -5.40099205E+000
    144.22141  -5.44129418E+000
    144.27476  -5.47476600E+000
    144.32811  -5.50127052E+000
    144.38146  -5.52067370E+000
    144.43481  -5.53284445E+000
    144.48816  -5.53765474E+000
    144.54151  -5.53497965E+000
    144.59486  -5.52469746E+000
    144.64822  -5.50668969E+000
    144.70157  -5.48084117E+000
    144.75492  -5.44704010E+000
    144.80827  -5.40517812E+000
    144.86162  -5.35515034E+000
    144.91497  -5.29685543E+000
    144.96832  -5.23019561E+000
    145.02167  -5.15507678E+000
    145.07503  -5.07140849E+000
    145.12838  -4.97910403E+000
    145.18173  -4.87808046E+000
    145.23508  -4.76825861E+000
    145.28843  -4.64956320E+000
    145.34178  -4.52192280E+000
    145.39513  -4.38526987E+000
    145.44848  -4.23954083E+000
    145.50183  -4.08467605E+000
    145.55519  -3.92061989E+000
    145.60854  -3.74732071E+000
    145.66189  -3.56473090E+000
    145.71524  -3.37280690E+000
    145.76859  -3.17150920E+000
    145.82194  -2.96080238E+000
    145.87529  -2.74065508E+000
    145.92864  -2.51104005E+000
    145.98199  -2.27193412E+000
    146.03535  -2.02331824E+000
    146.08870  -1.76517746E+000
    146.14205  -1.49750093E+000
    146.19540  -1.22028189E+000
    146.24875  -9.33517707E-001
    146.30210  -6.37209816E-001
    146.35545  -3.31363745E-001
    146.40880  -1.59890908E-002
    146.46215   3.08900484E-001
    146.51551   6.43287270E-001
    146.56886   9.87149527E-001
    146.62221   1.34046150E+000
    146.67556   1.70319343E+000
    146.72891   2.07531160E+000
    146.78226   2.45677832E+000
    146.83561   2.84755199E+000
    146.88896   3.24758709E+000
    146.94231   3.65683425E+000
    146.99567   4.07524021E+000
    147.04902   4.50274794E+000
    147.10237   4.93929660E+000
    147.15572   5.38482161E+000
    147.20907   5.83925465E+000
    147.26242   6.30252374E+000
    147.31577   6.77455325E+000
    147.36912   7.25526394E+000
    147.42247   7.74457301E+000
    147.47583   8.24239411E+000
    147.52918   8.74863745E+000
    147.58253   9.26320975E+000
    147.63588   9.78601435E+000
    147.68923   1.03169512E+001
    147.74258   1.08559171E+001
    147.79593   1.14028054E+001
    147.84928   1.19575062E+001
    147.90263   1.25199067E+001
    147.95599   1.30898907E+001
    148.00934   1.36673392E+001
    148.06269   1.42521299E+001
    148.11604   1.48441377E+001
    148.16939   1.54432345E+001
    148.22274   1.60492896E+001
    148.27609   1.66621691E+001
    148.32944   1.72817366E+001
    148.38279   1.79078530E+001
    148.43615   1.85403765E+001
    148.48950   1.91791626E+001
    148.54285   1.98240644E+001
    148.59620   2.04749326E+001
    148.64955   2.11316153E+001
    148.70290   2.17939583E+001
    148.75625   2.24618052E+001
    148.80960   2.31349972E+001
    148.86295   2.38133734E+001
    148.91631   2.44967708E+001
    148.96966   2.51850241E+001
    149.02301   2.58779663E+001
    149.07636   2.65754283E+001
    149.12971   2.72772391E+001
    149.18306   2.79832257E+001
    149.23641   2.86932137E+001
    149.28976   2.94070267E+001
    149.34311   3.01244867E+001
    149.39647   3.08454140E+001
    149.44982   3.15696276E+001
    149.50317   3.22969449E+001
    149.55652   3.30271817E+001
    149.60987   3.37601528E+001
    149.66322   3.44956713E+001
    149.71657   3.52335494E+001
    149.76992   3.59735979E+001
    149.82327   3.67156266E+001
    149.87663   3.74594440E+001
    149.92998   3.82048580E+001
    149.98333   3.89516753E+001
    150.03668   3.96997016E+001
    150.09003   4.04487420E+001
    150.14338   4.11986007E+001
    150.19673   4.19490813E+001
    150.25008   4.26999866E+001
    150.30343   4.34511189E+001
    150.35679   4.42022799E+001
    150.41014   4.49532710E+001
    150.46349   4.57038930E+001
    150.51684   4.64539463E+001
    150.57019   4.72032311E+001
    150.62354   4.79515474E+001
    150.67689   4.86986949E+001
    150.73024   4.94444733E+001
    150.78359   5.01886819E+001
    150.83695   5.09311204E+001
    150.89030   5.16715883E+001
    150.94365   5.24098853E+001
    150.99700   5.31458110E+001
    151.05035   5.38791655E+001
    151.10370   5.46097491E+001
    151.15705   5.53373622E+001
    151.21040   5.60618059E+001
    151.26375   5.67828813E+001
    151.31711   5.75003904E+001
    151.37046   5.82141355E+001
    151.42381   5.89239196E+001
    151.47716   5.96295461E+001
    151.53051   6.03308193E+001
    151.58386   6.10275442E+001
    151.63721   6.17195266E+001
    151.69056   6.24065731E+001
    151.74391   6.30884913E+001
    151.79727   6.37650896E+001
    151.85062   6.44361774E+001
    151.90397   6.51015654E+001
    151.95732   6.57610651E+001
    152.01067   6.64144892E+001
    152.06402   6.70616518E+001
    152.11737   6.77023681E+001
    152.17072   6.83364546E+001
    152.22407   6.89637291E+001
    152.27743   6.95840109E+001
    152.33078   7.01971207E+001
    152.38413   7.08028807E+001
    152.43748   7.14011146E+001
    152.49083   7.19916477E+001
    152.54418   7.25743070E+001
    152.59753   7.31489211E+001
    152.65088   7.37153203E+001
    152.70423   7.42733367E+001
    152.75759   7.48228042E+001
    152.81094   7.53635586E+001
    152.86429   7.58954375E+001
    152.91764   7.64182806E+001
    152.97099   7.69319295E+001
    153.02434   7.74362277E+001
    153.07769   7.79310210E+001
    153.13104   7.84161572E+001
    153.18439   7.88914861E+001
    153.23775   7.93568600E+001
    153.29110   7.98121332E+001
    153.34445   8.02571623E+001
    153.39780   8.06918063E+001
    153.45115   8.11159266E+001
    153.50450   8.15293867E+001
    153.55785   8.19320528E+001
    153.61120   8.23237934E+001
    153.66455   8.27044797E+001
    153.71791   8.30739851E+001
    153.77126   8.34321859E+001
    153.82461   8.37789608E+001
    153.87796   8.41141912E+001
    153.93131   8.44377612E+001
    153.98466   8.47495574E+001
    154.03801   8.50494694E+001
    154.09136   8.53373894E+001
    154.14471   8.56132125E+001
    154.19807   8.58768364E+001
    154.25142   8.61281619E+001
    154.30477   8.63670926E+001
    154.35812   8.65935350E+001
    154.41147   8.68073984E+001
    154.46482   8.70085953E+001
    154.51817   8.71970410E+001
    154.57152   8.73726538E+001
    154.62487   8.75353552E+001
    154.67823   8.76850696E+001
    154.73158   8.78217246E+001
    154.78493   8.79452506E+001
    154.83828   8.80555816E+001
    154.89163   8.81526544E+001
    154.94498   8.82364090E+001
    154.99833   8.83067886E+001
    155.05168   8.83637396E+001
    155.10504   8.84072117E+001
    155.15839   8.84371577E+001
    155.21174   8.84535336E+001
    155.26509   8.84562987E+001
    155.31844   8.84454158E+001
    155.37179   8.84208506E+001
    155.42514   8.83825723E+001
    155.47849   8.83305533E+001
    155.53184   8.82647695E+001
    155.58520   8.81851998E+001
    155.63855   8.80918267E+001
    155.69190   8.79846360E+001
    155.74525   8.78636166E+001
    155.79860   8.77287609E+001
    155.85195   8.75800648E+001
    155.90530   8.74175273E+001
    155.95865   8.72411508E+001
    156.01200   8.70509411E+001
    156.06536   8.68469074E+001
    156.11871   8.66290620E+001
    156.17206   8.63974208E+001
    156.22541   8.61520030E+001
    156.27876   8.58928310E+001
    156.33211   8.56199306E+001
    156.38546   8.53333310E+001
    156.43881   8.50330646E+001
    156.49216   8.47191671E+001
    156.54552   8.43916776E+001
    156.59887   8.40506384E+001
    156.65222   8.36960951E+001
    156.70557   8.33280966E+001
    156.75892   8.29466950E+001
    156.81227   8.25519455E+001
    156.86562   8.21439069E+001
    156.91897   8.17226408E+001
    156.97232   8.12882121E+001
    157.02568   8.08406891E+001
    157.07903   8.03801428E+001
    157.13238   7.99066477E+001
    157.18573   7.94202814E+001
    157.23908   7.89211242E+001
    157.29243   7.84092598E+001
    157.34578   7.78847749E+001
    157.39913   7.73477592E+001
    157.45248   7.67983051E+001
    157.50584   7.62365084E+001
    157.55919   7.56624675E+001
    157.61254   7.50762838E+001
    157.66589   7.44780615E+001
    157.71924   7.38679078E+001
    157.77259   7.32459326E+001
    157.82594   7.26122484E+001
    157.87929   7.19669708E+001
    157.93264   7.13102178E+001
    157.98600   7.06421101E+001
    158.03935   6.99627712E+001
    158.09270   6.92723270E+001
    158.14605   6.85709060E+001
    158.19940   6.78586393E+001
    158.25275   6.71356605E+001
    158.30610   6.64021054E+001
    158.35945   6.56581124E+001
    158.41280   6.49038222E+001
    158.46616   6.41393778E+001
    158.51951   6.33649244E+001
    158.57286   6.25806097E+001
    158.62621   6.17865831E+001
    158.67956   6.09829965E+001
    158.73291   6.01700038E+001
    158.78626   5.93477609E+001
    158.83961   5.85164256E+001
    158.89296   5.76761580E+001
    158.94632   5.68271195E+001
    158.99967   5.59694740E+001
    159.05302   5.51033867E+001
    159.10637   5.42290247E+001
    159.15972   5.33465569E+001
    159.21307   5.24561537E+001
    159.26642   5.15579872E+001
    159.31977   5.06522310E+001
    159.37312   4.97390601E+001
    159.42648   4.88186510E+001
    159.47983   4.78911817E+001
    159.53318   4.69568313E+001
    159.58653   4.60157803E+001
    159.63988   4.50682105E+001
    159.69323   4.41143047E+001
    159.74658   4.31542468E+001
    159.79993   4.21882219E+001
    159.85328   4.12164161E+001
    159.90664   4.02390162E+001
    159.95999   3.92562103E+001
    160.01334   3.82681868E+001
    160.06669   3.72751354E+001
    160.12004   3.62772461E+001
    160.17339   3.52747098E+001
    160.22674   3.42677181E+001
    160.28009   3.32564627E+001
    160.33344   3.22411364E+001
    160.38680   3.12219318E+001
    160.44015   3.01990425E+001
    160.49350   2.91726620E+001
    160.54685   2.81429841E+001
    160.60020   2.71102031E+001
    160.65355   2.60745131E+001
    160.70690   2.50361085E+001
    160.76025   2.39951838E+001
    160.81360   2.29519332E+001
    160.86696   2.19065511E+001
    160.92031   2.08592317E+001
    160.97366   1.98101690E+001
    161.02701   1.87595568E+001
    161.08036   1.77075885E+001
    161.13371   1.66544574E+001
    161.18706   1.56003560E+001
    161.24041   1.45454768E+001
    161.29376   1.34900115E+001
    161.34712   1.24341514E+001
    161.40047   1.13780870E+001
    161.45382   1.03220083E+001
    161.50717   9.26610450E+000
    161.56052   8.21056416E+000
    161.61387   7.15557488E+000
    161.66722   6.10132345E+000
    161.72057   5.04799576E+000
    161.77392   3.99577669E+000
    161.82728   2.94485014E+000
    161.88063   1.89539893E+000
    161.93398   8.47604784E-001
    161.98733  -1.98351750E-001
    162.04068  -1.24229132E+000
    162.09403  -2.28403582E+000
    162.14738  -3.32340844E+000
    162.20073  -4.36023373E+000
    162.25408  -5.39433759E+000
    162.30744  -6.42554737E+000
    162.36079  -7.45369189E+000
    162.41414  -8.47860147E+000
    162.46749  -9.50010799E+000
    162.52084  -1.05180449E+001
    162.57419  -1.15322473E+001
    162.62754  -1.25425520E+001
    162.68089  -1.35487975E+001
    162.73424  -1.45508240E+001
    162.78760  -1.55484734E+001
    162.84095  -1.65415897E+001
    162.89430  -1.75300185E+001
    162.94765  -1.85136073E+001
    163.00100  -1.94922057E+001
    163.05435  -2.04656651E+001
    163.10770  -2.14338389E+001
    163.16105  -2.23965825E+001
    163.21440  -2.33537534E+001
    163.26776  -2.43052113E+001
    163.32111  -2.52508176E+001
    163.37446  -2.61904363E+001
    163.42781  -2.71239331E+001
    163.48116  -2.80511763E+001
    163.53451  -2.89720362E+001
    163.58786  -2.98863853E+001
    163.64121  -3.07940983E+001
    163.69456  -3.16950524E+001
    163.74792  -3.25891269E+001
    163.80127  -3.34762034E+001
    163.85462  -3.43561660E+001
    163.90797  -3.52289010E+001
    163.96132  -3.60942970E+001
    164.01467  -3.69522452E+001
    164.06802  -3.78026391E+001
    164.12137  -3.86453745E+001
    164.17472  -3.94803498E+001
    164.22808  -4.03074657E+001
    164.28143  -4.11266254E+001
    164.33478  -4.19377345E+001
    164.38813  -4.27407013E+001
    164.44148  -4.35354362E+001
    164.49483  -4.43218525E+001
    164.54818  -4.50998655E+001
    164.60153  -4.58693935E+001
    164.65488  -4.66303570E+001
    164.70824  -4.73826791E+001
    164.76159  -4.81262853E+001
    164.81494  -4.88611038E+001
    164.86829  -4.95870652E+001
    164.92164  -5.03041026E+001
    164.97499  -5.10121516E+001
    165.02834  -5.17111505E+001
    165.08169  -5.24010399E+001
    165.13505  -5.30817629E+001
    165.18840  -5.37532652E+001
    165.24175  -5.44154951E+001
    165.29510  -5.50684031E+001
    165.34845  -5.57119425E+001
    165.40180  -5.63460689E+001
    165.45515  -5.69707405E+001
    165.50850  -5.75859177E+001
    165.56185  -5.81915636E+001
    165.61521  -5.87876438E+001
    165.66856  -5.93741262E+001
    165.72191  -5.99509810E+001
    165.77526  -6.05181811E+001
    165.82861  -6.10757016E+001
    165.88196  -6.16235201E+001
    165.93531  -6.21616164E+001
    165.98866  -6.26899729E+001
    166.04201  -6.32085742E+001
    166.09537  -6.37174071E+001
    166.14872  -6.42164610E+001
    166.20207  -6.47057273E+001
    166.25542  -6.51851998E+001
    166.30877  -6.56548747E+001
    166.36212  -6.61147502E+001
    166.41547  -6.65648267E+001
    166.46882  -6.70051070E+001
    166.52217  -6.74355960E+001
    166.57553  -6.78563006E+001
    166.62888  -6.82672299E+001
    166.68223  -6.86683953E+001
    166.73558  -6.90598100E+001
    166.78893  -6.94414894E+001
    166.84228  -6.98134509E+001
    166.89563  -7.01757139E+001
    166.94898  -7.05282998E+001
    167.00233  -7.08712319E+001
    167.05569  -7.12045356E+001
    167.10904  -7.15282380E+001
    167.16239  -7.18423682E+001
    167.21574  -7.21469571E+001
    167.26909  -7.24420373E+001
    167.32244  -7.27276435E+001
    167.37579  -7.30038120E+001
    167.42914  -7.32705807E+001
    167.48249  -7.35279894E+001
    167.53585  -7.37760796E+001
    167.58920  -7.40148942E+001
    167.64255  -7.42444780E+001
    167.69590  -7.44648773E+001
    167.74925  -7.46761399E+001
    167.80260  -7.48783151E+001
    167.85595  -7.50714539E+001
    167.90930  -7.52556085E+001
    167.96265  -7.54308328E+001
    168.01601  -7.55971819E+001
    168.06936  -7.57547124E+001
    168.12271  -7.59034822E+001
    168.17606  -7.60435504E+001
    168.22941  -7.61749777E+001
    168.28276  -7.62978257E+001
    168.33611  -7.64121573E+001
    168.38946  -7.65180369E+001
    168.44281  -7.66155295E+001
    168.49617  -7.67047017E+001
    168.54952  -7.67856210E+001
    168.60287  -7.68583559E+001
    168.65622  -7.69229760E+001
    168.70957  -7.69795520E+001
    168.76292  -7.70281554E+001
    168.81627  -7.70688586E+001
    168.86962  -7.71017351E+001
    168.92297  -7.71268590E+001
    168.97633  -7.71443056E+001
    169.02968  -7.71541506E+001
    169.08303  -7.71564707E+001
    169.13638  -7.71513434E+001
    169.18973  -7.71388467E+001
    169.24308  -7.71190595E+001
    169.29643  -7.70920612E+001
    169.34978  -7.70579317E+001
    169.40313  -7.70167519E+001
    169.45649  -7.69686029E+001
    169.50984  -7.69135663E+001
    169.56319  -7.68517245E+001
    169.61654  -7.67831601E+001
    169.66989  -7.67079562E+001
    169.72324  -7.66261964E+001
    169.77659  -7.65379646E+001
    169.82994  -7.64433450E+001
    169.88329  -7.63424223E+001
    169.93665  -7.62352811E+001
    169.99000  -7.61220069E+001
    170.04335  -7.60026847E+001
    170.09670  -7.58774004E+001
    170.15005  -7.57462395E+001
    170.20340  -7.56092881E+001
    170.25675  -7.54666320E+001
    170.31010  -7.53183576E+001
    170.36345  -7.51645510E+001
    170.41681  -7.50052984E+001
    170.47016  -7.48406861E+001
    170.52351  -7.46708004E+001
    170.57686  -7.44957276E+001
    170.63021  -7.43155538E+001
    170.68356  -7.41303652E+001
    170.73691  -7.39402478E+001
    170.79026  -7.37452875E+001
    170.84361  -7.35455700E+001
    170.89697  -7.33411809E+001
    170.95032  -7.31322056E+001
    171.00367  -7.29187293E+001
    171.05702  -7.27008369E+001
    171.11037  -7.24786131E+001
    171.16372  -7.22521424E+001
    171.21707  -7.20215088E+001
    171.27042  -7.17867961E+001
    171.32377  -7.15480877E+001
    171.37713  -7.13054669E+001
    171.43048  -7.10590163E+001
    171.48383  -7.08088182E+001
    171.53718  -7.05549545E+001
    171.59053  -7.02975068E+001
    171.64388  -7.00365560E+001
    171.69723  -6.97721829E+001
    171.75058  -6.95044673E+001
    171.80393  -6.92334891E+001
    171.85729  -6.89593271E+001
    171.91064  -6.86820601E+001
    171.96399  -6.84017660E+001
    172.01734  -6.81185223E+001
    172.07069  -6.78324059E+001
    172.12404  -6.75434931E+001
    172.17739  -6.72518596E+001
    172.23074  -6.69575805E+001
    172.28409  -6.66607303E+001
    172.33745  -6.63613828E+001
    172.39080  -6.60596112E+001
    172.44415  -6.57554881E+001
    172.49750  -6.54490854E+001
    172.55085  -6.51404741E+001
    172.60420  -6.48297250E+001
    172.65755  -6.45169076E+001
    172.71090  -6.42020913E+001
    172.76425  -6.38853442E+001
    172.81761  -6.35667341E+001
    172.87096  -6.32463280E+001
    172.92431  -6.29241920E+001
    172.97766  -6.26003915E+001
    173.03101  -6.22749912E+001
    173.08436  -6.19480551E+001
    173.13771  -6.16196462E+001
    173.19106  -6.12898271E+001
    173.24441  -6.09586592E+001
    173.29777  -6.06262035E+001
    173.35112  -6.02925198E+001
    173.40447  -5.99576676E+001
    173.45782  -5.96217052E+001
    173.51117  -5.92846902E+001
    173.56452  -5.89466795E+001
    173.61787  -5.86077291E+001
    173.67122  -5.82678943E+001
    173.72457  -5.79272295E+001
    173.77793  -5.75857881E+001
    173.83128  -5.72436231E+001
    173.88463  -5.69007864E+001
    173.93798  -5.65573292E+001
    173.99133  -5.62133016E+001
    174.04468  -5.58687534E+001
    174.09803  -5.55237331E+001
    174.15138  -5.51782886E+001
    174.20473  -5.48324670E+001
    174.25809  -5.44863145E+001
    174.31144  -5.41398765E+001
    174.36479  -5.37931976E+001
    174.41814  -5.34463217E+001
    174.47149  -5.30992916E+001
    174.52484  -5.27521495E+001
    174.57819  -5.24049368E+001
    174.63154  -5.20576941E+001
    174.68489  -5.17104610E+001
    174.73825  -5.13632766E+001
    174.79160  -5.10161790E+001
    174.84495  -5.06692055E+001
    174.89830  -5.03223927E+001
    174.95165  -4.99757764E+001
    175.00500  -4.96293917E+001
    175.05835  -4.92832726E+001
    175.11170  -4.89374528E+001
    175.16506  -4.85919648E+001
    175.21841  -4.82468407E+001
    175.27176  -4.79021115E+001
    175.32511  -4.75578078E+001
    175.37846  -4.72139591E+001
    175.43181  -4.68705945E+001
    175.48516  -4.65277421E+001
    175.53851  -4.61854294E+001
    175.59186  -4.58436831E+001
    175.64522  -4.55025293E+001
    175.69857  -4.51619934E+001
    175.75192  -4.48220999E+001
    175.80527  -4.44828728E+001
    175.85862  -4.41443353E+001
    175.91197  -4.38065100E+001
    175.96532  -4.34694188E+001
    176.01867  -4.31330830E+001
    176.07202  -4.27975230E+001
    176.12538  -4.24627587E+001
    176.17873  -4.21288096E+001
    176.23208  -4.17956941E+001
    176.28543  -4.14634303E+001
    176.33878  -4.11320357E+001
    176.39213  -4.08015268E+001
    176.44548  -4.04719200E+001
    176.49883  -4.01432308E+001
    176.55218  -3.98154742E+001
    176.60554  -3.94886646E+001
    176.65889  -3.91628158E+001
    176.71224  -3.88379412E+001
    176.76559  -3.85140533E+001
    176.81894  -3.81911645E+001
    176.87229  -3.78692862E+001
    176.92564  -3.75484298E+001
    176.97899  -3.72286056E+001
    177.03234  -3.69098239E+001
    177.08570  -3.65920941E+001
    177.13905  -3.62754255E+001
    177.19240  -3.59598265E+001
    177.24575  -3.56453053E+001
    177.29910  -3.53318696E+001
    177.35245  -3.50195265E+001
    177.40580  -3.47082829E+001
    177.45915  -3.43981449E+001
    177.51250  -3.40891186E+001
    177.56586  -3.37812093E+001
    177.61921  -3.34744222E+001
    177.67256  -3.31687617E+001
    177.72591  -3.28642323E+001
    177.77926  -3.25608377E+001
    177.83261  -3.22585814E+001
    177.88596  -3.19574666E+001
    177.93931  -3.16574959E+001
    177.99266  -3.13586718E+001
    178.04602  -3.10609964E+001
    178.09937  -3.07644712E+001
    178.15272  -3.04690979E+001
    178.20607  -3.01748773E+001
    178.25942  -2.98818103E+001
    178.31277  -2.95898974E+001
    178.36612  -2.92991387E+001
    178.41947  -2.90095341E+001
    178.47282  -2.87210832E+001
    178.52618  -2.84337854E+001
    178.57953  -2.81476398E+001
    178.63288  -2.78626451E+001
    178.68623  -2.75788001E+001
    178.73958  -2.72961031E+001
    178.79293  -2.70145521E+001
    178.84628  -2.67341451E+001
    178.89963  -2.64548799E+001
    178.95298  -2.61767539E+001
    179.00634  -2.58997645E+001
    179.05969  -2.56239087E+001
    179.11304  -2.53491835E+001
    179.16639  -2.50755857E+001
    179.21974  -2.48031119E+001
    179.27309  -2.45317585E+001
    179.32644  -2.42615218E+001
    179.37979  -2.39923980E+001
    179.43314  -2.37243832E+001
    179.48650  -2.34574731E+001
    179.53985  -2.31916635E+001
    179.59320  -2.29269502E+001
    179.64655  -2.26633286E+001
    179.69990  -2.24007942E+001
    179.75325  -2.21393424E+001
    179.80660  -2.18789683E+001
    179.85995  -2.16196672E+001
    179.91330  -2.13614342E+001
    179.96666  -2.11042642E+001
    180.02001  -2.08481524E+001
    180.07336  -2.05930934E+001
    180.12671  -2.03390823E+001
    180.18006  -2.00861139E+001
    180.23341  -1.98341828E+001
    180.28676  -1.95832838E+001
    180.34011  -1.93334116E+001
    180.39346  -1.90845610E+001
    180.44682  -1.88367265E+001
    180.50017  -1.85899028E+001
    180.55352  -1.83440845E+001
    180.60687  -1.80992663E+001
    180.66022  -1.78554428E+001
    180.71357  -1.76126086E+001
    180.76692  -1.73707584E+001
    180.82027  -1.71298869E+001
    180.87362  -1.68899888E+001
    180.92698  -1.66510587E+001
    180.98033  -1.64130913E+001
    181.03368  -1.61760816E+001
    181.08703  -1.59400242E+001
    181.14038  -1.57049141E+001
    181.19373  -1.54707460E+001
    181.24708  -1.52375151E+001
    181.30043  -1.50052162E+001
    181.35378  -1.47738444E+001
    181.40714  -1.45433948E+001
    181.46049  -1.43138626E+001
    181.51384  -1.40852431E+001
    181.56719  -1.38575315E+001
    181.62054  -1.36307232E+001
    181.67389  -1.34048138E+001
    181.72724  -1.31797986E+001
    181.78059  -1.29556734E+001
    181.83394  -1.27324339E+001
    181.88730  -1.25100758E+001
    181.94065  -1.22885950E+001
    181.99400  -1.20679875E+001
    182.04735  -1.18482493E+001
    182.10070  -1.16293766E+001
    182.15405  -1.14113658E+001
    182.20740  -1.11942130E+001
    182.26075  -1.09779149E+001
    182.31410  -1.07624679E+001
    182.36746  -1.05478687E+001
    182.42081  -1.03341142E+001
    182.47416  -1.01212011E+001
    182.52751  -9.90912661E+000
    182.58086  -9.69788772E+000
    182.63421  -9.48748168E+000
    182.68756  -9.27790585E+000
    182.74091  -9.06915769E+000
    182.79426  -8.86123478E+000
    182.84762  -8.65413481E+000
    182.90097  -8.44785562E+000
    182.95432  -8.24239513E+000
    183.00767  -8.03775142E+000
    183.06102  -7.83392266E+000
    183.11437  -7.63090717E+000
    183.16772  -7.42870338E+000
    183.22107  -7.22730984E+000
    183.27442  -7.02672524E+000
    183.32778  -6.82694838E+000
    183.38113  -6.62797820E+000
    183.43448  -6.42981375E+000
    183.48783  -6.23245422E+000
    183.54118  -6.03589891E+000
    183.59453  -5.84014728E+000
    183.64788  -5.64519886E+000
    183.70123  -5.45105337E+000
    183.75458  -5.25771060E+000
    183.80794  -5.06517051E+000
    183.86129  -4.87343314E+000
    183.91464  -4.68249871E+000
    183.96799  -4.49236752E+000
    184.02134  -4.30304000E+000
    184.07469  -4.11451673E+000
    184.12804  -3.92679839E+000
    184.18139  -3.73988579E+000
    184.23474  -3.55377986E+000
    184.28810  -3.36848165E+000
    184.34145  -3.18399234E+000
    184.39480  -3.00031321E+000
    184.44815  -2.81744567E+000
    184.50150  -2.63539126E+000
    184.55485  -2.45415162E+000
    184.60820  -2.27372851E+000
    184.66155  -2.09412380E+000
    184.71490  -1.91533949E+000
    184.76826  -1.73737767E+000
    184.82161  -1.56024056E+000
    184.87496  -1.38393048E+000
    184.92831  -1.20844986E+000
    184.98166  -1.03380123E+000
    185.03501  -8.59987252E-001
    185.08836  -6.87010662E-001
    185.14171  -5.14874316E-001
    185.19507  -3.43581167E-001
    185.24842  -1.73134268E-001
    185.30177  -3.53677226E-003
    185.35512   1.65208072E-001
    185.40847   3.33096918E-001
    185.46182   5.00126330E-001
    185.51517   6.66292775E-001
    185.56852   8.31592632E-001
    185.62187   9.96022192E-001
    185.67523   1.15957766E+000
    185.72858   1.32225515E+000
    185.78193   1.48405069E+000
    185.83528   1.64496025E+000
    185.88863   1.80497970E+000
    185.94198   1.96410482E+000
    185.99533   2.12233134E+000
    186.04868   2.27965490E+000
    186.10203   2.43607109E+000
    186.15539   2.59157539E+000
    186.20874   2.74616325E+000
    186.26209   2.89983002E+000
    186.31544   3.05257103E+000
    186.36879   3.20438151E+000
    186.42214   3.35525663E+000
    186.47549   3.50519153E+000
    186.52884   3.65418128E+000
    186.58219   3.80222087E+000
    186.63555   3.94930528E+000
    186.68890   4.09542942E+000
    186.74225   4.24058815E+000
    186.79560   4.38477629E+000
    186.84895   4.52798861E+000
    186.90230   4.67021985E+000
    186.95565   4.81146469E+000
    187.00900   4.95171780E+000
    187.06235   5.09097380E+000
    187.11571   5.22922727E+000
    187.16906   5.36647277E+000
    187.22241   5.50270483E+000
    187.27576   5.63791796E+000
    187.32911   5.77210662E+000
    187.38246   5.90526528E+000
    187.43581   6.03738837E+000
    187.48916   6.16847031E+000
    187.54251   6.29850550E+000
    187.59587   6.42748832E+000
    187.64922   6.55541316E+000
    187.70257   6.68227439E+000
    187.75592   6.80806635E+000
    187.80927   6.93278341E+000
    187.86262   7.05641993E+000
    187.91597   7.17897024E+000
    187.96932   7.30042870E+000
    188.02267   7.42078967E+000
    188.07603   7.54004751E+000
    188.12938   7.65819659E+000
    188.18273   7.77523129E+000
    188.23608   7.89114600E+000
    188.28943   8.00593511E+000
    188.34278   8.11959306E+000
    188.39613   8.23211427E+000
    188.44948   8.34349322E+000
    188.50283   8.45372436E+000
    188.55619   8.56280222E+000
    188.60954   8.67072132E+000
    188.66289   8.77747621E+000
    188.71624   8.88306149E+000
    188.76959   8.98747178E+000
    188.82294   9.09070172E+000
    188.87629   9.19274600E+000
    188.92964   9.29359936E+000
    188.98299   9.39325656E+000
    189.03635   9.49171240E+000
    189.08970   9.58896174E+000
    189.14305   9.68499947E+000
    189.19640   9.77982054E+000
    189.24975   9.87341993E+000
    189.30310   9.96579270E+000
    189.35645   1.00569339E+001
    189.40980   1.01468388E+001
    189.46315   1.02355024E+001
    189.51651   1.03229202E+001
    189.56986   1.04090873E+001
    189.62321   1.04939993E+001
    189.67656   1.05776515E+001
    189.72991   1.06600394E+001
    189.78326   1.07411586E+001
    189.83661   1.08210048E+001
    189.88996   1.08995737E+001
    189.94331   1.09768610E+001
    189.99667   1.10528627E+001
    190.05002   1.11275746E+001
    190.10337   1.12009927E+001
    190.15672   1.12731132E+001
    190.21007   1.13439321E+001
    190.26342   1.14134458E+001
    190.31677   1.14816506E+001
    190.37012   1.15485428E+001
    190.42347   1.16141189E+001
    190.47683   1.16783756E+001
    190.53018   1.17413094E+001
    190.58353   1.18029172E+001
    190.63688   1.18631957E+001
    190.69023   1.19221419E+001
    190.74358   1.19797528E+001
    190.79693   1.20360255E+001
    190.85028   1.20909572E+001
    190.90363   1.21445453E+001
    190.95699   1.21967870E+001
    191.01034   1.22476800E+001
    191.06369   1.22972217E+001
    191.11704   1.23454099E+001
    191.17039   1.23922424E+001
    191.22374   1.24377171E+001
    191.27709   1.24818319E+001
    191.33044   1.25245850E+001
    191.38379   1.25659746E+001
    191.43715   1.26059989E+001
    191.49050   1.26446565E+001
    191.54385   1.26819457E+001
    191.59720   1.27178653E+001
    191.65055   1.27524140E+001
    191.70390   1.27855905E+001
    191.75725   1.28173940E+001
    191.81060   1.28478234E+001
    191.86395   1.28768780E+001
    191.91731   1.29045570E+001
    191.97066   1.29308598E+001
    192.02401   1.29557859E+001
    192.07736   1.29793350E+001
    192.13071   1.30015069E+001
    192.18406   1.30223014E+001
    192.23741   1.30417184E+001
    192.29076   1.30597581E+001
    192.34411   1.30764207E+001
    192.39747   1.30917064E+001
    192.45082   1.31056159E+001
    192.50417   1.31181495E+001
    192.55752   1.31293081E+001
    192.61087   1.31390924E+001
    192.66422   1.31475033E+001
    192.71757   1.31545418E+001
    192.77092   1.31602092E+001
    192.82427   1.31645067E+001
    192.87763   1.31674357E+001
    192.93098   1.31689978E+001
    192.98433   1.31691945E+001
    193.03768   1.31680277E+001
    193.09103   1.31654992E+001
    193.14438   1.31616110E+001
    193.19773   1.31563652E+001
    193.25108   1.31497642E+001
    193.30443   1.31418102E+001
    193.35779   1.31325058E+001
    193.41114   1.31218536E+001
    193.46449   1.31098562E+001
    193.51784   1.30965166E+001
    193.57119   1.30818378E+001
    193.62454   1.30658227E+001
    193.67789   1.30484747E+001
    193.73124   1.30297970E+001
    193.78459   1.30097932E+001
    193.83795   1.29884668E+001
    193.89130   1.29658214E+001
    193.94465   1.29418610E+001
    193.99800   1.29165895E+001
    194.05135   1.28900108E+001
    194.10470   1.28621293E+001
    194.15805   1.28329491E+001
    194.21140   1.28024747E+001
    194.26475   1.27707106E+001
    194.31811   1.27376615E+001
    194.37146   1.27033321E+001
    194.42481   1.26677273E+001
    194.47816   1.26308521E+001
    194.53151   1.25927116E+001
    194.58486   1.25533111E+001
    194.63821   1.25126559E+001
    194.69156   1.24707514E+001
    194.74491   1.24276032E+001
    194.79827   1.23832170E+001
    194.85162   1.23375986E+001
    194.90497   1.22907540E+001
    194.95832   1.22426890E+001
    195.01167   1.21934099E+001
    195.06502   1.21429230E+001
    195.11837   1.20912344E+001
    195.17172   1.20383508E+001
    195.22508   1.19842787E+001
    195.27843   1.19290247E+001
    195.33178   1.18725956E+001
    195.38513   1.18149983E+001
    195.43848   1.17562399E+001
    195.49183   1.16963274E+001
    195.54518   1.16352679E+001
    195.59853   1.15730689E+001
    195.65188   1.15097377E+001
    195.70524   1.14452818E+001
    195.75859   1.13797088E+001
    195.81194   1.13130265E+001
    195.86529   1.12452426E+001
    195.91864   1.11763650E+001
    195.97199   1.11064017E+001
    196.02534   1.10353609E+001
    196.07869   1.09632506E+001
    196.13204   1.08900793E+001
    196.18540   1.08158552E+001
    196.23875   1.07405868E+001
    196.29210   1.06642826E+001
    196.34545   1.05869514E+001
    196.39880   1.05086018E+001
    196.45215   1.04292427E+001
    196.50550   1.03488830E+001
    196.55885   1.02675316E+001
    196.61220   1.01851977E+001
    196.66556   1.01018904E+001
    196.71891   1.00176189E+001
    196.77226   9.93239253E+000
    196.82561   9.84622075E+000
    196.87896   9.75911302E+000
    196.93231   9.67107888E+000
    196.98566   9.58212799E+000
    197.03901   9.49227003E+000
    197.09236   9.40151480E+000
    197.14572   9.30987216E+000
    197.19907   9.21735203E+000
    197.25242   9.12396441E+000
    197.30577   9.02971938E+000
    197.35912   8.93462705E+000
    197.41247   8.83869765E+000
    197.46582   8.74194144E+000
    197.51917   8.64436875E+000
    197.57252   8.54598997E+000
    197.62588   8.44681558E+000
    197.67923   8.34685608E+000
    197.73258   8.24612205E+000
    197.78593   8.14462414E+000
    197.83928   8.04237304E+000
    197.89263   7.93937949E+000
    197.94598   7.83565429E+000
    197.99933   7.73120832E+000
    198.05268   7.62605247E+000
    198.10604   7.52019771E+000
    198.15939   7.41365504E+000
    198.21274   7.30643551E+000
    198.26609   7.19855025E+000
    198.31944   7.09001038E+000
    198.37279   6.98082710E+000
    198.42614   6.87101166E+000
    198.47949   6.76057532E+000
    198.53284   6.64952940E+000
    198.58620   6.53788526E+000
    198.63955   6.42565429E+000
    198.69290   6.31284792E+000
    198.74625   6.19947761E+000
    198.79960   6.08555486E+000
    198.85295   5.97109119E+000
    198.90630   5.85609818E+000
    198.95965   5.74058740E+000
    199.01300   5.62457048E+000
    199.06636   5.50805906E+000
    199.11971   5.39106480E+000
    199.17306   5.27359941E+000
    199.22641   5.15567459E+000
    199.27976   5.03730210E+000
    199.33311   4.91849368E+000
    199.38646   4.79926111E+000
    199.43981   4.67961618E+000
    199.49316   4.55957072E+000
    199.54652   4.43913654E+000
    199.59987   4.31832548E+000
    199.65322   4.19714940E+000
    199.70657   4.07562015E+000
    199.75992   3.95374961E+000
    199.81327   3.83154966E+000
    199.86662   3.70903218E+000
    199.91997   3.58620907E+000
    199.97332   3.46309223E+000
    200.02668   3.33969355E+000
    200.08003   3.21602494E+000
    200.13338   3.09209830E+000
    200.18673   2.96792553E+000
    200.24008   2.84351854E+000
    200.29343   2.71888921E+000
    200.34678   2.59404944E+000
    200.40013   2.46901111E+000
    200.45348   2.34378611E+000
    200.50684   2.21838631E+000
    200.56019   2.09282355E+000
    200.61354   1.96710971E+000
    200.66689   1.84125660E+000
    200.72024   1.71527606E+000
    200.77359   1.58917990E+000
    200.82694   1.46297991E+000
    200.88029   1.33668786E+000
    200.93364   1.21031552E+000
    200.98700   1.08387462E+000
    201.04035   9.57376889E-001
    201.09370   8.30834014E-001
    201.14705   7.04257672E-001
    201.20040   5.77659513E-001
    201.25375   4.51051160E-001
    201.30710   3.24444211E-001
    201.36045   1.97850237E-001
    201.41380   7.12807773E-002
    201.46716  -5.52526559E-002
    201.52051  -1.81738582E-001
    201.57386  -3.08165555E-001
    201.62721  -4.34522158E-001
    201.68056  -5.60797011E-001
    201.73391  -6.86978771E-001
    201.78726  -8.13056128E-001
    201.84061  -9.39017813E-001
    201.89396  -1.06485259E+000
    201.94732  -1.19054928E+000
    202.00067  -1.31609671E+000
    202.05402  -1.44148379E+000
    202.10737  -1.56669945E+000
    202.16072  -1.69173265E+000
    202.21407  -1.81657244E+000
    202.26742  -1.94120787E+000
    202.32077  -2.06562806E+000
    202.37412  -2.18982218E+000
    202.42748  -2.31377943E+000
    202.48083  -2.43748907E+000
    202.53418  -2.56094043E+000
    202.58753  -2.68412287E+000
    202.64088  -2.80702579E+000
    202.69423  -2.92963868E+000
    202.74758  -3.05195106E+000
    202.80093  -3.17395250E+000
    202.85428  -3.29563266E+000
    202.90764  -3.41698121E+000
    202.96099  -3.53798791E+000
    203.01434  -3.65864258E+000
    203.06769  -3.77893509E+000
    203.12104  -3.89885536E+000
    203.17439  -4.01839340E+000
    203.22774  -4.13753924E+000
    203.28109  -4.25628302E+000
    203.33444  -4.37461492E+000
    203.38780  -4.49252518E+000
    203.44115  -4.61000411E+000
    203.49450  -4.72704210E+000
    203.54785  -4.84362959E+000
    203.60120  -4.95975709E+000
    203.65455  -5.07541518E+000
    203.70790  -5.19059451E+000
    203.76125  -5.30528580E+000
    203.81460  -5.41947985E+000
    203.86796  -5.53316752E+000
    203.92131  -5.64633973E+000
    203.97466  -5.75898750E+000
    204.02801  -5.87110191E+000
    204.08136  -5.98267410E+000
    204.13471  -6.09369531E+000
    204.18806  -6.20415683E+000
    204.24141  -6.31405005E+000
    204.29476  -6.42336642E+000
    204.34812  -6.53209747E+000
    204.40147  -6.64023481E+000
    204.45482  -6.74777012E+000
    204.50817  -6.85469517E+000
    204.56152  -6.96100180E+000
    204.61487  -7.06668194E+000
    204.66822  -7.17172759E+000
    204.72157  -7.27613083E+000
    204.77492  -7.37988382E+000
    204.82828  -7.48297882E+000
    204.88163  -7.58540814E+000
    204.93498  -7.68716421E+000
    204.98833  -7.78823950E+000
    205.04168  -7.88862661E+000
    205.09503  -7.98831818E+000
    205.14838  -8.08730696E+000
    205.20173  -8.18558578E+000
    205.25509  -8.28314755E+000
    205.30844  -8.37998527E+000
    205.36179  -8.47609202E+000
    205.41514  -8.57146098E+000
    205.46849  -8.66608538E+000
    205.52184  -8.75995859E+000
    205.57519  -8.85307403E+000
    205.62854  -8.94542520E+000
    205.68189  -9.03700572E+000
    205.73525  -9.12780928E+000
    205.78860  -9.21782965E+000
    205.84195  -9.30706071E+000
    205.89530  -9.39549640E+000
    205.94865  -9.48313077E+000
    206.00200  -9.56995795E+000
    206.05535  -9.65597217E+000
    206.10870  -9.74116773E+000
    206.16205  -9.82553904E+000
    206.21541  -9.90908059E+000
    206.26876  -9.99178695E+000
    206.32211  -1.00736528E+001
    206.37546  -1.01546729E+001
    206.42881  -1.02348421E+001
    206.48216  -1.03141553E+001
    206.53551  -1.03926076E+001
    206.58886  -1.04701941E+001
    206.64221  -1.05469100E+001
    206.69557  -1.06227506E+001
    206.74892  -1.06977113E+001
    206.80227  -1.07717876E+001
    206.85562  -1.08449751E+001
    206.90897  -1.09172694E+001
    206.96232  -1.09886662E+001
    207.01567  -1.10591615E+001
    207.06902  -1.11287512E+001
    207.12237  -1.11974313E+001
    207.17573  -1.12651979E+001
    207.22908  -1.13320473E+001
    207.28243  -1.13979757E+001
    207.33578  -1.14629795E+001
    207.38913  -1.15270553E+001
    207.44248  -1.15901996E+001
    207.49583  -1.16524090E+001
    207.54918  -1.17136804E+001
    207.60253  -1.17740106E+001
    207.65589  -1.18333964E+001
    207.70924  -1.18918351E+001
    207.76259  -1.19493236E+001
    207.81594  -1.20058591E+001
    207.86929  -1.20614391E+001
    207.92264  -1.21160608E+001
    207.97599  -1.21697218E+001
    208.02934  -1.22224196E+001
    208.08269  -1.22741518E+001
    208.13605  -1.23249163E+001
    208.18940  -1.23747109E+001
    208.24275  -1.24235335E+001
    208.29610  -1.24713820E+001
    208.34945  -1.25182547E+001
    208.40280  -1.25641497E+001
    208.45615  -1.26090652E+001
    208.50950  -1.26529997E+001
    208.56285  -1.26959517E+001
    208.61621  -1.27379195E+001
    208.66956  -1.27789020E+001
    208.72291  -1.28188978E+001
    208.77626  -1.28579056E+001
    208.82961  -1.28959245E+001
    208.88296  -1.29329533E+001
    208.93631  -1.29689911E+001
    208.98966  -1.30040372E+001
    209.04301  -1.30380906E+001
    209.09637  -1.30711508E+001
    209.14972  -1.31032171E+001
    209.20307  -1.31342890E+001
    209.25642  -1.31643661E+001
    209.30977  -1.31934480E+001
    209.36312  -1.32215346E+001
    209.41647  -1.32486255E+001
    209.46982  -1.32747207E+001
    209.52317  -1.32998202E+001
    209.57653  -1.33239241E+001
    209.62988  -1.33470324E+001
    209.68323  -1.33691455E+001
    209.73658  -1.33902636E+001
    209.78993  -1.34103871E+001
    209.84328  -1.34295166E+001
    209.89663  -1.34476524E+001
    209.94998  -1.34647954E+001
    210.00333  -1.34809461E+001
    210.05669  -1.34961054E+001
    210.11004  -1.35102741E+001
    210.16339  -1.35234531E+001
    210.21674  -1.35356436E+001
    210.27009  -1.35468465E+001
    210.32344  -1.35570631E+001
    210.37679  -1.35662946E+001
    210.43014  -1.35745422E+001
    210.48349  -1.35818075E+001
    210.53685  -1.35880919E+001
    210.59020  -1.35933968E+001
    210.64355  -1.35977240E+001
    210.69690  -1.36010751E+001
    210.75025  -1.36034519E+001
    210.80360  -1.36048562E+001
    210.85695  -1.36052900E+001
    210.91030  -1.36047551E+001
    210.96365  -1.36032537E+001
    211.01701  -1.36007878E+001
    211.07036  -1.35973597E+001
    211.12371  -1.35929715E+001
    211.17706  -1.35876257E+001
    211.23041  -1.35813246E+001
    211.28376  -1.35740707E+001
    211.33711  -1.35658664E+001
    211.39046  -1.35567144E+001
    211.44381  -1.35466174E+001
    211.49717  -1.35355780E+001
    211.55052  -1.35235991E+001
    211.60387  -1.35106834E+001
    211.65722  -1.34968340E+001
    211.71057  -1.34820537E+001
    211.76392  -1.34663457E+001
    211.81727  -1.34497130E+001
    211.87062  -1.34321588E+001
    211.92397  -1.34136863E+001
    211.97733  -1.33942988E+001
    212.03068  -1.33739997E+001
    212.08403  -1.33527923E+001
    212.13738  -1.33306801E+001
    212.19073  -1.33076666E+001
    212.24408  -1.32837554E+001
    212.29743  -1.32589502E+001
    212.35078  -1.32332546E+001
    212.40413  -1.32066724E+001
    212.45749  -1.31792073E+001
    212.51084  -1.31508633E+001
    212.56419  -1.31216443E+001
    212.61754  -1.30915541E+001
    212.67089  -1.30605969E+001
    212.72424  -1.30287767E+001
    212.77759  -1.29960976E+001
    212.83094  -1.29625638E+001
    212.88429  -1.29281795E+001
    212.93765  -1.28929490E+001
    212.99100  -1.28568766E+001
    213.04435  -1.28199667E+001
    213.09770  -1.27822237E+001
    213.15105  -1.27436521E+001
    213.20440  -1.27042564E+001
    213.25775  -1.26640411E+001
    213.31110  -1.26230108E+001
    213.36445  -1.25811703E+001
    213.41781  -1.25385242E+001
    213.47116  -1.24950772E+001
    213.52451  -1.24508342E+001
    213.57786  -1.24057999E+001
    213.63121  -1.23599792E+001
    213.68456  -1.23133771E+001
    213.73791  -1.22659985E+001
    213.79126  -1.22178484E+001
    213.84461  -1.21689318E+001
    213.89797  -1.21192538E+001
    213.95132  -1.20688195E+001
    214.00467  -1.20176340E+001
    214.05802  -1.19657026E+001
    214.11137  -1.19130305E+001
    214.16472  -1.18596229E+001
    214.21807  -1.18054851E+001
    214.27142  -1.17506225E+001
    214.32477  -1.16950404E+001
    214.37813  -1.16387443E+001
    214.43148  -1.15817395E+001
    214.48483  -1.15240315E+001
    214.53818  -1.14656259E+001
    214.59153  -1.14065281E+001
    214.64488  -1.13467438E+001
    214.69823  -1.12862784E+001
    214.75158  -1.12251378E+001
    214.80493  -1.11633274E+001
    214.85829  -1.11008529E+001
    214.91164  -1.10377202E+001
    214.96499  -1.09739349E+001
    215.01834  -1.09095027E+001
    215.07169  -1.08444295E+001
    215.12504  -1.07787211E+001
    215.17839  -1.07123834E+001
    215.23174  -1.06454221E+001
    215.28510  -1.05778432E+001
    215.33845  -1.05096526E+001
    215.39180  -1.04408562E+001
    215.44515  -1.03714601E+001
    215.49850  -1.03014700E+001
    215.55185  -1.02308922E+001
    215.60520  -1.01597326E+001
    215.65855  -1.00879971E+001
    215.71190  -1.00156920E+001
    215.76526  -9.94282329E+000
    215.81861  -9.86939703E+000
    215.87196  -9.79541935E+000
    215.92531  -9.72089640E+000
    215.97866  -9.64583433E+000
    216.03201  -9.57023929E+000
    216.08536  -9.49411748E+000
    216.13871  -9.41747510E+000
    216.19206  -9.34031834E+000
    216.24542  -9.26265344E+000
    216.29877  -9.18448664E+000
    216.35212  -9.10582419E+000
    216.40547  -9.02667234E+000
    216.45882  -8.94703739E+000
    216.51217  -8.86692561E+000
    216.56552  -8.78634330E+000
    216.61887  -8.70529677E+000
    216.67222  -8.62379234E+000
    216.72558  -8.54183632E+000
    216.77893  -8.45943506E+000
    216.83228  -8.37659491E+000
    216.88563  -8.29332219E+000
    216.93898  -8.20962329E+000
    216.99233  -8.12550455E+000
    217.04568  -8.04097235E+000
    217.09903  -7.95603306E+000
    217.15238  -7.87069306E+000
    217.20574  -7.78495874E+000
    217.25909  -7.69883648E+000
    217.31244  -7.61233267E+000
    217.36579  -7.52545370E+000
    217.41914  -7.43820598E+000
    217.47249  -7.35059590E+000
    217.52584  -7.26262985E+000
    217.57919  -7.17431424E+000
    217.63254  -7.08565547E+000
    217.68590  -6.99665993E+000
    217.73925  -6.90733404E+000
    217.79260  -6.81768417E+000
    217.84595  -6.72771674E+000
    217.89930  -6.63743812E+000
    217.95265  -6.54685473E+000
    218.00600  -6.45597294E+000
    218.05935  -6.36479914E+000
    218.11270  -6.27333971E+000
    218.16606  -6.18160102E+000
    218.21941  -6.08958946E+000
    218.27276  -5.99731137E+000
    218.32611  -5.90477314E+000
    218.37946  -5.81198110E+000
    218.43281  -5.71894160E+000
    218.48616  -5.62566099E+000
    218.53951  -5.53214560E+000
    218.59286  -5.43840175E+000
    218.64622  -5.34443576E+000
    218.69957  -5.25025393E+000
    218.75292  -5.15586256E+000
    218.80627  -5.06126794E+000
    218.85962  -4.96647634E+000
    218.91297  -4.87149403E+000
    218.96632  -4.77632728E+000
    219.01967  -4.68098231E+000
    219.07302  -4.58546536E+000
    219.12638  -4.48978266E+000
    219.17973  -4.39394040E+000
    219.23308  -4.29794478E+000
    219.28643  -4.20180198E+000
    219.33978  -4.10551817E+000
    219.39313  -4.00909949E+000
    219.44648  -3.91255209E+000
    219.49983  -3.81588208E+000
    219.55318  -3.71909557E+000
    219.60654  -3.62219865E+000
    219.65989  -3.52519739E+000
    219.71324  -3.42809786E+000
    219.76659  -3.33090608E+000
    219.81994  -3.23362808E+000
    219.87329  -3.13626986E+000
    219.92664  -3.03883742E+000
    219.97999  -2.94133671E+000
    220.03334  -2.84377369E+000
    220.08670  -2.74615428E+000
    220.14005  -2.64848440E+000
    220.19340  -2.55076993E+000
    220.24675  -2.45301674E+000
    220.30010  -2.35523068E+000
    220.35345  -2.25741758E+000
    220.40680  -2.15958325E+000
    220.46015  -2.06173346E+000
    220.51350  -1.96387398E+000
    220.56686  -1.86601055E+000
    220.62021  -1.76814888E+000
    220.67356  -1.67029468E+000
    220.72691  -1.57245360E+000
    220.78026  -1.47463131E+000
    220.83361  -1.37683341E+000
    220.88696  -1.27906552E+000
    220.94031  -1.18133320E+000
    220.99366  -1.08364200E+000
    221.04702  -9.85997448E-001
    221.10037  -8.88405043E-001
    221.15372  -7.90870257E-001
    221.20707  -6.93398538E-001
    221.26042  -5.95995304E-001
    221.31377  -4.98665952E-001
    221.36712  -4.01415847E-001
    221.42047  -3.04250330E-001
    221.47382  -2.07174714E-001
    221.52718  -1.10194283E-001
    221.58053  -1.33142938E-002
    221.63388   8.34600242E-002
    221.68723   1.80123471E-001
    221.74058   2.76670874E-001
    221.79393   3.73097093E-001
    221.84728   4.69397012E-001
    221.90063   5.65565548E-001
    221.95398   6.61597648E-001
    222.00734   7.57488285E-001
    222.06069   8.53232468E-001
    222.11404   9.48825230E-001
    222.16739   1.04426164E+000
    222.22074   1.13953679E+000
    222.27409   1.23464582E+000
    222.32744   1.32958389E+000
    222.38079   1.42434617E+000
    222.43414   1.51892791E+000
    222.48750   1.61332434E+000
    222.54085   1.70753077E+000
    222.59420   1.80154251E+000
    222.64755   1.89535491E+000
    222.70090   1.98896335E+000
    222.75425   2.08236326E+000
    222.80760   2.17555008E+000
    222.86095   2.26851930E+000
    222.91430   2.36126643E+000
    222.96766   2.45378703E+000
    223.02101   2.54607667E+000
    223.07436   2.63813099E+000
    223.12771   2.72994562E+000
    223.18106   2.82151625E+000
    223.23441   2.91283862E+000
    223.28776   3.00390846E+000
    223.34111   3.09472158E+000
    223.39446   3.18527380E+000
    223.44782   3.27556097E+000
    223.50117   3.36557899E+000
    223.55452   3.45532380E+000
    223.60787   3.54479135E+000
    223.66122   3.63397765E+000
    223.71457   3.72287874E+000
    223.76792   3.81149068E+000
    223.82127   3.89980960E+000
    223.87462   3.98783162E+000
    223.92798   4.07555293E+000
    223.98133   4.16296975E+000
    224.03468   4.25007833E+000
    224.08803   4.33687496E+000
    224.14138   4.42335596E+000
    224.19473   4.50951771E+000
    224.24808   4.59535659E+000
    224.30143   4.68086904E+000
    224.35478   4.76605154E+000
    224.40814   4.85090060E+000
    224.46149   4.93541275E+000
    224.51484   5.01958460E+000
    224.56819   5.10341275E+000
    224.62154   5.18689387E+000
    224.67489   5.27002464E+000
    224.72824   5.35280182E+000
    224.78159   5.43522215E+000
    224.83494   5.51728246E+000
    224.88830   5.59897959E+000
    224.94165   5.68031041E+000
    224.99500   5.76127186E+000
    225.04835   5.84186089E+000
    225.10170   5.92207450E+000
    225.15505   6.00190971E+000
    225.20840   6.08136361E+000
    225.26175   6.16043329E+000
    225.31511   6.23911592E+000
    225.36846   6.31740866E+000
    225.42181   6.39530876E+000
    225.47516   6.47281346E+000
    225.52851   6.54992006E+000
    225.58186   6.62662591E+000
    225.63521   6.70292837E+000
    225.68856   6.77882487E+000
    225.74191   6.85431284E+000
    225.79527   6.92938978E+000
    225.84862   7.00405322E+000
    225.90197   7.07830072E+000
    225.95532   7.15212988E+000
    226.00867   7.22553834E+000
    226.06202   7.29852379E+000
    226.11537   7.37108392E+000
    226.16872   7.44321651E+000
    226.22207   7.51491935E+000
    226.27543   7.58619025E+000
    226.32878   7.65702709E+000
    226.38213   7.72742778E+000
    226.43548   7.79739025E+000
    226.48883   7.86691249E+000
    226.54218   7.93599252E+000
    226.59553   8.00462838E+000
    226.64888   8.07281818E+000
    226.70223   8.14056005E+000
    226.75559   8.20785215E+000
    226.80894   8.27469269E+000
    226.86229   8.34107990E+000
    226.91564   8.40701208E+000
    226.96899   8.47248754E+000
    227.02234   8.53750464E+000
    227.07569   8.60206175E+000
    227.12904   8.66615733E+000
    227.18239   8.72978982E+000
    227.23575   8.79295773E+000
    227.28910   8.85565960E+000
    227.34245   8.91789401E+000
    227.39580   8.97965956E+000
    227.44915   9.04095492E+000
    227.50250   9.10177875E+000
    227.55585   9.16212979E+000
    227.60920   9.22200679E+000
    227.66255   9.28140855E+000
    227.71591   9.34033390E+000
    227.76926   9.39878169E+000
    227.82261   9.45675085E+000
    227.87596   9.51424029E+000
    227.92931   9.57124900E+000
    227.98266   9.62777598E+000
    228.03601   9.68382028E+000
    228.08936   9.73938098E+000
    228.14271   9.79445718E+000
    228.19607   9.84904806E+000
    228.24942   9.90315277E+000
    228.30277   9.95677056E+000
    228.35612   1.00099007E+001
    228.40947   1.00625424E+001
    228.46282   1.01146950E+001
    228.51617   1.01663580E+001
    228.56952   1.02175306E+001
    228.62287   1.02682123E+001
    228.67623   1.03184026E+001
    228.72958   1.03681009E+001
    228.78293   1.04173069E+001
    228.83628   1.04660199E+001
    228.88963   1.05142397E+001
    228.94298   1.05619659E+001
    228.99633   1.06091981E+001
    229.04968   1.06559361E+001
    229.10303   1.07021795E+001
    229.15639   1.07479280E+001
    229.20974   1.07931816E+001
    229.26309   1.08379400E+001
    229.31644   1.08822030E+001
    229.36979   1.09259706E+001
    229.42314   1.09692427E+001
    229.47649   1.10120192E+001
    229.52984   1.10543002E+001
    229.58319   1.10960855E+001
    229.63655   1.11373753E+001
    229.68990   1.11781696E+001
    229.74325   1.12184686E+001
    229.79660   1.12582723E+001
    229.84995   1.12975810E+001
    229.90330   1.13363949E+001
    229.95665   1.13747141E+001
    230.01000   1.14125389E+001
    230.06335   1.14498696E+001
    230.11671   1.14867066E+001
    230.17006   1.15230501E+001
    230.22341   1.15589005E+001
    230.27676   1.15942583E+001
    230.33011   1.16291239E+001
    230.38346   1.16634977E+001
    230.43681   1.16973802E+001
    230.49016   1.17307720E+001
    230.54351   1.17636736E+001
    230.59687   1.17960855E+001
    230.65022   1.18280083E+001
    230.70357   1.18594428E+001
    230.75692   1.18903894E+001
    230.81027   1.19208490E+001
    230.86362   1.19508222E+001
    230.91697   1.19803098E+001
    230.97032   1.20093125E+001
    231.02367   1.20378311E+001
    231.07703   1.20658664E+001
    231.13038   1.20934192E+001
    231.18373   1.21204905E+001
    231.23708   1.21470811E+001
    231.29043   1.21731919E+001
    231.34378   1.21988238E+001
    231.39713   1.22239779E+001
    231.45048   1.22486551E+001
    231.50383   1.22728564E+001
    231.55719   1.22965829E+001
    231.61054   1.23198356E+001
    231.66389   1.23426156E+001
    231.71724   1.23649240E+001
    231.77059   1.23867619E+001
    231.82394   1.24081306E+001
    231.87729   1.24290311E+001
    231.93064   1.24494646E+001
    231.98399   1.24694325E+001
    232.03735   1.24889359E+001
    232.09070   1.25079761E+001
    232.14405   1.25265544E+001
    232.19740   1.25446720E+001
    232.25075   1.25623304E+001
    232.30410   1.25795308E+001
    232.35745   1.25962747E+001
    232.41080   1.26125634E+001
    232.46415   1.26283984E+001
    232.51751   1.26437810E+001
    232.57086   1.26587127E+001
    232.62421   1.26731950E+001
    232.67756   1.26872295E+001
    232.73091   1.27008175E+001
    232.78426   1.27139606E+001
    232.83761   1.27266604E+001
    232.89096   1.27389184E+001
    232.94431   1.27507363E+001
    232.99767   1.27621155E+001
    233.05102   1.27730578E+001
    233.10437   1.27835648E+001
    233.15772   1.27936381E+001
    233.21107   1.28032795E+001
    233.26442   1.28124905E+001
    233.31777   1.28212729E+001
    233.37112   1.28296284E+001
    233.42447   1.28375588E+001
    233.47783   1.28450657E+001
    233.53118   1.28521511E+001
    233.58453   1.28588166E+001
    233.63788   1.28650641E+001
    233.69123   1.28708954E+001
    233.74458   1.28763123E+001
    233.79793   1.28813167E+001
    233.85128   1.28859103E+001
    233.90463   1.28900952E+001
    233.95799   1.28938731E+001
    234.01134   1.28972460E+001
    234.06469   1.29002158E+001
    234.11804   1.29027845E+001
    234.17139   1.29049539E+001
    234.22474   1.29067260E+001
    234.27809   1.29081028E+001
    234.33144   1.29090863E+001
    234.38479   1.29096784E+001
    234.43815   1.29098812E+001
    234.49150   1.29096967E+001
    234.54485   1.29091269E+001
    234.59820   1.29081739E+001
    234.65155   1.29068396E+001
    234.70490   1.29051262E+001
    234.75825   1.29030357E+001
    234.81160   1.29005702E+001
    234.86495   1.28977318E+001
    234.91831   1.28945226E+001
    234.97166   1.28909447E+001
    235.02501   1.28870002E+001
    235.07836   1.28826914E+001
    235.13171   1.28780202E+001
    235.18506   1.28729888E+001
    235.23841   1.28675995E+001
    235.29176   1.28618543E+001
    235.34512   1.28557555E+001
    235.39847   1.28493052E+001
    235.45182   1.28425056E+001
    235.50517   1.28353590E+001
    235.55852   1.28278674E+001
    235.61187   1.28200332E+001
    235.66522   1.28118586E+001
    235.71857   1.28033457E+001
    235.77192   1.27944968E+001
    235.82528   1.27853142E+001
    235.87863   1.27758000E+001
    235.93198   1.27659566E+001
    235.98533   1.27557863E+001
    236.03868   1.27452911E+001
    236.09203   1.27344735E+001
    236.14538   1.27233357E+001
    236.19873   1.27118800E+001
    236.25208   1.27001087E+001
    236.30544   1.26880240E+001
    236.35879   1.26756282E+001
    236.41214   1.26629237E+001
    236.46549   1.26499128E+001
    236.51884   1.26365977E+001
    236.57219   1.26229807E+001
    236.62554   1.26090642E+001
    236.67889   1.25948504E+001
    236.73224   1.25803418E+001
    236.78560   1.25655406E+001
    236.83895   1.25504491E+001
    236.89230   1.25350697E+001
    236.94565   1.25194047E+001
    236.99900   1.25034564E+001
    237.05235   1.24872271E+001
    237.10570   1.24707192E+001
    237.15905   1.24539351E+001
    237.21240   1.24368770E+001
    237.26576   1.24195473E+001
    237.31911   1.24019484E+001
    237.37246   1.23840825E+001
    237.42581   1.23659520E+001
    237.47916   1.23475593E+001
    237.53251   1.23289067E+001
    237.58586   1.23099965E+001
    237.63921   1.22908311E+001
    237.69256   1.22714128E+001
    237.74592   1.22517440E+001
    237.79927   1.22318270E+001
    237.85262   1.22116641E+001
    237.90597   1.21912577E+001
    237.95932   1.21706101E+001
    238.01267   1.21497237E+001
    238.06602   1.21286008E+001
    238.11937   1.21072437E+001
    238.17272   1.20856547E+001
    238.22608   1.20638363E+001
    238.27943   1.20417907E+001
    238.33278   1.20195202E+001
    238.38613   1.19970272E+001
    238.43948   1.19743139E+001
    238.49283   1.19513828E+001
    238.54618   1.19282361E+001
    238.59953   1.19048762E+001
    238.65288   1.18813053E+001
    238.70624   1.18575258E+001
    238.75959   1.18335399E+001
    238.81294   1.18093500E+001
    238.86629   1.17849584E+001
    238.91964   1.17603674E+001
    238.97299   1.17355791E+001
    239.02634   1.17105961E+001
    239.07969   1.16854204E+001
    239.13304   1.16600545E+001
    239.18640   1.16345005E+001
    239.23975   1.16087607E+001
    239.29310   1.15828375E+001
    239.34645   1.15567330E+001
    239.39980   1.15304496E+001
    239.45315   1.15039894E+001
    239.50650   1.14773547E+001
    239.55985   1.14505478E+001
    239.61320   1.14235709E+001
    239.66656   1.13964262E+001
    239.71991   1.13691159E+001
    239.77326   1.13416424E+001
    239.82661   1.13140076E+001
    239.87996   1.12862140E+001
    239.93331   1.12582636E+001
    239.98666   1.12301587E+001
    240.04001   1.12019015E+001
    240.09336   1.11734941E+001
    240.14672   1.11449387E+001
    240.20007   1.11162374E+001
    240.25342   1.10873926E+001
    240.30677   1.10584062E+001
    240.36012   1.10292805E+001
    240.41347   1.10000175E+001
    240.46682   1.09706195E+001
    240.52017   1.09410885E+001
    240.57352   1.09114267E+001
    240.62688   1.08816361E+001
    240.68023   1.08517190E+001
    240.73358   1.08216773E+001
    240.78693   1.07915131E+001
    240.84028   1.07612286E+001
    240.89363   1.07308258E+001
    240.94698   1.07003068E+001
    241.00033   1.06696737E+001
    241.05368   1.06389284E+001
    241.10704   1.06080730E+001
    241.16039   1.05771096E+001
    241.21374   1.05460402E+001
    241.26709   1.05148668E+001
    241.32044   1.04835914E+001
    241.37379   1.04522160E+001
    241.42714   1.04207426E+001
    241.48049   1.03891731E+001
    241.53384   1.03575097E+001
    241.58720   1.03257541E+001
    241.64055   1.02939083E+001
    241.69390   1.02619744E+001
    241.74725   1.02299543E+001
    241.80060   1.01978498E+001
    241.85395   1.01656629E+001
    241.90730   1.01333955E+001
    241.96065   1.01010495E+001
    242.01400   1.00686267E+001
    242.06736   1.00361292E+001
    242.12071   1.00035587E+001
    242.17406   9.97091704E+000
    242.22741   9.93820618E+000
    242.28076   9.90542790E+000
    242.33411   9.87258405E+000
    242.38746   9.83967645E+000
    242.44081   9.80670691E+000
    242.49416   9.77367723E+000
    242.54752   9.74058920E+000
    242.60087   9.70744461E+000
    242.65422   9.67424523E+000
    242.70757   9.64099282E+000
    242.76092   9.60768914E+000
    242.81427   9.57433592E+000
    242.86762   9.54093490E+000
    242.92097   9.50748780E+000
    242.97432   9.47399633E+000
    243.02768   9.44046220E+000
    243.08103   9.40688709E+000
    243.13438   9.37327268E+000
    243.18773   9.33962064E+000
    243.24108   9.30593264E+000
    243.29443   9.27221031E+000
    243.34778   9.23845531E+000
    243.40113   9.20466926E+000
    243.45448   9.17085377E+000
    243.50784   9.13701045E+000
    243.56119   9.10314090E+000
    243.61454   9.06924670E+000
    243.66789   9.03532943E+000
    243.72124   9.00139065E+000
    243.77459   8.96743192E+000
    243.82794   8.93345477E+000
    243.88129   8.89946074E+000
    243.93464   8.86545135E+000
    243.98800   8.83142811E+000
    244.04135   8.79739252E+000
    244.09470   8.76334607E+000
    244.14805   8.72929023E+000
    244.20140   8.69522647E+000
    244.25475   8.66115625E+000
    244.30810   8.62708101E+000
    244.36145   8.59300218E+000
    244.41480   8.55892120E+000
    244.46816   8.52483947E+000
    244.52151   8.49075839E+000
    244.57486   8.45667935E+000
    244.62821   8.42260373E+000
    244.68156   8.38853291E+000
    244.73491   8.35446823E+000
    244.78826   8.32041105E+000
    244.84161   8.28636270E+000
    244.89496   8.25232450E+000
    244.94832   8.21829777E+000
    245.00167   8.18428381E+000
    245.05502   8.15028392E+000
    245.10837   8.11629937E+000
    245.16172   8.08233143E+000
    245.21507   8.04838136E+000
    245.26842   8.01445042E+000
    245.32177   7.98053983E+000
    245.37513   7.94665083E+000
    245.42848   7.91278463E+000
    245.48183   7.87894243E+000
    245.53518   7.84512542E+000
    245.58853   7.81133480E+000
    245.64188   7.77757173E+000
    245.69523   7.74383737E+000
    245.74858   7.71013287E+000
    245.80193   7.67645937E+000
    245.85529   7.64281800E+000
    245.90864   7.60920988E+000
    245.96199   7.57563612E+000
    246.01534   7.54209780E+000
    246.06869   7.50859602E+000
    246.12204   7.47513185E+000
    246.17539   7.44170635E+000
    246.22874   7.40832058E+000
    246.28209   7.37497558E+000
    246.33545   7.34167238E+000
    246.38880   7.30841200E+000
    246.44215   7.27519545E+000
    246.49550   7.24202373E+000
    246.54885   7.20889784E+000
    246.60220   7.17581874E+000
    246.65555   7.14278742E+000
    246.70890   7.10980482E+000
    246.76225   7.07687189E+000
    246.81561   7.04398958E+000
    246.86896   7.01115880E+000
    246.92231   6.97838048E+000
    246.97566   6.94565551E+000
    247.02901   6.91298480E+000
    247.08236   6.88036923E+000
    247.13571   6.84780967E+000
    247.18906   6.81530699E+000
    247.24241   6.78286204E+000
    247.29577   6.75047567E+000
    247.34912   6.71814871E+000
    247.40247   6.68588199E+000
    247.45582   6.65367632E+000
    247.50917   6.62153249E+000
    247.56252   6.58945132E+000
    247.61587   6.55743358E+000
    247.66922   6.52548004E+000
    247.72257   6.49359146E+000
    247.77593   6.46176862E+000
    247.82928   6.43001223E+000
    247.88263   6.39832305E+000
    247.93598   6.36670180E+000
    247.98933   6.33514919E+000
    248.04268   6.30366592E+000
    248.09603   6.27225269E+000
    248.14938   6.24091020E+000
    248.20273   6.20963911E+000
    248.25609   6.17844009E+000
    248.30944   6.14731380E+000
    248.36279   6.11626088E+000
    248.41614   6.08528199E+000
    248.46949   6.05437774E+000
    248.52284   6.02354875E+000
    248.57619   5.99279564E+000
    248.62954   5.96211901E+000
    248.68289   5.93151945E+000
    248.73625   5.90099754E+000
    248.78960   5.87055387E+000
    248.84295   5.84018898E+000
    248.89630   5.80990344E+000
    248.94965   5.77969780E+000
    249.00300   5.74957259E+000
    249.05635   5.71952835E+000
    249.10970   5.68956559E+000
    249.16305   5.65968482E+000
    249.21641   5.62988656E+000
    249.26976   5.60017128E+000
    249.32311   5.57053949E+000
    249.37646   5.54099165E+000
    249.42981   5.51152823E+000
    249.48316   5.48214970E+000
    249.53651   5.45285650E+000
    249.58986   5.42364908E+000
    249.64321   5.39452787E+000
    249.69657   5.36549330E+000
    249.74992   5.33654579E+000
    249.80327   5.30768575E+000
    249.85662   5.27891358E+000
    249.90997   5.25022966E+000
    249.96332   5.22163440E+000
    250.01667   5.19312816E+000
    250.07002   5.16471132E+000
    250.12337   5.13638423E+000
    250.17673   5.10814726E+000
    250.23008   5.08000074E+000
    250.28343   5.05194502E+000
    250.33678   5.02398042E+000
    250.39013   4.99610727E+000
    250.44348   4.96832588E+000
    250.49683   4.94063656E+000
    250.55018   4.91303961E+000
    250.60353   4.88553533E+000
    250.65689   4.85812400E+000
    250.71024   4.83080589E+000
    250.76359   4.80358128E+000
    250.81694   4.77645042E+000
    250.87029   4.74941359E+000
    250.92364   4.72247102E+000
    250.97699   4.69562295E+000
    251.03034   4.66886963E+000
    251.08369   4.64221127E+000
    251.13705   4.61564810E+000
    251.19040   4.58918034E+000
    251.24375   4.56280819E+000
    251.29710   4.53653184E+000
    251.35045   4.51035150E+000
    251.40380   4.48426735E+000
    251.45715   4.45827957E+000
    251.51050   4.43238834E+000
    251.56385   4.40659381E+000
    251.61721   4.38089615E+000
    251.67056   4.35529552E+000
    251.72391   4.32979206E+000
    251.77726   4.30438591E+000
    251.83061   4.27907721E+000
    251.88396   4.25386609E+000
    251.93731   4.22875267E+000
    251.99066   4.20373706E+000
    252.04401   4.17881938E+000
    252.09737   4.15399972E+000
    252.15072   4.12927820E+000
    252.20407   4.10465489E+000
    252.25742   4.08012989E+000
    252.31077   4.05570328E+000
    252.36412   4.03137513E+000
    252.41747   4.00714551E+000
    252.47082   3.98301448E+000
    252.52417   3.95898211E+000
    252.57753   3.93504844E+000
    252.63088   3.91121352E+000
    252.68423   3.88747739E+000
    252.73758   3.86384009E+000
    252.79093   3.84030165E+000
    252.84428   3.81686209E+000
    252.89763   3.79352143E+000
    252.95098   3.77027969E+000
    253.00433   3.74713687E+000
    253.05769   3.72409299E+000
    253.11104   3.70114804E+000
    253.16439   3.67830201E+000
    253.21774   3.65555489E+000
    253.27109   3.63290667E+000
    253.32444   3.61035733E+000
    253.37779   3.58790684E+000
    253.43114   3.56555517E+000
    253.48449   3.54330229E+000
    253.53785   3.52114815E+000
    253.59120   3.49909272E+000
    253.64455   3.47713594E+000
    253.69790   3.45527776E+000
    253.75125   3.43351812E+000
    253.80460   3.41185696E+000
    253.85795   3.39029421E+000
    253.91130   3.36882981E+000
    253.96465   3.34746367E+000
    254.01801   3.32619572E+000
    254.07136   3.30502587E+000
    254.12471   3.28395404E+000
    254.17806   3.26298014E+000
    254.23141   3.24210405E+000
    254.28476   3.22132570E+000
    254.33811   3.20064497E+000
    254.39146   3.18006176E+000
    254.44481   3.15957594E+000
    254.49817   3.13918742E+000
    254.55152   3.11889606E+000
    254.60487   3.09870175E+000
    254.65822   3.07860435E+000
    254.71157   3.05860375E+000
    254.76492   3.03869979E+000
    254.81827   3.01889236E+000
    254.87162   2.99918129E+000
    254.92497   2.97956646E+000
    254.97833   2.96004770E+000
    255.03168   2.94062488E+000
    255.08503   2.92129783E+000
    255.13838   2.90206640E+000
    255.19173   2.88293042E+000
    255.24508   2.86388973E+000
    255.29843   2.84494417E+000
    255.35178   2.82609356E+000
    255.40514   2.80733773E+000
    255.45849   2.78867649E+000
    255.51184   2.77010968E+000
    255.56519   2.75163711E+000
    255.61854   2.73325859E+000
    255.67189   2.71497393E+000
    255.72524   2.69678295E+000
    255.77859   2.67868544E+000
    255.83194   2.66068122E+000
    255.88530   2.64277007E+000
    255.93865   2.62495180E+000
    255.99200   2.60722621E+000
    256.04535   2.58959308E+000
    256.09870   2.57205220E+000
    256.15205   2.55460337E+000
    256.20540   2.53724637E+000
    256.25875   2.51998097E+000
    256.31210   2.50280697E+000
    256.36546   2.48572413E+000
    256.41881   2.46873223E+000
    256.47216   2.45183105E+000
    256.52551   2.43502036E+000
    256.57886   2.41829992E+000
    256.63221   2.40166950E+000
    256.68556   2.38512887E+000
    256.73891   2.36867778E+000
    256.79226   2.35231600E+000
    256.84562   2.33604329E+000
    256.89897   2.31985940E+000
    256.95232   2.30376409E+000
    257.00567   2.28775710E+000
    257.05902   2.27183819E+000
    257.11237   2.25600711E+000
    257.16572   2.24026360E+000
    257.21907   2.22460741E+000
    257.27242   2.20903829E+000
    257.32578   2.19355597E+000
    257.37913   2.17816019E+000
    257.43248   2.16285069E+000
    257.48583   2.14762721E+000
    257.53918   2.13248948E+000
    257.59253   2.11743724E+000
    257.64588   2.10247022E+000
    257.69923   2.08758815E+000
    257.75258   2.07279075E+000
    257.80594   2.05807776E+000
    257.85929   2.04344890E+000
    257.91264   2.02890390E+000
    257.96599   2.01444248E+000
    258.01934   2.00006437E+000
    258.07269   1.98576927E+000
    258.12604   1.97155693E+000
    258.17939   1.95742704E+000
    258.23274   1.94337933E+000
    258.28610   1.92941352E+000
    258.33945   1.91552932E+000
    258.39280   1.90172645E+000
    258.44615   1.88800461E+000
    258.49950   1.87436353E+000
    258.55285   1.86080290E+000
    258.60620   1.84732245E+000
    258.65955   1.83392188E+000
    258.71290   1.82060090E+000
    258.76626   1.80735922E+000
    258.81961   1.79419654E+000
    258.87296   1.78111257E+000
    258.92631   1.76810701E+000
    258.97966   1.75517957E+000
    259.03301   1.74232996E+000
    259.08636   1.72955787E+000
    259.13971   1.71686300E+000
    259.19306   1.70424506E+000
    259.24642   1.69170376E+000
    259.29977   1.67923878E+000
    259.35312   1.66684982E+000
    259.40647   1.65453660E+000
    259.45982   1.64229880E+000
    259.51317   1.63013612E+000
    259.56652   1.61804827E+000
    259.61987   1.60603493E+000
    259.67322   1.59409581E+000
    259.72658   1.58223059E+000
    259.77993   1.57043899E+000
    259.83328   1.55872068E+000
    259.88663   1.54707537E+000
    259.93998   1.53550275E+000
    259.99333   1.52400251E+000
    260.04668   1.51257435E+000
    260.10003   1.50121797E+000
    260.15338   1.48993305E+000
    260.20674   1.47871929E+000
    260.26009   1.46757638E+000
    260.31344   1.45650401E+000
    260.36679   1.44550189E+000
    260.42014   1.43456969E+000
    260.47349   1.42370711E+000
    260.52684   1.41291385E+000
    260.58019   1.40218959E+000
    260.63354   1.39153404E+000
    260.68690   1.38094687E+000
    260.74025   1.37042779E+000
    260.79360   1.35997648E+000
    260.84695   1.34959264E+000
    260.90030   1.33927595E+000
    260.95365   1.32902612E+000
    261.00700   1.31884283E+000
    261.06035   1.30872578E+000
    261.11370   1.29867465E+000
    261.16706   1.28868915E+000
    261.22041   1.27876895E+000
    261.27376   1.26891377E+000
    261.32711   1.25912328E+000
    261.38046   1.24939718E+000
    261.43381   1.23973517E+000
    261.48716   1.23013693E+000
    261.54051   1.22060217E+000
    261.59386   1.21113057E+000
    261.64722   1.20172184E+000
    261.70057   1.19237565E+000
    261.75392   1.18309172E+000
    261.80727   1.17386974E+000
    261.86062   1.16470939E+000
    261.91397   1.15561038E+000
    261.96732   1.14657240E+000
    262.02067   1.13759515E+000
    262.07402   1.12867832E+000
    262.12738   1.11982162E+000
    262.18073   1.11102474E+000
    262.23408   1.10228738E+000
    262.28743   1.09360923E+000
    262.34078   1.08499000E+000
    262.39413   1.07642939E+000
    262.44748   1.06792709E+000
    262.50083   1.05948281E+000
    262.55418   1.05109624E+000
    262.60754   1.04276710E+000
    262.66089   1.03449507E+000
    262.71424   1.02627986E+000
    262.76759   1.01812118E+000
    262.82094   1.01001873E+000
    262.87429   1.00197222E+000
    262.92764   9.93981336E-001
    262.98099   9.86045800E-001
    263.03434   9.78165312E-001
    263.08770   9.70339580E-001
    263.14105   9.62568311E-001
    263.19440   9.54851211E-001
    263.24775   9.47187991E-001
    263.30110   9.39578358E-001
    263.35445   9.32022022E-001
    263.40780   9.24518694E-001
    263.46115   9.17068084E-001
    263.51450   9.09669905E-001
    263.56786   9.02323869E-001
    263.62121   8.95029688E-001
    263.67456   8.87787078E-001
    263.72791   8.80595751E-001
    263.78126   8.73455424E-001
    263.83461   8.66365812E-001
    263.88796   8.59326633E-001
    263.94131   8.52337604E-001
    263.99466   8.45398442E-001
    264.04802   8.38508868E-001
    264.10137   8.31668600E-001
    264.15472   8.24877360E-001
    264.20807   8.18134869E-001
    264.26142   8.11440849E-001
    264.31477   8.04795023E-001
    264.36812   7.98197115E-001
    264.42147   7.91646850E-001
    264.47482   7.85143953E-001
    264.52818   7.78688150E-001
    264.58153   7.72279168E-001
    264.63488   7.65916736E-001
    264.68823   7.59600583E-001
    264.74158   7.53330437E-001
    264.79493   7.47106030E-001
    264.84828   7.40927093E-001
    264.90163   7.34793358E-001
    264.95498   7.28704559E-001
    265.00834   7.22660429E-001
    265.06169   7.16660703E-001
    265.11504   7.10705118E-001
    265.16839   7.04793410E-001
    265.22174   6.98925317E-001
    265.27509   6.93100577E-001
    265.32844   6.87318930E-001
    265.38179   6.81580116E-001
    265.43515   6.75883877E-001
    265.48850   6.70229954E-001
    265.54185   6.64618092E-001
    265.59520   6.59048033E-001
    265.64855   6.53519524E-001
    265.70190   6.48032309E-001
    265.75525   6.42586137E-001
    265.80860   6.37180755E-001
    265.86195   6.31815911E-001
    265.91531   6.26491356E-001
    265.96866   6.21206841E-001
    266.02201   6.15962116E-001
    266.07536   6.10756935E-001
    266.12871   6.05591052E-001
    266.18206   6.00464221E-001
    266.23541   5.95376197E-001
    266.28876   5.90326738E-001
    266.34211   5.85315601E-001
    266.39547   5.80342544E-001
    266.44882   5.75407326E-001
    266.50217   5.70509710E-001
    266.55552   5.65649455E-001
    266.60887   5.60826324E-001
    266.66222   5.56040081E-001
    266.71557   5.51290491E-001
    266.76892   5.46577319E-001
    266.82227   5.41900330E-001
    266.87563   5.37259294E-001
    266.92898   5.32653977E-001
    266.98233   5.28084151E-001
    267.03568   5.23549584E-001
    267.08903   5.19050049E-001
    267.14238   5.14585318E-001
    267.19573   5.10155165E-001
    267.24908   5.05759364E-001
    267.30243   5.01397690E-001
    267.35579   4.97069921E-001
    267.40914   4.92775832E-001
    267.46249   4.88515205E-001
    267.51584   4.84287816E-001
    267.56919   4.80093448E-001
    267.62254   4.75931882E-001
    267.67589   4.71802900E-001
    267.72924   4.67706286E-001
    267.78259   4.63641824E-001
    267.83595   4.59609301E-001
    267.88930   4.55608502E-001
    267.94265   4.51639215E-001
    267.99600   4.47701230E-001
    268.04935   4.43794335E-001
    268.10270   4.39918322E-001
    268.15605   4.36072981E-001
    268.20940   4.32258106E-001
    268.26275   4.28473491E-001
    268.31611   4.24718930E-001
    268.36946   4.20994218E-001
    268.42281   4.17299154E-001
    268.47616   4.13633533E-001
    268.52951   4.09997156E-001
    268.58286   4.06389821E-001
    268.63621   4.02811330E-001
    268.68956   3.99261484E-001
    268.74291   3.95740086E-001
    268.79627   3.92246941E-001
    268.84962   3.88781851E-001
    268.90297   3.85344625E-001
    268.95632   3.81935067E-001
    269.00967   3.78552987E-001
    269.06302   3.75198192E-001
    269.11637   3.71870493E-001
    269.16972   3.68569700E-001
    269.22307   3.65295625E-001
    269.27643   3.62048081E-001
    269.32978   3.58826881E-001
    269.38313   3.55631841E-001
    269.43648   3.52462775E-001
    269.48983   3.49319502E-001
    269.54318   3.46201837E-001
    269.59653   3.43109601E-001
    269.64988   3.40042612E-001
    269.70323   3.37000692E-001
    269.75659   3.33983661E-001
    269.80994   3.30991343E-001
    269.86329   3.28023561E-001
    269.91664   3.25080140E-001
    269.96999   3.22160904E-001
    270.02334   3.19265681E-001
    270.07669   3.16394298E-001
    270.13004   3.13546583E-001
    270.18339   3.10722366E-001
    270.23675   3.07921477E-001
    270.29010   3.05143747E-001
    270.34345   3.02389008E-001
    270.39680   2.99657093E-001
    270.45015   2.96947838E-001
    270.50350   2.94261076E-001
    270.55685   2.91596643E-001
    270.61020   2.88954377E-001
    270.66355   2.86334116E-001
    270.71691   2.83735698E-001
    270.77026   2.81158963E-001
    270.82361   2.78603752E-001
    270.87696   2.76069905E-001
    270.93031   2.73557267E-001
    270.98366   2.71065680E-001
    271.03701   2.68594989E-001
    271.09036   2.66145038E-001
    271.14371   2.63715675E-001
    271.19707   2.61306746E-001
    271.25042   2.58918099E-001
    271.30377   2.56549583E-001
    271.35712   2.54201049E-001
    271.41047   2.51872346E-001
    271.46382   2.49563326E-001
    271.51717   2.47273843E-001
    271.57052   2.45003749E-001
    271.62387   2.42752898E-001
    271.67723   2.40521146E-001
    271.73058   2.38308349E-001
    271.78393   2.36114364E-001
    271.83728   2.33939049E-001
    271.89063   2.31782262E-001
    271.94398   2.29643863E-001
    271.99733   2.27523712E-001
    272.05068   2.25421671E-001
    272.10403   2.23337602E-001
    272.15739   2.21271368E-001
    272.21074   2.19222832E-001
    272.26409   2.17191861E-001
    272.31744   2.15178318E-001
    272.37079   2.13182071E-001
    272.42414   2.11202986E-001
    272.47749   2.09240933E-001
    272.53084   2.07295779E-001
    272.58419   2.05367395E-001
    272.63755   2.03455651E-001
    272.69090   2.01560419E-001
    272.74425   1.99681570E-001
    272.79760   1.97818979E-001
    272.85095   1.95972519E-001
    272.90430   1.94142064E-001
    272.95765   1.92327490E-001
    273.01100   1.90528674E-001
    273.06435   1.88745492E-001
    273.11771   1.86977822E-001
    273.17106   1.85225544E-001
    273.22441   1.83488536E-001
    273.27776   1.81766680E-001
    273.33111   1.80059855E-001
    273.38446   1.78367944E-001
    273.43781   1.76690830E-001
    273.49116   1.75028395E-001
    273.54451   1.73380525E-001
    273.59787   1.71747104E-001
    273.65122   1.70128018E-001
    273.70457   1.68523153E-001
    273.75792   1.66932396E-001
    273.81127   1.65355636E-001
    273.86462   1.63792761E-001
    273.91797   1.62243661E-001
    273.97132   1.60708227E-001
    274.02467   1.59186348E-001
    274.07803   1.57677916E-001
    274.13138   1.56182825E-001
    274.18473   1.54700968E-001
    274.23808   1.53232237E-001
    274.29143   1.51776528E-001
    274.34478   1.50333737E-001
    274.39813   1.48903759E-001
    274.45148   1.47486491E-001
    274.50483   1.46081831E-001
    274.55819   1.44689676E-001
    274.61154   1.43309926E-001
    274.66489   1.41942480E-001
    274.71824   1.40587239E-001
    274.77159   1.39244103E-001
    274.82494   1.37912975E-001
    274.87829   1.36593756E-001
    274.93164   1.35286350E-001
    274.98499   1.33990660E-001
    275.03835   1.32706591E-001
    275.09170   1.31434048E-001
    275.14505   1.30172937E-001
    275.19840   1.28923163E-001
    275.25175   1.27684634E-001
    275.30510   1.26457258E-001
    275.35845   1.25240943E-001
    275.41180   1.24035599E-001
    275.46516   1.22841134E-001
    275.51851   1.21657459E-001
    275.57186   1.20484485E-001
    275.62521   1.19322124E-001
    275.67856   1.18170288E-001
    275.73191   1.17028890E-001
    275.78526   1.15897843E-001
    275.83861   1.14777061E-001
    275.89196   1.13666459E-001
    275.94532   1.12565953E-001
    275.99867   1.11475458E-001
    276.05202   1.10394891E-001
    276.10537   1.09324169E-001
    276.15872   1.08263210E-001
    276.21207   1.07211932E-001
    276.26542   1.06170254E-001
    276.31877   1.05138096E-001
    276.37212   1.04115378E-001
    276.42548   1.03102021E-001
    276.47883   1.02097946E-001
    276.53218   1.01103074E-001
    276.58553   1.00117329E-001
    276.63888   9.91406333E-002
    276.69223   9.81729107E-002
    276.74558   9.72140853E-002
    276.79893   9.62640818E-002
    276.85228   9.53228256E-002
    276.90564   9.43902425E-002
    276.95899   9.34662590E-002
    277.01234   9.25508021E-002
    277.06569   9.16437991E-002
    277.11904   9.07451783E-002
    277.17239   8.98548681E-002
    277.22574   8.89727978E-002
    277.27909   8.80988969E-002
    277.33244   8.72330958E-002
    277.38580   8.63753250E-002
    277.43915   8.55255160E-002
    277.49250   8.46836004E-002
    277.54585   8.38495105E-002
    277.59920   8.30231791E-002
    277.65255   8.22045396E-002
    277.70590   8.13935258E-002
    277.75925   8.05900720E-002
    277.81260   7.97941131E-002
    277.86596   7.90055843E-002
    277.91931   7.82244215E-002
    277.97266   7.74505610E-002
    278.02601   7.66839397E-002
    278.07936   7.59244948E-002
    278.13271   7.51721641E-002
    278.18606   7.44268858E-002
    278.23941   7.36885988E-002
    278.29276   7.29572422E-002
    278.34612   7.22327557E-002
    278.39947   7.15150795E-002
    278.45282   7.08041542E-002
    278.50617   7.00999208E-002
    278.55952   6.94023209E-002
    278.61287   6.87112966E-002
    278.66622   6.80267902E-002
    278.71957   6.73487447E-002
    278.77292   6.66771034E-002
    278.82628   6.60118101E-002
    278.87963   6.53528090E-002
    278.93298   6.47000450E-002
    278.98633   6.40534629E-002
    279.03968   6.34130085E-002
    279.09303   6.27786276E-002
    279.14638   6.21502668E-002
    279.19973   6.15278727E-002
    279.25308   6.09113928E-002
    279.30644   6.03007745E-002
    279.35979   5.96959662E-002
    279.41314   5.90969162E-002
    279.46649   5.85035734E-002
    279.51984   5.79158873E-002
    279.57319   5.73338075E-002
    279.62654   5.67572841E-002
    279.67989   5.61862678E-002
    279.73324   5.56207094E-002
    279.78660   5.50605602E-002
    279.83995   5.45057720E-002
    279.89330   5.39562969E-002
    279.94665   5.34120874E-002
    280.00000   5.28730963E-002
